Date,Boys,Girls,Total
2010-01-01,198,172,370
2010-01-02,141,130,271
2010-01-03,118,121,239
2010-01-04,178,171,349
2010-01-05,190,150,340
2010-01-06,170,168,338
2010-01-07,151,161,312
2010-01-08,154,132,286
2010-01-09,142,127,269
2010-01-10,164,154,318
2010-01-11,161,161,322
2010-01-12,173,163,336
2010-01-13,141,147,288
2010-01-14,170,138,308
2010-01-15,128,129,257
2010-01-16,155,150,305
2010-01-17,150,114,264
2010-01-18,190,123,313
2010-01-19,144,125,269
2010-01-20,153,171,324
2010-01-21,155,146,301
2010-01-22,129,136,265
2010-01-23,147,128,275
2010-01-24,114,99,213
2010-01-25,176,126,302
2010-01-26,152,120,272
2010-01-27,151,130,281
2010-01-28,139,122,261
2010-01-29,148,142,290
2010-01-30,134,138,272
2010-01-31,132,115,247
2010-02-01,149,142,291
2010-02-02,152,126,278
2010-02-03,186,127,313
2010-02-04,135,131,266
2010-02-05,162,131,293
2010-02-06,139,128,267
2010-02-07,112,114,226
2010-02-08,147,133,280
2010-02-09,139,133,272
2010-02-10,165,147,312
2010-02-11,146,123,269
2010-02-12,156,153,309
2010-02-13,144,125,269
2010-02-14,119,132,251
2010-02-15,146,166,312
2010-02-16,145,149,294
2010-02-17,152,142,294
2010-02-18,142,143,285
2010-02-19,147,134,281
2010-02-20,126,111,237
2010-02-21,112,116,228
2010-02-22,145,133,278
2010-02-23,132,131,263
2010-02-24,153,179,332
2010-02-25,132,143,275
2010-02-26,143,128,271
2010-02-27,152,104,256
2010-02-28,93,98,191
2010-03-01,148,149,297
2010-03-02,145,136,281
2010-03-03,151,184,335
2010-03-04,133,132,265
2010-03-05,143,143,286
2010-03-06,126,136,262
2010-03-07,139,100,239
2010-03-08,155,149,304
2010-03-09,134,115,249
2010-03-10,154,147,301
2010-03-11,142,115,257
2010-03-12,146,113,259
2010-03-13,115,106,221
2010-03-14,91,97,188
2010-03-15,129,115,244
2010-03-16,132,131,263
2010-03-17,142,130,272
2010-03-18,142,114,256
2010-03-19,123,116,239
2010-03-20,114,120,234
2010-03-21,131,92,223
2010-03-22,150,131,281
2010-03-23,119,127,246
2010-03-24,145,136,281
2010-03-25,131,115,246
2010-03-26,143,122,265
2010-03-27,131,124,255
2010-03-28,118,86,204
2010-03-29,125,130,255
2010-03-30,125,126,251
2010-03-31,124,117,241
2010-04-01,146,125,271
2010-04-02,115,127,242
2010-04-03,114,108,222
2010-04-04,121,106,227
2010-04-05,162,128,290
2010-04-06,142,121,263
2010-04-07,146,120,266
2010-04-08,160,107,267
2010-04-09,155,136,291
2010-04-10,135,123,258
2010-04-11,113,108,221
2010-04-12,146,121,267
2010-04-13,138,122,260
2010-04-14,127,139,266
2010-04-15,164,148,312
2010-04-16,151,141,292
2010-04-17,151,124,275
2010-04-18,120,114,234
2010-04-19,169,170,339
2010-04-20,173,130,303
2010-04-21,158,147,305
2010-04-22,162,169,331
2010-04-23,147,155,302
2010-04-24,155,134,289
2010-04-25,134,105,239
2010-04-26,149,148,297
2010-04-27,109,106,215
2010-04-28,159,119,278
2010-04-29,153,141,294
2010-04-30,150,130,280
2010-05-01,145,148,293
2010-05-02,148,130,278
2010-05-03,143,128,271
2010-05-04,146,137,283
2010-05-05,183,146,329
2010-05-06,168,166,334
2010-05-07,130,127,257
2010-05-08,119,134,253
2010-05-09,136,126,262
2010-05-10,161,199,360
2010-05-11,151,150,301
2010-05-12,179,153,332
2010-05-13,155,123,278
2010-05-14,176,143,319
2010-05-15,150,140,290
2010-05-16,152,125,277
2010-05-17,158,135,293
2010-05-18,140,148,288
2010-05-19,158,133,291
2010-05-20,150,138,288
2010-05-21,139,122,261
2010-05-22,146,132,278
2010-05-23,118,94,212
2010-05-24,153,138,291
2010-05-25,151,125,276
2010-05-26,170,158,328
2010-05-27,174,141,315
2010-05-28,154,133,287
2010-05-29,131,112,243
2010-05-30,117,118,235
2010-05-31,155,143,298
2010-06-01,160,166,326
2010-06-02,189,153,342
2010-06-03,151,138,289
2010-06-04,174,150,324
2010-06-05,148,142,290
2010-06-06,144,122,266
2010-06-07,155,158,313
2010-06-08,168,145,313
2010-06-09,173,156,329
2010-06-10,174,166,340
2010-06-11,152,157,309
2010-06-12,148,137,285
2010-06-13,104,105,209
2010-06-14,156,132,288
2010-06-15,142,164,306
2010-06-16,171,145,316
2010-06-17,173,175,348
2010-06-18,152,173,325
2010-06-19,150,145,295
2010-06-20,118,134,252
2010-06-21,172,165,337
2010-06-22,176,142,318
2010-06-23,175,146,321
2010-06-24,140,159,299
2010-06-25,175,166,341
2010-06-26,151,139,290
2010-06-27,152,116,268
2010-06-28,171,176,347
2010-06-29,161,145,306
2010-06-30,154,181,335
2010-07-01,160,150,310
2010-07-02,176,149,325
2010-07-03,160,163,323
2010-07-04,139,138,277
2010-07-05,136,126,262
2010-07-06,156,137,293
2010-07-07,197,169,366
2010-07-08,170,157,327
2010-07-09,177,162,339
2010-07-10,175,184,359
2010-07-11,143,119,262
2010-07-12,199,205,404
2010-07-13,184,161,345
2010-07-14,190,181,371
2010-07-15,165,176,341
2010-07-16,163,172,335
2010-07-17,168,158,326
2010-07-18,147,146,293
2010-07-19,163,176,339
2010-07-20,191,193,384
2010-07-21,193,169,362
2010-07-22,183,161,344
2010-07-23,182,165,347
2010-07-24,165,164,329
2010-07-25,157,139,296
2010-07-26,176,166,342
2010-07-27,175,158,333
2010-07-28,180,189,369
2010-07-29,198,162,360
2010-07-30,168,133,301
2010-07-31,149,141,290
2010-08-01,148,133,281
2010-08-02,194,173,367
2010-08-03,199,172,371
2010-08-04,183,177,360
2010-08-05,217,167,384
2010-08-06,192,190,382
2010-08-07,191,172,363
2010-08-08,179,124,303
2010-08-09,196,191,387
2010-08-10,197,190,387
2010-08-11,195,214,409
2010-08-12,226,198,424
2010-08-13,205,175,380
2010-08-14,219,188,407
2010-08-15,169,170,339
2010-08-16,191,192,383
2010-08-17,206,195,401
2010-08-18,208,191,399
2010-08-19,219,184,403
2010-08-20,205,181,386
2010-08-21,177,162,339
2010-08-22,191,159,350
2010-08-23,229,203,432
2010-08-24,216,195,411
2010-08-25,222,213,435
2010-08-26,205,192,397
2010-08-27,231,191,422
2010-08-28,185,157,342
2010-08-29,172,156,328
2010-08-30,209,174,383
2010-08-31,182,152,334
2010-09-01,246,224,470
2010-09-02,207,188,395
2010-09-03,205,173,378
2010-09-04,205,189,394
2010-09-05,181,168,349
2010-09-06,210,206,416
2010-09-07,188,161,349
2010-09-08,203,217,420
2010-09-09,199,194,393
2010-09-10,235,205,440
2010-09-11,189,216,405
2010-09-12,172,191,363
2010-09-13,211,181,392
2010-09-14,239,171,410
2010-09-15,225,233,458
2010-09-16,228,205,433
2010-09-17,193,197,390
2010-09-18,205,160,365
2010-09-19,163,195,358
2010-09-20,204,190,394
2010-09-21,209,190,399
2010-09-22,237,203,440
2010-09-23,229,220,449
2010-09-24,205,218,423
2010-09-25,165,181,346
2010-09-26,149,148,297
2010-09-27,214,215,429
2010-09-28,187,200,387
2010-09-29,245,202,447
2010-09-30,223,200,423
2010-10-01,207,223,430
2010-10-02,238,215,453
2010-10-03,169,158,327
2010-10-04,207,202,409
2010-10-05,198,202,400
2010-10-06,232,211,443
2010-10-07,204,185,389
2010-10-08,232,226,458
2010-10-09,201,176,377
2010-10-10,207,176,383
2010-10-11,248,220,468
2010-10-12,189,241,430
2010-10-13,196,210,406
2010-10-14,193,185,378
2010-10-15,174,141,315
2010-10-16,181,158,339
2010-10-17,170,152,322
2010-10-18,208,174,382
2010-10-19,203,184,387
2010-10-20,252,245,497
2010-10-21,204,236,440
2010-10-22,208,195,403
2010-10-23,185,167,352
2010-10-24,190,171,361
2010-10-25,198,194,392
2010-10-26,184,205,389
2010-10-27,217,211,428
2010-10-28,188,227,415
2010-10-29,209,205,414
2010-10-30,214,180,394
2010-10-31,175,171,346
2010-11-01,214,202,416
2010-11-02,195,172,367
2010-11-03,202,187,389
2010-11-04,202,204,406
2010-11-05,193,155,348
2010-11-06,198,183,381
2010-11-07,162,145,307
2010-11-08,203,200,403
2010-11-09,223,213,436
2010-11-10,233,199,432
2010-11-11,220,192,412
2010-11-12,231,183,414
2010-11-13,162,165,327
2010-11-14,164,147,311
2010-11-15,192,183,375
2010-11-16,196,193,389
2010-11-17,184,183,367
2010-11-18,202,203,405
2010-11-19,233,221,454
2010-11-20,188,176,364
2010-11-21,177,174,351
2010-11-22,206,182,388
2010-11-23,178,201,379
2010-11-24,192,177,369
2010-11-25,184,185,369
2010-11-26,206,188,394
2010-11-27,182,172,354
2010-11-28,145,125,270
2010-11-29,175,170,345
2010-11-30,197,169,366
2010-12-01,195,187,382
2010-12-02,177,173,350
2010-12-03,230,167,397
2010-12-04,163,156,319
2010-12-05,172,148,320
2010-12-06,192,152,344
2010-12-07,179,168,347
2010-12-08,186,180,366
2010-12-09,178,166,344
2010-12-10,210,158,368
2010-12-11,164,153,317
2010-12-12,152,153,305
2010-12-13,191,164,355
2010-12-14,187,147,334
2010-12-15,182,166,348
2010-12-16,188,178,366
2010-12-17,191,172,363
2010-12-18,160,155,315
2010-12-19,127,137,264
2010-12-20,174,177,351
2010-12-21,186,183,369
2010-12-22,185,166,351
2010-12-23,191,171,362
2010-12-24,160,162,322
2010-12-25,195,160,355
2010-12-26,136,114,250
2010-12-27,169,157,326
2010-12-28,146,148,294
2010-12-29,162,134,296
2010-12-30,163,145,308
2010-12-31,156,146,302
2011-01-01,196,187,383
2011-01-02,161,112,273
2011-01-03,170,151,321
2011-01-04,140,143,283
2011-01-05,178,143,321
2011-01-06,168,139,307
2011-01-07,169,128,297
2011-01-08,142,126,268
2011-01-09,123,126,249
2011-01-10,171,161,332
2011-01-11,151,144,295
2011-01-12,151,125,276
2011-01-13,145,152,297
2011-01-14,121,142,263
2011-01-15,166,143,309
2011-01-16,114,102,216
2011-01-17,130,150,280
2011-01-18,145,127,272
2011-01-19,153,128,281
2011-01-20,149,140,289
2011-01-21,158,118,276
2011-01-22,124,118,242
2011-01-23,105,114,219
2011-01-24,154,135,289
2011-01-25,147,143,290
2011-01-26,147,107,254
2011-01-27,128,133,261
2011-01-28,131,136,267
2011-01-29,117,104,221
2011-01-30,102,101,203
2011-01-31,137,129,266
2011-02-01,139,132,271
2011-02-02,126,114,240
2011-02-03,125,107,232
2011-02-04,153,120,273
2011-02-05,139,130,269
2011-02-06,122,112,234
2011-02-07,145,149,294
2011-02-08,128,124,252
2011-02-09,134,126,260
2011-02-10,151,141,292
2011-02-11,130,115,245
2011-02-12,101,114,215
2011-02-13,102,86,188
2011-02-14,155,147,302
2011-02-15,131,132,263
2011-02-16,141,137,278
2011-02-17,141,119,260
2011-02-18,148,134,282
2011-02-19,145,118,263
2011-02-20,119,111,230
2011-02-21,143,121,264
2011-02-22,130,102,232
2011-02-23,130,119,249
2011-02-24,129,118,247
2011-02-25,145,123,268
2011-02-26,110,116,226
2011-02-27,101,117,218
2011-02-28,117,133,250
2011-03-01,122,110,232
2011-03-02,165,127,292
2011-03-03,158,139,297
2011-03-04,137,110,247
2011-03-05,123,119,242
2011-03-06,116,115,231
2011-03-07,141,129,270
2011-03-08,118,117,235
2011-03-09,135,157,292
2011-03-10,143,151,294
2011-03-11,161,152,313
2011-03-12,121,120,241
2011-03-13,119,111,230
2011-03-14,155,118,273
2011-03-15,129,121,250
2011-03-16,143,144,287
2011-03-17,124,126,250
2011-03-18,135,132,267
2011-03-19,99,118,217
2011-03-20,107,107,214
2011-03-21,161,129,290
2011-03-22,145,130,275
2011-03-23,158,143,301
2011-03-24,158,116,274
2011-03-25,144,135,279
2011-03-26,125,125,250
2011-03-27,106,111,217
2011-03-28,149,133,282
2011-03-29,136,135,271
2011-03-30,151,136,287
2011-03-31,131,130,261
2011-04-01,156,150,306
2011-04-02,134,117,251
2011-04-03,119,92,211
2011-04-04,173,146,319
2011-04-05,131,163,294
2011-04-06,152,174,326
2011-04-07,160,156,316
2011-04-08,163,135,298
2011-04-09,132,128,260
2011-04-10,134,109,243
2011-04-11,158,132,290
2011-04-12,157,152,309
2011-04-13,135,152,287
2011-04-14,172,142,314
2011-04-15,186,160,346
2011-04-16,144,124,268
2011-04-17,107,104,211
2011-04-18,179,162,341
2011-04-19,154,149,303
2011-04-20,154,164,318
2011-04-21,175,152,327
2011-04-22,156,139,295
2011-04-23,125,144,269
2011-04-24,109,131,240
2011-04-25,150,175,325
2011-04-26,152,128,280
2011-04-27,118,124,242
2011-04-28,135,153,288
2011-04-29,192,153,345
2011-04-30,148,133,281
2011-05-01,138,125,263
2011-05-02,174,147,321
2011-05-03,154,133,287
2011-05-04,168,151,319
2011-05-05,137,147,284
2011-05-06,193,153,346
2011-05-07,145,137,282
2011-05-08,125,98,223
2011-05-09,171,160,331
2011-05-10,162,158,320
2011-05-11,159,143,302
2011-05-12,155,156,311
2011-05-13,163,122,285
2011-05-14,144,149,293
2011-05-15,140,117,257
2011-05-16,176,157,333
2011-05-17,181,158,339
2011-05-18,156,164,320
2011-05-19,155,146,301
2011-05-20,156,144,300
2011-05-21,139,139,278
2011-05-22,125,121,246
2011-05-23,174,163,337
2011-05-24,169,146,315
2011-05-25,170,150,320
2011-05-26,179,130,309
2011-05-27,140,179,319
2011-05-28,173,152,325
2011-05-29,140,97,237
2011-05-30,165,153,318
2011-05-31,156,129,285
2011-06-01,178,139,317
2011-06-02,152,185,337
2011-06-03,170,163,333
2011-06-04,157,144,301
2011-06-05,134,137,271
2011-06-06,158,181,339
2011-06-07,174,153,327
2011-06-08,188,159,347
2011-06-09,155,161,316
2011-06-10,184,185,369
2011-06-11,168,150,318
2011-06-12,145,130,275
2011-06-13,171,146,317
2011-06-14,162,161,323
2011-06-15,187,154,341
2011-06-16,156,156,312
2011-06-17,187,147,334
2011-06-18,147,140,287
2011-06-19,149,114,263
2011-06-20,166,149,315
2011-06-21,160,137,297
2011-06-22,168,173,341
2011-06-23,163,179,342
2011-06-24,198,183,381
2011-06-25,150,164,314
2011-06-26,142,139,281
2011-06-27,150,184,334
2011-06-28,176,168,344
2011-06-29,176,175,351
2011-06-30,180,168,348
2011-07-01,210,146,356
2011-07-02,177,153,330
2011-07-03,159,159,318
2011-07-04,170,169,339
2011-07-05,195,177,372
2011-07-06,195,165,360
2011-07-07,196,189,385
2011-07-08,185,182,367
2011-07-09,196,163,359
2011-07-10,160,155,315
2011-07-11,197,181,378
2011-07-12,181,168,349
2011-07-13,191,157,348
2011-07-14,190,195,385
2011-07-15,213,162,375
2011-07-16,157,151,308
2011-07-17,138,124,262
2011-07-18,187,169,356
2011-07-19,178,161,339
2011-07-20,231,184,415
2011-07-21,196,164,360
2011-07-22,212,198,410
2011-07-23,173,190,363
2011-07-24,170,129,299
2011-07-25,218,181,399
2011-07-26,187,174,361
2011-07-27,205,171,376
2011-07-28,205,191,396
2011-07-29,198,181,379
2011-07-30,159,152,311
2011-07-31,129,153,282
2011-08-01,189,164,353
2011-08-02,186,193,379
2011-08-03,185,194,379
2011-08-04,211,191,402
2011-08-05,220,188,408
2011-08-06,183,135,318
2011-08-07,144,156,300
2011-08-08,192,170,362
2011-08-09,205,184,389
2011-08-10,203,181,384
2011-08-11,220,216,436
2011-08-12,184,172,356
2011-08-13,208,173,381
2011-08-14,160,128,288
2011-08-15,196,179,375
2011-08-16,176,187,363
2011-08-17,229,201,430
2011-08-18,202,204,406
2011-08-19,252,206,458
2011-08-20,181,178,359
2011-08-21,183,140,323
2011-08-22,242,190,432
2011-08-23,189,208,397
2011-08-24,201,204,405
2011-08-25,229,194,423
2011-08-26,189,198,387
2011-08-27,173,161,334
2011-08-28,155,151,306
2011-08-29,193,190,383
2011-08-30,204,165,369
2011-08-31,179,180,359
2011-09-01,207,187,394
2011-09-02,205,193,398
2011-09-03,179,168,347
2011-09-04,177,145,322
2011-09-05,219,199,418
2011-09-06,183,171,354
2011-09-07,212,220,432
2011-09-08,239,207,446
2011-09-09,228,184,412
2011-09-10,191,190,381
2011-09-11,144,144,288
2011-09-12,233,186,419
2011-09-13,215,220,435
2011-09-14,207,217,424
2011-09-15,209,190,399
2011-09-16,229,205,434
2011-09-17,188,179,367
2011-09-18,183,159,342
2011-09-19,209,202,411
2011-09-20,233,192,425
2011-09-21,219,197,416
2011-09-22,215,216,431
2011-09-23,203,194,397
2011-09-24,194,186,380
2011-09-25,181,154,335
2011-09-26,223,210,433
2011-09-27,196,191,387
2011-09-28,237,235,472
2011-09-29,224,225,449
2011-09-30,219,235,454
2011-10-01,223,230,453
2011-10-02,190,200,390
2011-10-03,163,204,367
2011-10-04,189,149,338
2011-10-05,159,166,325
2011-10-06,188,175,363
2011-10-07,196,187,383
2011-10-08,194,182,376
2011-10-09,206,186,392
2011-10-10,248,210,458
2011-10-11,216,209,425
2011-10-12,235,224,459
2011-10-13,200,189,389
2011-10-14,215,209,424
2011-10-15,209,207,416
2011-10-16,194,165,359
2011-10-17,218,203,421
2011-10-18,242,192,434
2011-10-19,198,180,378
2011-10-20,215,209,424
2011-10-21,212,187,399
2011-10-22,197,186,383
2011-10-23,182,158,340
2011-10-24,220,195,415
2011-10-25,198,180,378
2011-10-26,180,174,354
2011-10-27,230,166,396
2011-10-28,194,193,387
2011-10-29,179,195,374
2011-10-30,156,138,294
2011-10-31,217,162,379
2011-11-01,214,196,410
2011-11-02,226,195,421
2011-11-03,210,212,422
2011-11-04,223,196,419
2011-11-05,200,190,390
2011-11-06,174,160,334
2011-11-07,166,189,355
2011-11-08,200,186,386
2011-11-09,190,206,396
2011-11-10,230,227,457
2011-11-11,271,218,489
2011-11-12,195,168,363
2011-11-13,179,166,345
2011-11-14,263,207,470
2011-11-15,196,202,398
2011-11-16,232,173,405
2011-11-17,219,199,418
2011-11-18,197,171,368
2011-11-19,195,202,397
2011-11-20,178,169,347
2011-11-21,185,199,384
2011-11-22,222,202,424
2011-11-23,222,228,450
2011-11-24,198,189,387
2011-11-25,245,193,438
2011-11-26,203,174,377
2011-11-27,157,140,297
2011-11-28,206,196,402
2011-11-29,199,165,364
2011-11-30,210,233,443
2011-12-01,201,210,411
2011-12-02,188,212,400
2011-12-03,164,199,363
2011-12-04,158,155,313
2011-12-05,203,248,451
2011-12-06,165,189,354
2011-12-07,235,211,446
2011-12-08,201,207,408
2011-12-09,202,186,388
2011-12-10,171,175,346
2011-12-11,152,184,336
2011-12-12,208,197,405
2011-12-13,170,151,321
2011-12-14,192,210,402
2011-12-15,182,182,364
2011-12-16,184,174,358
2011-12-17,177,187,364
2011-12-18,161,140,301
2011-12-19,193,192,385
2011-12-20,179,184,363
2011-12-21,196,174,370
2011-12-22,187,182,369
2011-12-23,174,170,344
2011-12-24,172,157,329
2011-12-25,187,141,328
2011-12-26,168,172,340
2011-12-27,198,193,391
2011-12-28,189,188,377
2011-12-29,170,173,343
2011-12-30,179,147,326
2011-12-31,154,155,309
2012-01-01,189,148,337
2012-01-02,191,167,358
2012-01-03,195,170,365
2012-01-04,175,171,346
2012-01-05,190,192,382
2012-01-06,200,209,409
2012-01-07,162,160,322
2012-01-08,138,129,267
2012-01-09,194,173,367
2012-01-10,187,180,367
2012-01-11,134,168,302
2012-01-12,199,159,358
2012-01-13,162,153,315
2012-01-14,152,158,310
2012-01-15,155,140,295
2012-01-16,192,170,362
2012-01-17,181,174,355
2012-01-18,162,156,318
2012-01-19,172,168,340
2012-01-20,172,171,343
2012-01-21,137,150,287
2012-01-22,123,133,256
2012-01-23,166,157,323
2012-01-24,188,145,333
2012-01-25,184,153,337
2012-01-26,175,164,339
2012-01-27,173,156,329
2012-01-28,149,165,314
2012-01-29,120,133,253
2012-01-30,144,158,302
2012-01-31,163,164,327
2012-02-01,159,164,323
2012-02-02,179,169,348
2012-02-03,167,167,334
2012-02-04,158,160,318
2012-02-05,129,147,276
2012-02-06,170,153,323
2012-02-07,185,179,364
2012-02-08,167,165,332
2012-02-09,173,137,310
2012-02-10,177,154,331
2012-02-11,155,115,270
2012-02-12,133,106,239
2012-02-13,158,134,292
2012-02-14,184,159,343
2012-02-15,157,154,311
2012-02-16,160,155,315
2012-02-17,135,154,289
2012-02-18,113,137,250
2012-02-19,114,112,226
2012-02-20,170,171,341
2012-02-21,165,128,293
2012-02-22,150,141,291
2012-02-23,157,137,294
2012-02-24,137,140,277
2012-02-25,125,154,279
2012-02-26,103,113,216
2012-02-27,155,134,289
2012-02-28,135,121,256
2012-02-29,123,131,254
2012-03-01,171,167,338
2012-03-02,149,129,278
2012-03-03,139,155,294
2012-03-04,129,98,227
2012-03-05,180,160,340
2012-03-06,119,139,258
2012-03-07,160,140,300
2012-03-08,130,100,230
2012-03-09,153,156,309
2012-03-10,143,128,271
2012-03-11,128,85,213
2012-03-12,179,139,318
2012-03-13,147,140,287
2012-03-14,174,154,328
2012-03-15,157,146,303
2012-03-16,158,144,302
2012-03-17,153,107,260
2012-03-18,111,126,237
2012-03-19,126,163,289
2012-03-20,125,133,258
2012-03-21,141,150,291
2012-03-22,122,116,238
2012-03-23,133,144,277
2012-03-24,93,130,223
2012-03-25,126,121,247
2012-03-26,144,129,273
2012-03-27,155,139,294
2012-03-28,134,131,265
2012-03-29,131,122,253
2012-03-30,138,143,281
2012-03-31,137,131,268
2012-04-01,140,107,247
2012-04-02,147,146,293
2012-04-03,146,131,277
2012-04-04,178,147,325
2012-04-05,147,142,289
2012-04-06,138,168,306
2012-04-07,117,132,249
2012-04-08,112,127,239
2012-04-09,177,144,321
2012-04-10,175,121,296
2012-04-11,154,125,279
2012-04-12,162,124,286
2012-04-13,166,136,302
2012-04-14,151,127,278
2012-04-15,131,105,236
2012-04-16,157,162,319
2012-04-17,155,148,303
2012-04-18,162,141,303
2012-04-19,151,128,279
2012-04-20,156,146,302
2012-04-21,143,152,295
2012-04-22,119,112,231
2012-04-23,159,128,287
2012-04-24,155,166,321
2012-04-25,164,149,313
2012-04-26,150,131,281
2012-04-27,169,151,320
2012-04-28,148,128,276
2012-04-29,125,104,229
2012-04-30,121,132,253
2012-05-01,127,126,253
2012-05-02,165,165,330
2012-05-03,170,144,314
2012-05-04,137,125,262
2012-05-05,153,134,287
2012-05-06,128,119,247
2012-05-07,139,160,299
2012-05-08,157,165,322
2012-05-09,158,154,312
2012-05-10,169,133,302
2012-05-11,177,146,323
2012-05-12,166,127,293
2012-05-13,134,122,256
2012-05-14,162,151,313
2012-05-15,189,154,343
2012-05-16,186,152,338
2012-05-17,168,153,321
2012-05-18,177,156,333
2012-05-19,162,133,295
2012-05-20,126,118,244
2012-05-21,159,144,303
2012-05-22,172,151,323
2012-05-23,181,153,334
2012-05-24,179,142,321
2012-05-25,165,173,338
2012-05-26,145,145,290
2012-05-27,125,104,229
2012-05-28,167,146,313
2012-05-29,151,156,307
2012-05-30,172,158,330
2012-05-31,173,133,306
2012-06-01,161,157,318
2012-06-02,169,148,317
2012-06-03,164,116,280
2012-06-04,177,162,339
2012-06-05,179,163,342
2012-06-06,168,169,337
2012-06-07,215,168,383
2012-06-08,168,168,336
2012-06-09,135,149,284
2012-06-10,132,144,276
2012-06-11,176,159,335
2012-06-12,168,163,331
2012-06-13,157,148,305
2012-06-14,174,168,342
2012-06-15,184,171,355
2012-06-16,177,149,326
2012-06-17,182,131,313
2012-06-18,184,173,357
2012-06-19,189,160,349
2012-06-20,182,190,372
2012-06-21,204,190,394
2012-06-22,190,159,349
2012-06-23,144,140,284
2012-06-24,143,148,291
2012-06-25,176,172,348
2012-06-26,158,176,334
2012-06-27,176,188,364
2012-06-28,185,197,382
2012-06-29,165,178,343
2012-06-30,163,150,313
2012-07-01,149,123,272
2012-07-02,175,149,324
2012-07-03,164,171,335
2012-07-04,187,151,338
2012-07-05,166,183,349
2012-07-06,174,186,360
2012-07-07,162,174,336
2012-07-08,148,148,296
2012-07-09,201,174,375
2012-07-10,171,183,354
2012-07-11,173,150,323
2012-07-12,208,167,375
2012-07-13,177,168,345
2012-07-14,174,148,322
2012-07-15,144,139,283
2012-07-16,184,162,346
2012-07-17,168,157,325
2012-07-18,191,170,361
2012-07-19,190,191,381
2012-07-20,189,202,391
2012-07-21,169,154,323
2012-07-22,164,119,283
2012-07-23,224,180,404
2012-07-24,158,171,329
2012-07-25,200,180,380
2012-07-26,217,179,396
2012-07-27,182,183,365
2012-07-28,154,164,318
2012-07-29,152,140,292
2012-07-30,184,161,345
2012-07-31,187,174,361
2012-08-01,184,179,363
2012-08-02,216,211,427
2012-08-03,210,171,381
2012-08-04,200,182,382
2012-08-05,160,158,318
2012-08-06,200,206,406
2012-08-07,208,181,389
2012-08-08,196,183,379
2012-08-09,272,232,504
2012-08-10,235,211,446
2012-08-11,208,172,380
2012-08-12,176,151,327
2012-08-13,224,180,404
2012-08-14,220,192,412
2012-08-15,195,209,404
2012-08-16,205,184,389
2012-08-17,177,191,368
2012-08-18,188,163,351
2012-08-19,154,152,306
2012-08-20,224,202,426
2012-08-21,202,192,394
2012-08-22,217,198,415
2012-08-23,204,234,438
2012-08-24,225,215,440
2012-08-25,196,173,369
2012-08-26,162,114,276
2012-08-27,220,219,439
2012-08-28,223,208,431
2012-08-29,231,195,426
2012-08-30,240,179,419
2012-08-31,204,207,411
2012-09-01,187,173,360
2012-09-02,157,164,321
2012-09-03,205,199,404
2012-09-04,219,197,416
2012-09-05,227,209,436
2012-09-06,234,196,430
2012-09-07,214,199,413
2012-09-08,191,187,378
2012-09-09,184,135,319
2012-09-10,243,183,426
2012-09-11,209,206,415
2012-09-12,223,202,425
2012-09-13,213,191,404
2012-09-14,246,196,442
2012-09-15,204,198,402
2012-09-16,194,162,356
2012-09-17,243,213,456
2012-09-18,242,206,448
2012-09-19,246,226,472
2012-09-20,232,184,416
2012-09-21,197,194,391
2012-09-22,219,199,418
2012-09-23,184,150,334
2012-09-24,221,208,429
2012-09-25,195,189,384
2012-09-26,217,186,403
2012-09-27,229,216,445
2012-09-28,220,221,441
2012-09-29,216,181,397
2012-09-30,181,153,334
2012-10-01,207,226,433
2012-10-02,242,201,443
2012-10-03,208,205,413
2012-10-04,188,198,386
2012-10-05,217,199,416
2012-10-06,179,172,351
2012-10-07,188,174,362
2012-10-08,202,202,404
2012-10-09,214,187,401
2012-10-10,213,192,405
2012-10-11,186,172,358
2012-10-12,210,189,399
2012-10-13,192,147,339
2012-10-14,157,199,356
2012-10-15,195,191,386
2012-10-16,236,216,452
2012-10-17,226,228,454
2012-10-18,207,226,433
2012-10-19,228,201,429
2012-10-20,202,168,370
2012-10-21,173,154,327
2012-10-22,157,175,332
2012-10-23,184,154,338
2012-10-24,156,146,302
2012-10-25,179,168,347
2012-10-26,224,222,446
2012-10-27,186,180,366
2012-10-28,171,154,325
2012-10-29,218,226,444
2012-10-30,218,189,407
2012-10-31,207,218,425
2012-11-01,239,200,439
2012-11-02,239,208,447
2012-11-03,210,208,418
2012-11-04,199,179,378
2012-11-05,219,204,423
2012-11-06,202,206,408
2012-11-07,228,198,426
2012-11-08,220,176,396
2012-11-09,228,214,442
2012-11-10,186,174,360
2012-11-11,170,179,349
2012-11-12,226,181,407
2012-11-13,176,182,358
2012-11-14,211,198,409
2012-11-15,202,206,408
2012-11-16,220,204,424
2012-11-17,218,222,440
2012-11-18,187,157,344
2012-11-19,225,225,450
2012-11-20,217,200,417
2012-11-21,208,220,428
2012-11-22,215,233,448
2012-11-23,228,191,419
2012-11-24,197,191,388
2012-11-25,174,176,350
2012-11-26,212,199,411
2012-11-27,215,192,407
2012-11-28,214,221,435
2012-11-29,210,188,398
2012-11-30,212,191,403
2012-12-01,191,165,356
2012-12-02,175,160,335
2012-12-03,192,200,392
2012-12-04,200,175,375
2012-12-05,216,175,391
2012-12-06,227,206,433
2012-12-07,233,199,432
2012-12-08,211,164,375
2012-12-09,147,157,304
2012-12-10,235,187,422
2012-12-11,205,181,386
2012-12-12,249,255,504
2012-12-13,173,157,330
2012-12-14,219,199,418
2012-12-15,175,175,350
2012-12-16,180,148,328
2012-12-17,200,215,415
2012-12-18,207,170,377
2012-12-19,191,201,392
2012-12-20,232,201,433
2012-12-21,188,183,371
2012-12-22,202,178,380
2012-12-23,158,150,308
2012-12-24,189,191,380
2012-12-25,180,189,369
2012-12-26,178,181,359
2012-12-27,173,180,353
2012-12-28,221,186,407
2012-12-29,184,179,363
2012-12-30,169,142,311
2012-12-31,192,170,362
2013-01-01,187,197,384
2013-01-02,189,192,381
2013-01-03,202,178,380
2013-01-04,201,195,396
2013-01-05,158,158,316
2013-01-06,158,144,302
2013-01-07,197,192,389
2013-01-08,169,160,329
2013-01-09,171,165,336
2013-01-10,198,175,373
2013-01-11,167,182,349
2013-01-12,173,171,344
2013-01-13,145,148,293
2013-01-14,158,193,351
2013-01-15,186,176,362
2013-01-16,186,189,375
2013-01-17,174,180,354
2013-01-18,182,167,349
2013-01-19,152,148,300
2013-01-20,147,124,271
2013-01-21,196,172,368
2013-01-22,162,164,326
2013-01-23,191,169,360
2013-01-24,167,177,344
2013-01-25,184,184,368
2013-01-26,146,148,294
2013-01-27,115,120,235
2013-01-28,169,160,329
2013-01-29,148,128,276
2013-01-30,158,147,305
2013-01-31,171,146,317
2013-02-01,180,134,314
2013-02-02,157,133,290
2013-02-03,138,123,261
2013-02-04,152,159,311
2013-02-05,177,142,319
2013-02-06,169,164,333
2013-02-07,149,153,302
2013-02-08,172,154,326
2013-02-09,135,117,252
2013-02-10,133,103,236
2013-02-11,131,138,269
2013-02-12,143,150,293
2013-02-13,114,130,244
2013-02-14,175,152,327
2013-02-15,124,150,274
2013-02-16,124,113,237
2013-02-17,122,111,233
2013-02-18,137,152,289
2013-02-19,146,106,252
2013-02-20,119,99,218
2013-02-21,140,122,262
2013-02-22,134,127,261
2013-02-23,143,117,260
2013-02-24,101,113,214
2013-02-25,125,130,255
2013-02-26,112,111,223
2013-02-27,145,118,263
2013-02-28,130,100,230
2013-03-01,128,114,242
2013-03-02,107,133,240
2013-03-03,103,100,203
2013-03-04,117,117,234
2013-03-05,135,111,246
2013-03-06,121,119,240
2013-03-07,130,117,247
2013-03-08,130,126,256
2013-03-09,130,120,250
2013-03-10,128,101,229
2013-03-11,116,94,210
2013-03-12,108,125,233
2013-03-13,134,134,268
2013-03-14,145,117,262
2013-03-15,118,134,252
2013-03-16,112,131,243
2013-03-17,123,77,200
2013-03-18,137,109,246
2013-03-19,121,115,236
2013-03-20,150,127,277
2013-03-21,145,140,285
2013-03-22,152,116,268
2013-03-23,111,121,232
2013-03-24,121,116,237
2013-03-25,162,143,305
2013-03-26,150,130,280
2013-03-27,127,116,243
2013-03-28,142,138,280
2013-03-29,142,153,295
2013-03-30,110,143,253
2013-03-31,121,116,237
2013-04-01,129,136,265
2013-04-02,152,154,306
2013-04-03,179,127,306
2013-04-04,156,148,304
2013-04-05,147,155,302
2013-04-06,146,134,280
2013-04-07,106,107,213
2013-04-08,165,143,308
2013-04-09,171,119,290
2013-04-10,155,131,286
2013-04-11,160,148,308
2013-04-12,171,123,294
2013-04-13,163,132,295
2013-04-14,117,123,240
2013-04-15,140,147,287
2013-04-16,134,134,268
2013-04-17,168,151,319
2013-04-18,169,160,329
2013-04-19,167,161,328
2013-04-20,136,148,284
2013-04-21,129,123,252
2013-04-22,175,165,340
2013-04-23,168,144,312
2013-04-24,184,168,352
2013-04-25,165,160,325
2013-04-26,167,151,318
2013-04-27,162,149,311
2013-04-28,142,137,279
2013-04-29,150,155,305
2013-04-30,199,156,355
2013-05-01,170,192,362
2013-05-02,201,173,374
2013-05-03,174,184,358
2013-05-04,158,151,309
2013-05-05,152,132,284
2013-05-06,194,164,358
2013-05-07,205,163,368
2013-05-08,169,166,335
2013-05-09,184,158,342
2013-05-10,190,184,374
2013-05-11,177,184,361
2013-05-12,137,125,262
2013-05-13,203,176,379
2013-05-14,185,163,348
2013-05-15,218,174,392
2013-05-16,198,162,360
2013-05-17,161,181,342
2013-05-18,146,176,322
2013-05-19,152,133,285
2013-05-20,168,168,336
2013-05-21,210,190,400
2013-05-22,178,167,345
2013-05-23,180,214,394
2013-05-24,194,181,375
2013-05-25,181,167,348
2013-05-26,145,107,252
2013-05-27,177,167,344
2013-05-28,163,149,312
2013-05-29,183,148,331
2013-05-30,161,147,308
2013-05-31,160,141,301
2013-06-01,169,151,320
2013-06-02,139,126,265
2013-06-03,210,173,383
2013-06-04,201,192,393
2013-06-05,179,182,361
2013-06-06,184,167,351
2013-06-07,172,167,339
2013-06-08,165,151,316
2013-06-09,144,120,264
2013-06-10,182,176,358
2013-06-11,182,205,387
2013-06-12,182,181,363
2013-06-13,188,167,355
2013-06-14,169,150,319
2013-06-15,162,138,300
2013-06-16,136,134,270
2013-06-17,194,140,334
2013-06-18,172,141,313
2013-06-19,169,178,347
2013-06-20,196,161,357
2013-06-21,184,182,366
2013-06-22,186,173,359
2013-06-23,132,125,257
2013-06-24,165,163,328
2013-06-25,178,156,334
2013-06-26,200,165,365
2013-06-27,186,178,364
2013-06-28,160,170,330
2013-06-29,172,150,322
2013-06-30,142,131,273
2013-07-01,185,163,348
2013-07-02,189,165,354
2013-07-03,160,142,302
2013-07-04,169,208,377
2013-07-05,212,168,380
2013-07-06,178,187,365
2013-07-07,162,133,295
2013-07-08,199,164,363
2013-07-09,184,198,382
2013-07-10,222,200,422
2013-07-11,193,173,366
2013-07-12,202,162,364
2013-07-13,185,171,356
2013-07-14,159,156,315
2013-07-15,210,194,404
2013-07-16,196,180,376
2013-07-17,193,165,358
2013-07-18,198,177,375
2013-07-19,207,187,394
2013-07-20,204,170,374
2013-07-21,143,143,286
2013-07-22,220,186,406
2013-07-23,205,200,405
2013-07-24,196,216,412
2013-07-25,211,198,409
2013-07-26,206,183,389
2013-07-27,182,191,373
2013-07-28,177,176,353
2013-07-29,193,203,396
2013-07-30,195,160,355
2013-07-31,209,175,384
2013-08-01,217,189,406
2013-08-02,199,209,408
2013-08-03,195,163,358
2013-08-04,175,164,339
2013-08-05,186,211,397
2013-08-06,188,164,352
2013-08-07,207,191,398
2013-08-08,230,196,426
2013-08-09,205,184,389
2013-08-10,197,180,377
2013-08-11,174,155,329
2013-08-12,240,209,449
2013-08-13,249,194,443
2013-08-14,203,221,424
2013-08-15,242,193,435
2013-08-16,221,201,422
2013-08-17,200,212,412
2013-08-18,179,188,367
2013-08-19,208,209,417
2013-08-20,219,218,437
2013-08-21,227,207,434
2013-08-22,202,212,414
2013-08-23,238,227,465
2013-08-24,236,188,424
2013-08-25,190,166,356
2013-08-26,202,207,409
2013-08-27,228,220,448
2013-08-28,264,249,513
2013-08-29,226,192,418
2013-08-30,214,205,419
2013-08-31,185,164,349
2013-09-01,181,186,367
2013-09-02,242,208,450
2013-09-03,205,202,407
2013-09-04,239,196,435
2013-09-05,205,183,388
2013-09-06,230,202,432
2013-09-07,203,202,405
2013-09-08,174,154,328
2013-09-09,255,229,484
2013-09-10,219,214,433
2013-09-11,217,191,408
2013-09-12,218,238,456
2013-09-13,197,183,380
2013-09-14,213,167,380
2013-09-15,168,155,323
2013-09-16,220,193,413
2013-09-17,219,217,436
2013-09-18,196,215,411
2013-09-19,233,226,459
2013-09-20,228,217,445
2013-09-21,244,202,446
2013-09-22,204,160,364
2013-09-23,211,217,428
2013-09-24,240,202,442
2013-09-25,213,243,456
2013-09-26,251,202,453
2013-09-27,211,182,393
2013-09-28,207,197,404
2013-09-29,151,153,304
2013-09-30,188,193,381
2013-10-01,224,203,427
2013-10-02,229,236,465
2013-10-03,215,211,426
2013-10-04,204,188,392
2013-10-05,213,180,393
2013-10-06,218,185,403
2013-10-07,268,232,500
2013-10-08,248,232,480
2013-10-09,231,217,448
2013-10-10,213,203,416
2013-10-11,214,180,394
2013-10-12,167,145,312
2013-10-13,161,133,294
2013-10-14,204,151,355
2013-10-15,215,204,419
2013-10-16,216,222,438
2013-10-17,228,241,469
2013-10-18,250,231,481
2013-10-19,218,214,432
2013-10-20,182,187,369
2013-10-21,247,203,450
2013-10-22,223,212,435
2013-10-23,241,192,433
2013-10-24,212,208,420
2013-10-25,251,199,450
2013-10-26,186,174,360
2013-10-27,173,182,355
2013-10-28,209,202,411
2013-10-29,202,215,417
2013-10-30,215,222,437
2013-10-31,218,231,449
2013-11-01,245,209,454
2013-11-02,182,176,358
2013-11-03,154,146,300
2013-11-04,216,201,417
2013-11-05,236,206,442
2013-11-06,246,219,465
2013-11-07,242,222,464
2013-11-08,235,216,451
2013-11-09,217,209,426
2013-11-10,215,179,394
2013-11-11,262,227,489
2013-11-12,220,204,424
2013-11-13,193,186,379
2013-11-14,216,199,415
2013-11-15,241,216,457
2013-11-16,214,211,425
2013-11-17,177,194,371
2013-11-18,231,225,456
2013-11-19,214,180,394
2013-11-20,245,202,447
2013-11-21,225,236,461
2013-11-22,223,180,403
2013-11-23,220,198,418
2013-11-24,169,136,305
2013-11-25,218,229,447
2013-11-26,208,203,411
2013-11-27,239,193,432
2013-11-28,200,227,427
2013-11-29,240,223,463
2013-11-30,172,186,358
2013-12-01,188,165,353
2013-12-02,209,173,382
2013-12-03,214,186,400
2013-12-04,221,205,426
2013-12-05,230,228,458
2013-12-06,223,210,433
2013-12-07,165,205,370
2013-12-08,157,154,311
2013-12-09,216,188,404
2013-12-10,225,186,411
2013-12-11,226,178,404
2013-12-12,208,211,419
2013-12-13,205,172,377
2013-12-14,197,186,383
2013-12-15,175,150,325
2013-12-16,197,198,395
2013-12-17,214,214,428
2013-12-18,211,185,396
2013-12-19,213,200,413
2013-12-20,224,233,457
2013-12-21,187,169,356
2013-12-22,158,141,299
2013-12-23,208,193,401
2013-12-24,232,206,438
2013-12-25,215,197,412
2013-12-26,188,172,360
2013-12-27,186,192,378
2013-12-28,141,155,296
2013-12-29,174,133,307
2013-12-30,177,182,359
2013-12-31,182,141,323
2014-01-01,215,207,422
2014-01-02,234,191,425
2014-01-03,201,177,378
2014-01-04,191,173,364
2014-01-05,168,131,299
2014-01-06,185,178,363
2014-01-07,166,202,368
2014-01-08,169,175,344
2014-01-09,202,170,372
2014-01-10,200,171,371
2014-01-11,170,160,330
2014-01-12,169,154,323
2014-01-13,192,175,367
2014-01-14,184,171,355
2014-01-15,198,162,360
2014-01-16,189,209,398
2014-01-17,198,168,366
2014-01-18,165,154,319
2014-01-19,153,127,280
2014-01-20,186,191,377
2014-01-21,173,184,357
2014-01-22,180,178,358
2014-01-23,180,155,335
2014-01-24,184,189,373
2014-01-25,189,149,338
2014-01-26,155,132,287
2014-01-27,159,172,331
2014-01-28,151,152,303
2014-01-29,179,140,319
2014-01-30,163,140,303
2014-01-31,157,167,324
2014-02-01,182,152,334
2014-02-02,122,141,263
2014-02-03,152,168,320
2014-02-04,142,139,281
2014-02-05,189,153,342
2014-02-06,181,155,336
2014-02-07,187,190,377
2014-02-08,143,157,300
2014-02-09,133,140,273
2014-02-10,168,181,349
2014-02-11,185,135,320
2014-02-12,165,134,299
2014-02-13,150,157,307
2014-02-14,187,170,357
2014-02-15,151,139,290
2014-02-16,140,109,249
2014-02-17,177,149,326
2014-02-18,158,138,296
2014-02-19,180,161,341
2014-02-20,186,173,359
2014-02-21,216,143,359
2014-02-22,149,145,294
2014-02-23,149,113,262
2014-02-24,162,151,313
2014-02-25,159,174,333
2014-02-26,174,160,334
2014-02-27,165,182,347
2014-02-28,173,167,340
2014-03-01,167,127,294
2014-03-02,140,134,274
2014-03-03,186,145,331
2014-03-04,182,162,344
2014-03-05,157,149,306
2014-03-06,200,172,372
2014-03-07,172,156,328
2014-03-08,165,136,301
2014-03-09,140,136,276
2014-03-10,152,183,335
2014-03-11,170,147,317
2014-03-12,178,161,339
2014-03-13,196,143,339
2014-03-14,172,147,319
2014-03-15,176,114,290
2014-03-16,156,123,279
2014-03-17,168,195,363
2014-03-18,149,142,291
2014-03-19,181,165,346
2014-03-20,189,165,354
2014-03-21,197,168,365
2014-03-22,162,136,298
2014-03-23,136,121,257
2014-03-24,153,185,338
2014-03-25,160,176,336
2014-03-26,170,129,299
2014-03-27,179,164,343
2014-03-28,170,143,313
2014-03-29,143,133,276
2014-03-30,120,115,235
2014-03-31,168,147,315
2014-04-01,146,160,306
2014-04-02,171,167,338
2014-04-03,179,160,339
2014-04-04,178,161,339
2014-04-05,173,129,302
2014-04-06,126,110,236
2014-04-07,175,153,328
2014-04-08,207,149,356
2014-04-09,193,157,350
2014-04-10,169,177,346
2014-04-11,167,157,324
2014-04-12,156,144,300
2014-04-13,122,120,242
2014-04-14,203,160,363
2014-04-15,160,174,334
2014-04-16,175,158,333
2014-04-17,161,161,322
2014-04-18,192,142,334
2014-04-19,161,129,290
2014-04-20,133,143,276
2014-04-21,168,162,330
2014-04-22,180,159,339
2014-04-23,176,173,349
2014-04-24,162,160,322
2014-04-25,163,183,346
2014-04-26,186,171,357
2014-04-27,151,128,279
2014-04-28,188,162,350
2014-04-29,163,158,321
2014-04-30,157,161,318
2014-05-01,163,183,346
2014-05-02,192,199,391
2014-05-03,169,121,290
2014-05-04,121,130,251
2014-05-05,171,184,355
2014-05-06,171,164,335
2014-05-07,195,170,365
2014-05-08,184,162,346
2014-05-09,191,207,398
2014-05-10,171,147,318
2014-05-11,151,141,292
2014-05-12,141,132,273
2014-05-13,175,136,311
2014-05-14,221,193,414
2014-05-15,202,187,389
2014-05-16,200,164,364
2014-05-17,164,155,319
2014-05-18,128,162,290
2014-05-19,207,191,398
2014-05-20,205,190,395
2014-05-21,157,172,329
2014-05-22,201,179,380
2014-05-23,169,180,349
2014-05-24,157,166,323
2014-05-25,125,140,265
2014-05-26,191,158,349
2014-05-27,155,161,316
2014-05-28,146,148,294
2014-05-29,186,159,345
2014-05-30,188,172,360
2014-05-31,141,152,293
2014-06-01,103,113,216
2014-06-02,177,194,371
2014-06-03,164,155,319
2014-06-04,199,178,377
2014-06-05,164,173,337
2014-06-06,197,154,351
2014-06-07,155,156,311
2014-06-08,129,154,283
2014-06-09,162,142,304
2014-06-10,186,184,370
2014-06-11,179,161,340
2014-06-12,182,187,369
2014-06-13,161,156,317
2014-06-14,157,145,302
2014-06-15,153,129,282
2014-06-16,160,176,336
2014-06-17,174,164,338
2014-06-18,177,142,319
2014-06-19,193,162,355
2014-06-20,167,159,326
2014-06-21,149,135,284
2014-06-22,134,91,225
2014-06-23,173,163,336
2014-06-24,157,163,320
2014-06-25,171,199,370
2014-06-26,164,170,334
2014-06-27,182,154,336
2014-06-28,161,144,305
2014-06-29,173,136,309
2014-06-30,186,153,339
2014-07-01,176,167,343
2014-07-02,198,165,363
2014-07-03,205,168,373
2014-07-04,174,160,334
2014-07-05,161,153,314
2014-07-06,170,137,307
2014-07-07,218,209,427
2014-07-08,190,187,377
2014-07-09,201,168,369
2014-07-10,172,167,339
2014-07-11,213,172,385
2014-07-12,190,146,336
2014-07-13,155,118,273
2014-07-14,219,192,411
2014-07-15,180,193,373
2014-07-16,188,186,374
2014-07-17,178,177,355
2014-07-18,178,162,340
2014-07-19,169,143,312
2014-07-20,160,152,312
2014-07-21,201,202,403
2014-07-22,177,177,354
2014-07-23,191,163,354
2014-07-24,205,187,392
2014-07-25,180,173,353
2014-07-26,161,142,303
2014-07-27,148,122,270
2014-07-28,203,162,365
2014-07-29,152,179,331
2014-07-30,194,207,401
2014-07-31,181,209,390
2014-08-01,223,176,399
2014-08-02,186,187,373
2014-08-03,161,137,298
2014-08-04,214,181,395
2014-08-05,207,171,378
2014-08-06,221,208,429
2014-08-07,212,201,413
2014-08-08,230,183,413
2014-08-09,168,164,332
2014-08-10,147,164,311
2014-08-11,212,178,390
2014-08-12,240,192,432
2014-08-13,201,170,371
2014-08-14,196,217,413
2014-08-15,204,201,405
2014-08-16,193,175,368
2014-08-17,177,165,342
2014-08-18,196,230,426
2014-08-19,189,184,373
2014-08-20,231,166,397
2014-08-21,211,186,397
2014-08-22,230,178,408
2014-08-23,204,160,364
2014-08-24,151,155,306
2014-08-25,211,208,419
2014-08-26,179,176,355
2014-08-27,207,187,394
2014-08-28,230,189,419
2014-08-29,194,212,406
2014-08-30,168,167,335
2014-08-31,157,150,307
2014-09-01,192,221,413
2014-09-02,223,190,413
2014-09-03,219,170,389
2014-09-04,198,189,387
2014-09-05,220,213,433
2014-09-06,193,192,385
2014-09-07,183,155,338
2014-09-08,219,184,403
2014-09-09,224,202,426
2014-09-10,187,209,396
2014-09-11,211,207,418
2014-09-12,251,203,454
2014-09-13,190,162,352
2014-09-14,180,149,329
2014-09-15,229,206,435
2014-09-16,235,217,452
2014-09-17,212,205,417
2014-09-18,219,235,454
2014-09-19,200,217,417
2014-09-20,197,194,391
2014-09-21,177,158,335
2014-09-22,216,207,423
2014-09-23,190,201,391
2014-09-24,217,190,407
2014-09-25,234,262,496
2014-09-26,231,241,472
2014-09-27,190,194,384
2014-09-28,170,157,327
2014-09-29,239,210,449
2014-09-30,217,208,425
2014-10-01,199,182,381
2014-10-02,190,172,362
2014-10-03,178,157,335
2014-10-04,187,148,335
2014-10-05,161,194,355
2014-10-06,197,194,391
2014-10-07,213,212,425
2014-10-08,213,208,421
2014-10-09,222,227,449
2014-10-10,247,229,476
2014-10-11,224,204,428
2014-10-12,186,178,364
2014-10-13,237,193,430
2014-10-14,200,199,399
2014-10-15,223,198,421
2014-10-16,215,225,440
2014-10-17,222,215,437
2014-10-18,197,189,386
2014-10-19,172,149,321
2014-10-20,223,208,431
2014-10-21,225,194,419
2014-10-22,213,202,415
2014-10-23,177,167,344
2014-10-24,216,180,396
2014-10-25,208,209,417
2014-10-26,186,161,347
2014-10-27,239,184,423
2014-10-28,211,170,381
2014-10-29,204,209,413
2014-10-30,209,199,408
2014-10-31,231,197,428
2014-11-01,209,191,400
2014-11-02,166,137,303
2014-11-03,236,215,451
2014-11-04,208,184,392
2014-11-05,208,208,416
2014-11-06,239,218,457
2014-11-07,207,194,401
2014-11-08,185,180,365
2014-11-09,167,182,349
2014-11-10,235,215,450
2014-11-11,194,209,403
2014-11-12,237,190,427
2014-11-13,220,208,428
2014-11-14,240,190,430
2014-11-15,181,194,375
2014-11-16,167,133,300
2014-11-17,218,203,421
2014-11-18,222,211,433
2014-11-19,180,203,383
2014-11-20,194,207,401
2014-11-21,200,177,377
2014-11-22,201,169,370
2014-11-23,157,172,329
2014-11-24,204,206,410
2014-11-25,207,198,405
2014-11-26,209,209,418
2014-11-27,245,193,438
2014-11-28,195,195,390
2014-11-29,173,166,339
2014-11-30,174,131,305
2014-12-01,192,233,425
2014-12-02,212,200,412
2014-12-03,225,206,431
2014-12-04,240,189,429
2014-12-05,208,191,399
2014-12-06,199,176,375
2014-12-07,188,151,339
2014-12-08,182,197,379
2014-12-09,178,187,365
2014-12-10,208,194,402
2014-12-11,192,183,375
2014-12-12,186,203,389
2014-12-13,172,174,346
2014-12-14,172,188,360
2014-12-15,230,217,447
2014-12-16,185,157,342
2014-12-17,185,182,367
2014-12-18,228,200,428
2014-12-19,211,188,399
2014-12-20,162,190,352
2014-12-21,128,151,279
2014-12-22,184,182,366
2014-12-23,193,162,355
2014-12-24,187,190,377
2014-12-25,212,174,386
2014-12-26,170,158,328
2014-12-27,180,161,341
2014-12-28,150,143,293
2014-12-29,172,175,347
2014-12-30,166,168,334
2014-12-31,145,162,307
2015-01-01,229,193,422
2015-01-02,169,191,360
2015-01-03,162,170,332
2015-01-04,147,139,286
2015-01-05,197,206,403
2015-01-06,175,174,349
2015-01-07,165,182,347
2015-01-08,177,182,359
2015-01-09,171,170,341
2015-01-10,188,155,343
2015-01-11,147,118,265
2015-01-12,195,198,393
2015-01-13,162,158,320
2015-01-14,192,169,361
2015-01-15,179,168,347
2015-01-16,203,164,367
2015-01-17,165,149,314
2015-01-18,114,136,250
2015-01-19,174,153,327
2015-01-20,136,160,296
2015-01-21,152,164,316
2015-01-22,159,150,309
2015-01-23,180,160,340
2015-01-24,140,146,286
2015-01-25,95,133,228
2015-01-26,145,151,296
2015-01-27,164,157,321
2015-01-28,169,141,310
2015-01-29,160,170,330
2015-01-30,168,145,313
2015-01-31,140,111,251
2015-02-01,124,107,231
2015-02-02,157,145,302
2015-02-03,156,150,306
2015-02-04,141,150,291
2015-02-05,153,136,289
2015-02-06,173,146,319
2015-02-07,118,140,258
2015-02-08,121,97,218
2015-02-09,159,146,305
2015-02-10,158,125,283
2015-02-11,146,151,297
2015-02-12,175,155,330
2015-02-13,150,140,290
2015-02-14,140,137,277
2015-02-15,113,114,227
2015-02-16,150,129,279
2015-02-17,141,165,306
2015-02-18,155,131,286
2015-02-19,142,146,288
2015-02-20,140,168,308
2015-02-21,120,121,241
2015-02-22,115,120,235
2015-02-23,179,151,330
2015-02-24,144,122,266
2015-02-25,134,120,254
2015-02-26,137,136,273
2015-02-27,172,128,300
2015-02-28,138,136,274
2015-03-01,97,110,207
2015-03-02,151,130,281
2015-03-03,153,135,288
2015-03-04,153,122,275
2015-03-05,106,115,221
2015-03-06,168,140,308
2015-03-07,105,109,214
2015-03-08,114,81,195
2015-03-09,154,138,292
2015-03-10,166,149,315
2015-03-11,165,168,333
2015-03-12,163,144,307
2015-03-13,155,136,291
2015-03-14,133,125,258
2015-03-15,137,109,246
2015-03-16,160,135,295
2015-03-17,135,129,264
2015-03-18,154,142,296
2015-03-19,142,127,269
2015-03-20,149,126,275
2015-03-21,118,121,239
2015-03-22,136,94,230
2015-03-23,140,154,294
2015-03-24,127,122,249
2015-03-25,142,150,292
2015-03-26,159,156,315
2015-03-27,138,120,258
2015-03-28,151,136,287
2015-03-29,112,103,215
2015-03-30,144,134,278
2015-03-31,128,102,230
2015-04-01,127,128,255
2015-04-02,161,131,292
2015-04-03,159,118,277
2015-04-04,129,139,268
2015-04-05,111,111,222
2015-04-06,173,130,303
2015-04-07,132,162,294
2015-04-08,161,154,315
2015-04-09,156,151,307
2015-04-10,163,153,316
2015-04-11,152,121,273
2015-04-12,133,131,264
2015-04-13,152,140,292
2015-04-14,155,169,324
2015-04-15,165,161,326
2015-04-16,138,157,295
2015-04-17,166,142,308
2015-04-18,160,123,283
2015-04-19,151,111,262
2015-04-20,164,167,331
2015-04-21,163,179,342
2015-04-22,169,163,332
2015-04-23,165,166,331
2015-04-24,183,165,348
2015-04-25,133,121,254
2015-04-26,143,125,268
2015-04-27,174,143,317
2015-04-28,149,162,311
2015-04-29,190,154,344
2015-04-30,175,153,328
2015-05-01,177,185,362
2015-05-02,133,163,296
2015-05-03,133,115,248
2015-05-04,165,198,363
2015-05-05,182,166,348
2015-05-06,176,191,367
2015-05-07,161,164,325
2015-05-08,181,177,358
2015-05-09,180,137,317
2015-05-10,163,134,297
2015-05-11,188,208,396
2015-05-12,177,177,354
2015-05-13,167,156,323
2015-05-14,201,171,372
2015-05-15,206,189,395
2015-05-16,154,138,292
2015-05-17,138,124,262
2015-05-18,140,149,289
2015-05-19,171,138,309
2015-05-20,176,167,343
2015-05-21,209,147,356
2015-05-22,168,190,358
2015-05-23,167,154,321
2015-05-24,131,111,242
2015-05-25,161,168,329
2015-05-26,163,144,307
2015-05-27,175,172,347
2015-05-28,180,149,329
2015-05-29,159,142,301
2015-05-30,140,142,282
2015-05-31,134,127,261
2015-06-01,185,187,372
2015-06-02,169,147,316
2015-06-03,163,148,311
2015-06-04,169,178,347
2015-06-05,204,200,404
2015-06-06,177,147,324
2015-06-07,127,116,243
2015-06-08,169,160,329
2015-06-09,192,146,338
2015-06-10,189,181,370
2015-06-11,194,162,356
2015-06-12,183,179,362
2015-06-13,135,115,250
2015-06-14,133,119,252
2015-06-15,176,159,335
2015-06-16,178,142,320
2015-06-17,165,149,314
2015-06-18,192,181,373
2015-06-19,217,158,375
2015-06-20,177,165,342
2015-06-21,133,132,265
2015-06-22,160,178,338
2015-06-23,176,172,348
2015-06-24,181,157,338
2015-06-25,169,147,316
2015-06-26,179,159,338
2015-06-27,164,143,307
2015-06-28,137,131,268
2015-06-29,186,182,368
2015-06-30,180,148,328
2015-07-01,172,166,338
2015-07-02,178,169,347
2015-07-03,188,180,368
2015-07-04,181,155,336
2015-07-05,123,131,254
2015-07-06,182,150,332
2015-07-07,189,176,365
2015-07-08,183,174,357
2015-07-09,188,189,377
2015-07-10,209,180,389
2015-07-11,182,159,341
2015-07-12,179,171,350
2015-07-13,187,167,354
2015-07-14,172,165,337
2015-07-15,176,163,339
2015-07-16,181,181,362
2015-07-17,198,172,370
2015-07-18,162,161,323
2015-07-19,153,124,277
2015-07-20,199,199,398
2015-07-21,221,160,381
2015-07-22,185,188,373
2015-07-23,198,188,386
2015-07-24,204,200,404
2015-07-25,168,146,314
2015-07-26,130,135,265
2015-07-27,186,180,366
2015-07-28,203,153,356
2015-07-29,184,176,360
2015-07-30,189,177,366
2015-07-31,222,195,417
2015-08-01,147,160,307
2015-08-02,157,142,299
2015-08-03,242,194,436
2015-08-04,183,180,363
2015-08-05,216,203,419
2015-08-06,211,217,428
2015-08-07,229,190,419
2015-08-08,163,180,343
2015-08-09,159,143,302
2015-08-10,243,200,443
2015-08-11,191,180,371
2015-08-12,236,202,438
2015-08-13,180,211,391
2015-08-14,214,190,404
2015-08-15,165,170,335
2015-08-16,136,137,273
2015-08-17,225,200,425
2015-08-18,233,205,438
2015-08-19,198,177,375
2015-08-20,219,208,427
2015-08-21,218,185,403
2015-08-22,212,158,370
2015-08-23,153,168,321
2015-08-24,220,196,416
2015-08-25,219,193,412
2015-08-26,209,216,425
2015-08-27,207,208,415
2015-08-28,215,212,427
2015-08-29,182,169,351
2015-08-30,133,120,253
2015-08-31,205,209,414
2015-09-01,195,192,387
2015-09-02,225,233,458
2015-09-03,207,190,397
2015-09-04,216,212,428
2015-09-05,216,205,421
2015-09-06,173,159,332
2015-09-07,231,188,419
2015-09-08,224,182,406
2015-09-09,217,222,439
2015-09-10,227,227,454
2015-09-11,226,194,420
2015-09-12,218,199,417
2015-09-13,147,139,286
2015-09-14,223,198,421
2015-09-15,216,213,429
2015-09-16,215,209,424
2015-09-17,227,219,446
2015-09-18,203,200,403
2015-09-19,156,174,330
2015-09-20,168,158,326
2015-09-21,185,189,374
2015-09-22,186,191,377
2015-09-23,205,208,413
2015-09-24,191,199,390
2015-09-25,179,201,380
2015-09-26,188,196,384
2015-09-27,157,154,311
2015-09-28,206,203,409
2015-09-29,202,201,403
2015-09-30,223,179,402
2015-10-01,232,206,438
2015-10-02,259,230,489
2015-10-03,197,153,350
2015-10-04,130,169,299
2015-10-05,201,224,425
2015-10-06,215,202,417
2015-10-07,200,211,411
2015-10-08,212,193,405
2015-10-09,207,194,401
2015-10-10,194,191,385
2015-10-11,154,168,322
2015-10-12,233,207,440
2015-10-13,208,203,411
2015-10-14,260,230,490
2015-10-15,245,222,467
2015-10-16,217,231,448
2015-10-17,176,171,347
2015-10-18,162,157,319
2015-10-19,172,169,341
2015-10-20,189,171,360
2015-10-21,175,145,320
2015-10-22,170,147,317
2015-10-23,199,187,386
2015-10-24,168,168,336
2015-10-25,192,171,363
2015-10-26,223,197,420
2015-10-27,210,184,394
2015-10-28,222,175,397
2015-10-29,199,230,429
2015-10-30,243,208,451
2015-10-31,165,200,365
2015-11-01,150,159,309
2015-11-02,233,202,435
2015-11-03,213,200,413
2015-11-04,220,188,408
2015-11-05,184,167,351
2015-11-06,216,213,429
2015-11-07,206,184,390
2015-11-08,164,152,316
2015-11-09,212,189,401
2015-11-10,142,166,308
2015-11-11,159,165,324
2015-11-12,228,221,449
2015-11-13,180,210,390
2015-11-14,189,177,366
2015-11-15,160,139,299
2015-11-16,220,190,410
2015-11-17,202,207,409
2015-11-18,218,209,427
2015-11-19,214,205,419
2015-11-20,196,222,418
2015-11-21,191,183,374
2015-11-22,182,148,330
2015-11-23,201,204,405
2015-11-24,181,189,370
2015-11-25,229,228,457
2015-11-26,194,195,389
2015-11-27,203,202,405
2015-11-28,183,163,346
2015-11-29,141,131,272
2015-11-30,211,191,402
2015-12-01,216,188,404
2015-12-02,218,197,415
2015-12-03,216,205,421
2015-12-04,198,190,388
2015-12-05,202,181,383
2015-12-06,158,139,297
2015-12-07,239,188,427
2015-12-08,199,201,400
2015-12-09,201,209,410
2015-12-10,223,190,413
2015-12-11,193,173,366
2015-12-12,171,172,343
2015-12-13,149,133,282
2015-12-14,204,217,421
2015-12-15,189,193,382
2015-12-16,181,184,365
2015-12-17,202,176,378
2015-12-18,187,171,358
2015-12-19,158,152,310
2015-12-20,160,138,298
2015-12-21,184,182,366
2015-12-22,193,184,377
2015-12-23,177,185,362
2015-12-24,180,196,376
2015-12-25,174,157,331
2015-12-26,157,126,283
2015-12-27,143,149,292
2015-12-28,159,185,344
2015-12-29,176,141,317
2015-12-30,173,170,343
2015-12-31,179,168,347
2016-01-01,242,203,445
2016-01-02,171,169,340
2016-01-03,123,139,262
2016-01-04,197,178,375
2016-01-05,179,179,358
2016-01-06,194,179,373
2016-01-07,204,160,364
2016-01-08,193,168,361
2016-01-09,146,135,281
2016-01-10,150,124,274
2016-01-11,170,194,364
2016-01-12,190,164,354
2016-01-13,157,174,331
2016-01-14,166,152,318
2016-01-15,168,171,339
2016-01-16,159,133,292
2016-01-17,135,135,270
2016-01-18,176,181,357
2016-01-19,162,143,305
2016-01-20,183,172,355
2016-01-21,174,164,338
2016-01-22,164,156,320
2016-01-23,149,139,288
2016-01-24,140,107,247
2016-01-25,182,154,336
2016-01-26,142,131,273
2016-01-27,167,163,330
2016-01-28,181,168,349
2016-01-29,166,172,338
2016-01-30,124,143,267
2016-01-31,118,93,211
2016-02-01,151,194,345
2016-02-02,156,147,303
2016-02-03,177,155,332
2016-02-04,151,142,293
2016-02-05,141,141,282
2016-02-06,129,144,273
2016-02-07,100,126,226
2016-02-08,142,144,286
2016-02-09,139,156,295
2016-02-10,169,145,314
2016-02-11,150,133,283
2016-02-12,148,132,280
2016-02-13,118,116,234
2016-02-14,109,115,224
2016-02-15,147,131,278
2016-02-16,131,133,264
2016-02-17,160,140,300
2016-02-18,133,126,259
2016-02-19,139,141,280
2016-02-20,118,108,226
2016-02-21,115,104,219
2016-02-22,145,174,319
2016-02-23,117,106,223
2016-02-24,139,129,268
2016-02-25,121,144,265
2016-02-26,133,120,253
2016-02-27,131,94,225
2016-02-28,114,96,210
2016-02-29,115,116,231
2016-03-01,131,135,266
2016-03-02,141,137,278
2016-03-03,134,133,267
2016-03-04,134,136,270
2016-03-05,132,114,246
2016-03-06,101,104,205
2016-03-07,144,136,280
2016-03-08,140,98,238
2016-03-09,122,137,259
2016-03-10,162,149,311
2016-03-11,139,147,286
2016-03-12,128,99,227
2016-03-13,97,96,193
2016-03-14,151,126,277
2016-03-15,125,115,240
2016-03-16,147,136,283
2016-03-17,141,136,277
2016-03-18,135,130,265
2016-03-19,154,85,239
2016-03-20,120,87,207
2016-03-21,153,162,315
2016-03-22,136,131,267
2016-03-23,116,108,224
2016-03-24,145,138,283
2016-03-25,157,124,281
2016-03-26,135,124,259
2016-03-27,148,93,241
2016-03-28,165,154,319
2016-03-29,155,136,291
2016-03-30,151,158,309
2016-03-31,136,158,294
2016-04-01,177,140,317
2016-04-02,125,137,262
2016-04-03,113,112,225
2016-04-04,185,162,347
2016-04-05,176,151,327
2016-04-06,152,144,296
2016-04-07,174,143,317
2016-04-08,201,142,343
2016-04-09,145,115,260
2016-04-10,138,119,257
2016-04-11,189,135,324
2016-04-12,161,162,323
2016-04-13,153,148,301
2016-04-14,167,159,326
2016-04-15,162,185,347
2016-04-16,149,154,303
2016-04-17,118,111,229
2016-04-18,169,181,350
2016-04-19,179,139,318
2016-04-20,195,164,359
2016-04-21,162,146,308
2016-04-22,185,166,351
2016-04-23,160,151,311
2016-04-24,145,116,261
2016-04-25,178,144,322
2016-04-26,159,198,357
2016-04-27,173,139,312
2016-04-28,154,153,307
2016-04-29,157,143,300
2016-04-30,146,124,270
2016-05-01,131,106,237
2016-05-02,190,147,337
2016-05-03,161,171,332
2016-05-04,173,177,350
2016-05-05,142,176,318
2016-05-06,151,145,296
2016-05-07,158,124,282
2016-05-08,117,148,265
2016-05-09,200,203,403
2016-05-10,161,154,315
2016-05-11,181,175,356
2016-05-12,166,157,323
2016-05-13,169,152,321
2016-05-14,160,129,289
2016-05-15,127,125,252
2016-05-16,193,148,341
2016-05-17,173,154,327
2016-05-18,175,153,328
2016-05-19,161,148,309
2016-05-20,167,165,332
2016-05-21,139,151,290
2016-05-22,129,108,237
2016-05-23,158,143,301
2016-05-24,171,123,294
2016-05-25,183,156,339
2016-05-26,143,140,283
2016-05-27,184,158,342
2016-05-28,147,132,279
2016-05-29,121,103,224
2016-05-30,151,143,294
2016-05-31,150,130,280
2016-06-01,184,149,333
2016-06-02,147,152,299
2016-06-03,157,149,306
2016-06-04,146,124,270
2016-06-05,129,113,242
2016-06-06,159,160,319
2016-06-07,192,150,342
2016-06-08,169,177,346
2016-06-09,174,149,323
2016-06-10,196,159,355
2016-06-11,146,138,284
2016-06-12,135,115,250
2016-06-13,144,142,286
2016-06-14,159,136,295
2016-06-15,175,168,343
2016-06-16,168,171,339
2016-06-17,163,164,327
2016-06-18,134,142,276
2016-06-19,111,113,224
2016-06-20,164,157,321
2016-06-21,160,150,310
2016-06-22,132,150,282
2016-06-23,159,135,294
2016-06-24,147,155,302
2016-06-25,154,126,280
2016-06-26,123,117,240
2016-06-27,167,131,298
2016-06-28,173,147,320
2016-06-29,169,136,305
2016-06-30,172,150,322
2016-07-01,159,147,306
2016-07-02,137,143,280
2016-07-03,99,106,205
2016-07-04,144,134,278
2016-07-05,158,144,302
2016-07-06,188,166,354
2016-07-07,148,130,278
2016-07-08,155,162,317
2016-07-09,179,136,315
2016-07-10,140,131,271
2016-07-11,156,176,332
2016-07-12,161,186,347
2016-07-13,166,172,338
2016-07-14,197,177,374
2016-07-15,152,174,326
2016-07-16,179,141,320
2016-07-17,138,123,261
2016-07-18,193,180,373
2016-07-19,218,177,395
2016-07-20,181,161,342
2016-07-21,156,158,314
2016-07-22,189,150,339
2016-07-23,147,161,308
2016-07-24,163,133,296
2016-07-25,194,178,372
2016-07-26,174,182,356
2016-07-27,188,179,367
2016-07-28,199,155,354
2016-07-29,201,192,393
2016-07-30,178,146,324
2016-07-31,132,116,248
2016-08-01,187,193,380
2016-08-02,185,156,341
2016-08-03,203,173,376
2016-08-04,208,161,369
2016-08-05,176,207,383
2016-08-06,171,155,326
2016-08-07,147,137,284
2016-08-08,219,197,416
2016-08-09,175,171,346
2016-08-10,191,184,375
2016-08-11,183,198,381
2016-08-12,205,216,421
2016-08-13,170,173,343
2016-08-14,157,147,304
2016-08-15,215,193,408
2016-08-16,210,170,380
2016-08-17,238,173,411
2016-08-18,203,194,397
2016-08-19,201,165,366
2016-08-20,164,190,354
2016-08-21,150,145,295
2016-08-22,202,181,383
2016-08-23,189,170,359
2016-08-24,182,183,365
2016-08-25,259,216,475
2016-08-26,204,177,381
2016-08-27,191,155,346
2016-08-28,152,131,283
2016-08-29,207,188,395
2016-08-30,173,202,375
2016-08-31,198,179,377
2016-09-01,179,171,350
2016-09-02,205,185,390
2016-09-03,167,149,316
2016-09-04,163,145,308
2016-09-05,216,235,451
2016-09-06,217,178,395
2016-09-07,190,168,358
2016-09-08,187,192,379
2016-09-09,202,160,362
2016-09-10,189,184,373
2016-09-11,164,142,306
2016-09-12,203,174,377
2016-09-13,148,168,316
2016-09-14,208,183,391
2016-09-15,187,187,374
2016-09-16,221,225,446
2016-09-17,169,196,365
2016-09-18,151,162,313
2016-09-19,213,190,403
2016-09-20,220,188,408
2016-09-21,195,223,418
2016-09-22,202,187,389
2016-09-23,196,189,385
2016-09-24,164,170,334
2016-09-25,156,137,293
2016-09-26,206,186,392
2016-09-27,196,177,373
2016-09-28,210,179,389
2016-09-29,195,195,390
2016-09-30,178,184,362
2016-10-01,187,197,384
2016-10-02,165,166,331
2016-10-03,241,219,460
2016-10-04,225,197,422
2016-10-05,227,199,426
2016-10-06,200,210,410
2016-10-07,176,170,346
2016-10-08,163,148,311
2016-10-09,129,120,249
2016-10-10,160,142,302
2016-10-11,163,155,318
2016-10-12,185,188,373
2016-10-13,175,177,352
2016-10-14,224,225,449
2016-10-15,188,160,348
2016-10-16,155,162,317
2016-10-17,204,165,369
2016-10-18,203,224,427
2016-10-19,188,191,379
2016-10-20,210,204,414
2016-10-21,220,185,405
2016-10-22,161,207,368
2016-10-23,164,136,300
2016-10-24,197,191,388
2016-10-25,210,186,396
2016-10-26,221,193,414
2016-10-27,208,175,383
2016-10-28,219,178,397
2016-10-29,150,150,300
2016-10-30,127,132,259
2016-10-31,186,172,358
2016-11-01,181,177,358
2016-11-02,208,189,397
2016-11-03,173,164,337
2016-11-04,194,191,385
2016-11-05,164,159,323
2016-11-06,128,131,259
2016-11-07,195,196,391
2016-11-08,178,173,351
2016-11-09,179,199,378
2016-11-10,199,213,412
2016-11-11,218,178,396
2016-11-12,197,158,355
2016-11-13,122,143,265
2016-11-14,207,245,452
2016-11-15,182,172,354
2016-11-16,209,211,420
2016-11-17,175,173,348
2016-11-18,197,195,392
2016-11-19,182,171,353
2016-11-20,134,111,245
2016-11-21,192,166,358
2016-11-22,178,168,346
2016-11-23,204,211,415
2016-11-24,188,167,355
2016-11-25,199,216,415
2016-11-26,143,167,310
2016-11-27,158,145,303
2016-11-28,200,157,357
2016-11-29,182,176,358
2016-11-30,186,188,374
2016-12-01,182,177,359
2016-12-02,183,194,377
2016-12-03,179,179,358
2016-12-04,167,136,303
2016-12-05,194,190,384
2016-12-06,181,170,351
2016-12-07,172,174,346
2016-12-08,173,149,322
2016-12-09,189,167,356
2016-12-10,154,138,292
2016-12-11,146,125,271
2016-12-12,169,191,360
2016-12-13,176,167,343
2016-12-14,195,161,356
2016-12-15,199,190,389
2016-12-16,193,181,374
2016-12-17,160,159,319
2016-12-18,146,127,273
2016-12-19,165,182,347
2016-12-20,175,160,335
2016-12-21,198,162,360
2016-12-22,162,181,343
2016-12-23,186,177,363
2016-12-24,172,147,319
2016-12-25,141,138,279
2016-12-26,201,140,341
2016-12-27,180,180,360
2016-12-28,162,142,304
2016-12-29,144,139,283
2016-12-30,148,146,294
2016-12-31,141,144,285
2017-01-01,156,154,310
2017-01-02,183,177,360
2017-01-03,167,161,328
2017-01-04,158,160,318
2017-01-05,163,166,329
2017-01-06,174,172,346
2017-01-07,129,123,252
2017-01-08,98,101,199
2017-01-09,195,158,353
2017-01-10,165,148,313
2017-01-11,168,149,317
2017-01-12,175,191,366
2017-01-13,125,142,267
2017-01-14,122,135,257
2017-01-15,103,91,194
2017-01-16,156,146,302
2017-01-17,154,145,299
2017-01-18,140,163,303
2017-01-19,139,138,277
2017-01-20,157,159,316
2017-01-21,145,127,272
2017-01-22,102,90,192
2017-01-23,159,146,305
2017-01-24,123,128,251
2017-01-25,131,128,259
2017-01-26,131,131,262
2017-01-27,128,114,242
2017-01-28,130,116,246
2017-01-29,97,110,207
2017-01-30,161,125,286
2017-01-31,136,137,273
2017-02-01,146,140,286
2017-02-02,160,139,299
2017-02-03,143,151,294
2017-02-04,137,141,278
2017-02-05,127,90,217
2017-02-06,142,138,280
2017-02-07,158,130,288
2017-02-08,142,149,291
2017-02-09,132,137,269
2017-02-10,150,161,311
2017-02-11,111,110,221
2017-02-12,96,88,184
2017-02-13,132,123,255
2017-02-14,141,144,285
2017-02-15,140,157,297
2017-02-16,162,142,304
2017-02-17,160,145,305
2017-02-18,110,117,227
2017-02-19,102,85,187
2017-02-20,154,124,278
2017-02-21,133,134,267
2017-02-22,147,146,293
2017-02-23,124,132,256
2017-02-24,160,148,308
2017-02-25,124,118,242
2017-02-26,82,93,175
2017-02-27,131,143,274
2017-02-28,164,149,313
2017-03-01,148,149,297
2017-03-02,153,142,295
2017-03-03,167,122,289
2017-03-04,127,107,234
2017-03-05,110,112,222
2017-03-06,172,149,321
2017-03-07,119,135,254
2017-03-08,157,152,309
2017-03-09,149,149,298
2017-03-10,154,141,295
2017-03-11,119,112,231
2017-03-12,88,96,184
2017-03-13,115,115,230
2017-03-14,144,139,283
2017-03-15,137,148,285
2017-03-16,149,137,286
2017-03-17,170,141,311
2017-03-18,126,140,266
2017-03-19,114,106,220
2017-03-20,167,129,296
2017-03-21,131,112,243
2017-03-22,178,148,326
2017-03-23,178,121,299
2017-03-24,148,127,275
2017-03-25,156,133,289
2017-03-26,108,91,199
2017-03-27,155,161,316
2017-03-28,155,115,270
2017-03-29,157,150,307
2017-03-30,147,130,277
2017-03-31,160,153,313
2017-04-01,155,126,281
2017-04-02,98,114,212
2017-04-03,152,140,292
2017-04-04,145,159,304
2017-04-05,191,155,346
2017-04-06,138,152,290
2017-04-07,183,171,354
2017-04-08,136,113,249
2017-04-09,127,121,248
2017-04-10,174,152,326
2017-04-11,156,162,318
2017-04-12,150,156,306
2017-04-13,127,135,262
2017-04-14,145,158,303
2017-04-15,134,144,278
2017-04-16,100,94,194
2017-04-17,147,152,299
2017-04-18,157,139,296
2017-04-19,152,155,307
2017-04-20,171,150,321
2017-04-21,182,183,365
2017-04-22,155,118,273
2017-04-23,114,95,209
2017-04-24,142,158,300
2017-04-25,130,157,287
2017-04-26,146,158,304
2017-04-27,143,149,292
2017-04-28,167,161,328
2017-04-29,172,148,320
2017-04-30,112,113,225
2017-05-01,142,133,275
2017-05-02,166,137,303
2017-05-03,158,154,312
2017-05-04,162,122,284
2017-05-05,153,181,334
2017-05-06,151,114,265
2017-05-07,130,101,231
2017-05-08,154,134,288
2017-05-09,151,155,306
2017-05-10,166,171,337
2017-05-11,175,127,302
2017-05-12,139,145,284
2017-05-13,142,107,249
2017-05-14,118,118,236
2017-05-15,174,164,338
2017-05-16,162,143,305
2017-05-17,156,138,294
2017-05-18,174,116,290
2017-05-19,135,134,269
2017-05-20,108,143,251
2017-05-21,116,101,217
2017-05-22,142,121,263
2017-05-23,136,115,251
2017-05-24,123,153,276
2017-05-25,130,123,253
2017-05-26,144,147,291
2017-05-27,126,128,254
2017-05-28,103,110,213
2017-05-29,149,119,268
2017-05-30,156,105,261
2017-05-31,161,121,282
2017-06-01,143,153,296
2017-06-02,135,139,274
2017-06-03,148,111,259
2017-06-04,126,98,224
2017-06-05,164,135,299
2017-06-06,134,137,271
2017-06-07,165,150,315
2017-06-08,150,149,299
2017-06-09,149,149,298
2017-06-10,129,125,254
2017-06-11,111,95,206
2017-06-12,169,139,308
2017-06-13,144,142,286
2017-06-14,176,151,327
2017-06-15,156,116,272
2017-06-16,165,139,304
2017-06-17,144,128,272
2017-06-18,135,121,256
2017-06-19,172,141,313
2017-06-20,158,144,302
2017-06-21,158,140,298
2017-06-22,170,143,313
2017-06-23,176,148,324
2017-06-24,149,121,270
2017-06-25,131,134,265
2017-06-26,139,124,263
2017-06-27,146,139,285
2017-06-28,156,163,319
2017-06-29,166,160,326
2017-06-30,173,137,310
2017-07-01,162,152,314
2017-07-02,117,115,232
2017-07-03,167,165,332
2017-07-04,165,146,311
2017-07-05,167,165,332
2017-07-06,149,178,327
2017-07-07,163,146,309
2017-07-08,130,141,271
2017-07-09,148,123,271
2017-07-10,180,165,345
2017-07-11,176,162,338
2017-07-12,173,132,305
2017-07-13,164,136,300
2017-07-14,166,166,332
2017-07-15,149,152,301
2017-07-16,145,111,256
2017-07-17,177,146,323
2017-07-18,148,139,287
2017-07-19,166,149,315
2017-07-20,167,162,329
2017-07-21,161,167,328
2017-07-22,137,139,276
2017-07-23,95,111,206
2017-07-24,144,146,290
2017-07-25,136,132,268
2017-07-26,174,180,354
2017-07-27,174,152,326
2017-07-28,180,173,353
2017-07-29,144,149,293
2017-07-30,137,125,262
2017-07-31,175,145,320
2017-08-01,202,191,393
2017-08-02,208,160,368
2017-08-03,168,167,335
2017-08-04,182,192,374
2017-08-05,158,159,317
2017-08-06,162,131,293
2017-08-07,226,201,427
2017-08-08,171,175,346
2017-08-09,194,182,376
2017-08-10,216,172,388
2017-08-11,184,184,368
2017-08-12,151,144,295
2017-08-13,140,102,242
2017-08-14,216,183,399
2017-08-15,168,172,340
2017-08-16,181,160,341
2017-08-17,182,206,388
2017-08-18,203,191,394
2017-08-19,176,174,350
2017-08-20,170,132,302
2017-08-21,185,171,356
2017-08-22,178,147,325
2017-08-23,167,191,358
2017-08-24,182,209,391
2017-08-25,220,216,436
2017-08-26,182,156,338
2017-08-27,130,153,283
2017-08-28,196,176,372
2017-08-29,186,170,356
2017-08-30,182,162,344
2017-08-31,174,170,344
2017-09-01,194,180,374
2017-09-02,166,136,302
2017-09-03,144,133,277
2017-09-04,200,176,376
2017-09-05,183,207,390
2017-09-06,202,211,413
2017-09-07,223,171,394
2017-09-08,202,195,397
2017-09-09,193,161,354
2017-09-10,133,143,276
2017-09-11,176,155,331
2017-09-12,190,197,387
2017-09-13,196,170,366
2017-09-14,204,196,400
2017-09-15,217,195,412
2017-09-16,186,187,373
2017-09-17,153,137,290
2017-09-18,205,189,394
2017-09-19,174,189,363
2017-09-20,204,188,392
2017-09-21,227,217,444
2017-09-22,217,236,453
2017-09-23,190,170,360
2017-09-24,160,161,321
2017-09-25,241,183,424
2017-09-26,186,182,368
2017-09-27,159,170,329
2017-09-28,137,138,275
2017-09-29,145,140,285
2017-09-30,131,128,259
2017-10-01,153,120,273
2017-10-02,208,162,370
2017-10-03,207,183,390
2017-10-04,198,174,372
2017-10-05,232,213,445
2017-10-06,169,192,361
2017-10-07,196,155,351
2017-10-08,156,139,295
2017-10-09,209,174,383
2017-10-10,195,182,377
2017-10-11,164,214,378
2017-10-12,205,240,445
2017-10-13,195,195,390
2017-10-14,193,186,379
2017-10-15,173,126,299
2017-10-16,214,206,420
2017-10-17,176,188,364
2017-10-18,212,213,425
2017-10-19,171,151,322
2017-10-20,197,162,359
2017-10-21,155,150,305
2017-10-22,153,148,301
2017-10-23,194,186,380
2017-10-24,189,171,360
2017-10-25,193,181,374
2017-10-26,226,180,406
2017-10-27,205,217,422
2017-10-28,166,149,315
2017-10-29,127,137,264
2017-10-30,190,162,352
2017-10-31,187,157,344
2017-11-01,206,166,372
2017-11-02,204,199,403
2017-11-03,199,180,379
2017-11-04,182,178,360
2017-11-05,147,150,297
2017-11-06,199,168,367
2017-11-07,173,183,356
2017-11-08,209,180,389
2017-11-09,191,211,402
2017-11-10,207,217,424
2017-11-11,164,137,301
2017-11-12,153,131,284
2017-11-13,151,168,319
2017-11-14,205,188,393
2017-11-15,185,159,344
2017-11-16,196,168,364
2017-11-17,191,190,381
2017-11-18,182,150,332
2017-11-19,159,134,293
2017-11-20,201,184,385
2017-11-21,170,171,341
2017-11-22,189,148,337
2017-11-23,182,162,344
2017-11-24,168,177,345
2017-11-25,160,127,287
2017-11-26,130,120,250
2017-11-27,165,169,334
2017-11-28,173,172,345
2017-11-29,182,176,358
2017-11-30,160,183,343
2017-12-01,192,186,378
2017-12-02,145,149,294
2017-12-03,158,127,285
2017-12-04,176,154,330
2017-12-05,174,160,334
2017-12-06,195,161,356
2017-12-07,172,182,354
2017-12-08,172,196,368
2017-12-09,148,173,321
2017-12-10,129,128,257
2017-12-11,167,189,356
2017-12-12,178,166,344
2017-12-13,172,144,316
2017-12-14,173,167,340
2017-12-15,185,178,363
2017-12-16,135,124,259
2017-12-17,129,94,223
2017-12-18,167,159,326
2017-12-19,162,157,319
2017-12-20,176,175,351
2017-12-21,192,156,348
2017-12-22,187,151,338
2017-12-23,133,121,254
2017-12-24,125,100,225
2017-12-25,154,139,293
2017-12-26,170,134,304
2017-12-27,147,156,303
2017-12-28,156,137,293
2017-12-29,149,142,291
2017-12-30,140,117,257
2017-12-31,115,97,212
2018-01-01,178,164,342
2018-01-02,140,153,293
2018-01-03,154,133,287
2018-01-04,141,144,285
2018-01-05,148,135,283
2018-01-06,122,131,253
2018-01-07,104,120,224
2018-01-08,157,149,306
2018-01-09,149,137,286
2018-01-10,153,129,282
2018-01-11,143,161,304
2018-01-12,155,158,313
2018-01-13,118,135,253
2018-01-14,101,109,210
2018-01-15,138,136,274
2018-01-16,141,117,258
2018-01-17,145,116,261
2018-01-18,151,152,303
2018-01-19,135,136,271
2018-01-20,122,105,227
2018-01-21,102,87,189
2018-01-22,126,121,247
2018-01-23,138,146,284
2018-01-24,165,137,302
2018-01-25,135,150,285
2018-01-26,140,125,265
2018-01-27,121,113,234
2018-01-28,108,100,208
2018-01-29,122,132,254
2018-01-30,148,130,278
2018-01-31,137,114,251
2018-02-01,122,136,258
2018-02-02,134,113,247
2018-02-03,134,116,250
2018-02-04,89,118,207
2018-02-05,150,147,297
2018-02-06,118,121,239
2018-02-07,132,141,273
2018-02-08,89,117,206
2018-02-09,133,127,260
2018-02-10,119,108,227
2018-02-11,100,84,184
2018-02-12,124,142,266
2018-02-13,115,110,225
2018-02-14,181,142,323
2018-02-15,107,113,220
2018-02-16,106,128,234
2018-02-17,114,111,225
2018-02-18,95,92,187
2018-02-19,138,105,243
2018-02-20,111,108,219
2018-02-21,123,115,238
2018-02-22,108,123,231
2018-02-23,114,105,219
2018-02-24,106,78,184
2018-02-25,87,78,165
2018-02-26,146,113,259
2018-02-27,131,101,232
2018-02-28,128,124,252
2018-03-01,114,101,215
2018-03-02,112,109,221
2018-03-03,94,129,223
2018-03-04,99,103,202
2018-03-05,130,124,254
2018-03-06,140,141,281
2018-03-07,141,145,286
2018-03-08,94,131,225
2018-03-09,139,115,254
2018-03-10,92,128,220
2018-03-11,83,103,186
2018-03-12,140,131,271
2018-03-13,124,123,247
2018-03-14,132,133,265
2018-03-15,146,124,270
2018-03-16,149,137,286
2018-03-17,104,105,209
2018-03-18,109,106,215
2018-03-19,154,137,291
2018-03-20,117,132,249
2018-03-21,152,141,293
2018-03-22,136,135,271
2018-03-23,143,132,275
2018-03-24,153,123,276
2018-03-25,94,115,209
2018-03-26,156,124,280
2018-03-27,121,120,241
2018-03-28,156,104,260
2018-03-29,145,108,253
2018-03-30,121,165,286
2018-03-31,123,130,253
2018-04-01,83,89,172
2018-04-02,154,132,286
2018-04-03,133,126,259
2018-04-04,156,156,312
2018-04-05,143,135,278
2018-04-06,132,147,279
2018-04-07,120,127,247
2018-04-08,114,108,222
2018-04-09,151,122,273
2018-04-10,140,160,300
2018-04-11,153,134,287
2018-04-12,135,146,281
2018-04-13,139,121,260
2018-04-14,123,123,246
2018-04-15,121,114,235
2018-04-16,130,137,267
2018-04-17,120,138,258
2018-04-18,152,157,309
2018-04-19,135,128,263
2018-04-20,154,143,297
2018-04-21,126,142,268
2018-04-22,113,102,215
2018-04-23,149,136,285
2018-04-24,123,126,249
2018-04-25,151,134,285
2018-04-26,160,120,280
2018-04-27,136,139,275
2018-04-28,145,133,278
2018-04-29,111,83,194
2018-04-30,125,133,258
2018-05-01,133,108,241
2018-05-02,146,129,275
2018-05-03,121,128,249
2018-05-04,139,137,276
2018-05-05,135,118,253
2018-05-06,83,93,176
2018-05-07,145,129,274
2018-05-08,137,136,273
2018-05-09,134,138,272
2018-05-10,127,126,253
2018-05-11,142,126,268
2018-05-12,145,105,250
2018-05-13,89,80,169
2018-05-14,122,115,237
2018-05-15,117,112,229
2018-05-16,124,94,218
2018-05-17,145,113,258
2018-05-18,124,135,259
2018-05-19,102,104,206
2018-05-20,91,95,186
2018-05-21,117,131,248
2018-05-22,120,114,234
2018-05-23,152,107,259
2018-05-24,130,120,250
2018-05-25,119,135,254
2018-05-26,117,82,199
2018-05-27,84,79,163
2018-05-28,139,112,251
2018-05-29,123,115,238
2018-05-30,118,103,221
2018-05-31,105,114,219
2018-06-01,128,113,241
2018-06-02,110,96,206
2018-06-03,63,74,137
2018-06-04,126,126,252
2018-06-05,113,91,204
2018-06-06,128,123,251
2018-06-07,122,126,248
2018-06-08,109,117,226
2018-06-09,92,88,180
2018-06-10,89,92,181
2018-06-11,120,109,229
2018-06-12,108,106,214
2018-06-13,120,109,229
2018-06-14,107,123,230
2018-06-15,135,98,233
2018-06-16,92,77,169
2018-06-17,101,68,169
2018-06-18,122,107,229
2018-06-19,140,114,254
2018-06-20,147,122,269
2018-06-21,122,131,253
2018-06-22,106,134,240
2018-06-23,99,107,206
2018-06-24,85,87,172
2018-06-25,113,97,210
2018-06-26,111,111,222
2018-06-27,109,128,237
2018-06-28,127,95,222
2018-06-29,115,116,231
2018-06-30,117,90,207
2018-07-01,89,80,169
2018-07-02,139,109,248
2018-07-03,113,94,207
2018-07-04,129,114,243
2018-07-05,152,129,281
2018-07-06,149,133,282
2018-07-07,146,114,260
2018-07-08,108,74,182
2018-07-09,131,124,255
2018-07-10,126,124,250
2018-07-11,153,124,277
2018-07-12,126,126,252
2018-07-13,128,102,230
2018-07-14,132,126,258
2018-07-15,99,97,196
2018-07-16,130,137,267
2018-07-17,118,133,251
2018-07-18,157,126,283
2018-07-19,123,133,256
2018-07-20,159,141,300
2018-07-21,108,122,230
2018-07-22,80,83,163
2018-07-23,137,126,263
2018-07-24,146,126,272
2018-07-25,134,119,253
2018-07-26,137,133,270
2018-07-27,133,137,270
2018-07-28,131,102,233
2018-07-29,101,104,205
2018-07-30,128,131,259
2018-07-31,137,99,236
2018-08-01,159,140,299
2018-08-02,136,142,278
2018-08-03,141,124,265
2018-08-04,134,120,254
2018-08-05,103,112,215
2018-08-06,162,109,271
2018-08-07,143,135,278
2018-08-08,167,107,274
2018-08-09,146,167,313
2018-08-10,169,159,328
2018-08-11,146,132,278
2018-08-12,124,123,247
2018-08-13,165,140,305
2018-08-14,174,137,311
2018-08-15,166,149,315
2018-08-16,132,151,283
2018-08-17,150,142,292
2018-08-18,149,119,268
2018-08-19,113,107,220
2018-08-20,152,151,303
2018-08-21,132,139,271
2018-08-22,138,117,255
2018-08-23,163,133,296
2018-08-24,158,174,332
2018-08-25,167,136,303
2018-08-26,116,129,245
2018-08-27,144,162,306
2018-08-28,163,136,299
2018-08-29,179,140,319
2018-08-30,147,165,312
2018-08-31,155,144,299
2018-09-01,130,131,261
2018-09-02,101,116,217
2018-09-03,152,144,296
2018-09-04,136,154,290
2018-09-05,165,155,320
2018-09-06,164,133,297
2018-09-07,151,140,291
2018-09-08,120,119,239
2018-09-09,104,92,196
2018-09-10,144,144,288
2018-09-11,126,143,269
2018-09-12,149,144,293
2018-09-13,169,180,349
2018-09-14,146,158,304
2018-09-15,144,112,256
2018-09-16,107,89,196
2018-09-17,156,137,293
2018-09-18,166,121,287
2018-09-19,161,154,315
2018-09-20,158,159,317
2018-09-21,158,123,281
2018-09-22,130,107,237
2018-09-23,102,102,204
2018-09-24,140,160,300
2018-09-25,144,137,281
2018-09-26,173,133,306
2018-09-27,163,139,302
2018-09-28,141,131,272
2018-09-29,146,130,276
2018-09-30,117,118,235
2018-10-01,155,127,282
2018-10-02,149,157,306
2018-10-03,147,139,286
2018-10-04,165,163,328
2018-10-05,153,154,307
2018-10-06,136,124,260
2018-10-07,115,90,205
2018-10-08,124,161,285
2018-10-09,185,145,330
2018-10-10,168,166,334
2018-10-11,169,147,316
2018-10-12,205,169,374
2018-10-13,141,154,295
2018-10-14,121,85,206
2018-10-15,130,121,251
2018-10-16,104,113,217
2018-10-17,104,84,188
2018-10-18,109,84,193
2018-10-19,121,106,227
2018-10-20,107,111,218
2018-10-21,130,100,230
2018-10-22,168,168,336
2018-10-23,165,117,282
2018-10-24,149,132,281
2018-10-25,163,137,300
2018-10-26,149,149,298
2018-10-27,141,128,269
2018-10-28,125,88,213
2018-10-29,166,154,320
2018-10-30,141,142,283
2018-10-31,150,156,306
2018-11-01,159,143,302
2018-11-02,148,152,300
2018-11-03,127,120,247
2018-11-04,108,125,233
2018-11-05,155,173,328
2018-11-06,123,119,242
2018-11-07,125,93,218
2018-11-08,150,145,295
2018-11-09,175,135,310
2018-11-10,124,138,262
2018-11-11,109,120,229
2018-11-12,148,145,293
2018-11-13,142,134,276
2018-11-14,184,164,348
2018-11-15,160,168,328
2018-11-16,155,156,311
2018-11-17,125,107,232
2018-11-18,118,90,208
2018-11-19,147,134,281
2018-11-20,141,136,277
2018-11-21,131,129,260
2018-11-22,174,117,291
2018-11-23,152,155,307
2018-11-24,136,108,244
2018-11-25,92,98,190
2018-11-26,122,143,265
2018-11-27,159,124,283
2018-11-28,141,145,286
2018-11-29,129,118,247
2018-11-30,150,149,299
2018-12-01,123,100,223
2018-12-02,112,117,229
2018-12-03,131,129,260
2018-12-04,114,111,225
2018-12-05,136,128,264
2018-12-06,139,144,283
2018-12-07,134,131,265
2018-12-08,112,93,205
2018-12-09,80,68,148
2018-12-10,136,153,289
2018-12-11,136,140,276
2018-12-12,157,148,305
2018-12-13,131,127,258
2018-12-14,137,144,281
2018-12-15,110,118,228
2018-12-16,103,105,208
2018-12-17,129,125,254
2018-12-18,122,117,239
2018-12-19,129,120,249
2018-12-20,123,137,260
2018-12-21,138,126,264
2018-12-22,114,120,234
2018-12-23,81,76,157
2018-12-24,143,111,254
2018-12-25,125,123,248
2018-12-26,141,121,262
2018-12-27,122,110,232
2018-12-28,120,126,246
2018-12-29,84,100,184
2018-12-30,94,72,166
2018-12-31,119,118,237
2019-01-01,116,112,228
2019-01-02,114,95,209
2019-01-03,105,103,208
2019-01-04,92,92,184
2019-01-05,73,72,145
2019-01-06,66,67,133
2019-01-07,100,110,210
2019-01-08,92,87,179
2019-01-09,78,70,148
2019-01-10,87,105,192
2019-01-11,80,79,159
2019-01-12,76,77,153
2019-01-13,59,59,118
2019-01-14,90,87,177
2019-01-15,89,78,167
2019-01-16,76,90,166
2019-01-17,99,86,185
2019-01-18,90,83,173
2019-01-19,61,60,121
2019-01-20,69,72,141
2019-01-21,83,85,168
2019-01-22,74,71,145
2019-01-23,84,90,174
2019-01-24,83,83,166
2019-01-25,82,77,159
2019-01-26,67,57,124
2019-01-27,47,57,104
2019-01-28,70,102,172
2019-01-29,66,66,132
2019-01-30,79,66,145
2019-01-31,70,72,142
2019-02-01,78,71,149
2019-02-02,66,68,134
2019-02-03,52,43,95
2019-02-04,90,64,154
2019-02-05,67,58,125
2019-02-06,76,83,159
2019-02-07,79,68,147
2019-02-08,78,73,151
2019-02-09,36,51,87
2019-02-10,54,58,112
2019-02-11,86,77,163
2019-02-12,68,68,136
2019-02-13,54,55,109
2019-02-14,81,90,171
2019-02-15,92,75,167
2019-02-16,60,48,108
2019-02-17,47,50,97
2019-02-18,77,70,147
2019-02-19,65,76,141
2019-02-20,73,70,143
2019-02-21,85,73,158
2019-02-22,78,67,145
2019-02-23,50,51,101
2019-02-24,46,51,97
2019-02-25,101,65,166
2019-02-26,64,60,124
2019-02-27,64,68,132
2019-02-28,76,73,149
2019-03-01,84,77,161
2019-03-02,71,60,131
2019-03-03,61,70,131
2019-03-04,85,96,181
2019-03-05,55,66,121
2019-03-06,84,70,154
2019-03-07,67,78,145
2019-03-08,74,65,139
2019-03-09,58,65,123
2019-03-10,67,43,110
2019-03-11,83,59,142
2019-03-12,67,71,138
2019-03-13,78,74,152
2019-03-14,66,58,124
2019-03-15,93,62,155
2019-03-16,61,53,114
2019-03-17,60,39,99
2019-03-18,88,62,150
2019-03-19,68,61,129
2019-03-20,83,66,149
2019-03-21,59,58,117
2019-03-22,63,47,110
2019-03-23,54,51,105
2019-03-24,52,43,95
2019-03-25,73,82,155
2019-03-26,72,61,133
2019-03-27,62,58,120
2019-03-28,65,60,125
2019-03-29,66,74,140
2019-03-30,52,50,102
2019-03-31,42,44,86
2019-04-01,81,57,138
2019-04-02,58,63,121
2019-04-03,75,61,136
2019-04-04,78,57,135
2019-04-05,87,56,143
2019-04-06,52,46,98
2019-04-07,45,45,90
2019-04-08,65,71,136
2019-04-09,47,53,100
2019-04-10,77,56,133
2019-04-11,61,72,133
2019-04-12,53,59,112
2019-04-13,45,44,89
2019-04-14,24,41,65
2019-04-15,61,58,119
2019-04-16,61,58,119
2019-04-17,72,57,129
2019-04-18,51,45,96
2019-04-19,71,71,142
2019-04-20,47,43,90
2019-04-21,37,49,86
2019-04-22,68,57,125
2019-04-23,53,40,93
2019-04-24,55,62,117
2019-04-25,60,63,123
2019-04-26,54,55,109
2019-04-27,58,57,115
2019-04-28,39,45,84
2019-04-29,70,61,131
2019-04-30,59,55,114
2019-05-01,70,62,132
2019-05-02,51,60,111
2019-05-03,68,55,123
2019-05-04,38,29,67
2019-05-05,44,42,86
2019-05-06,82,56,138
2019-05-07,69,69,138
2019-05-08,62,52,114
2019-05-09,71,63,134
2019-05-10,74,60,134
2019-05-11,58,50,108
2019-05-12,26,39,65
2019-05-13,63,56,119
2019-05-14,71,55,126
2019-05-15,75,53,128
2019-05-16,57,53,110
2019-05-17,70,52,122
2019-05-18,57,36,93
2019-05-19,19,28,47
2019-05-20,62,89,151
2019-05-21,63,49,112
2019-05-22,68,59,127
2019-05-23,55,47,102
2019-05-24,71,66,137
2019-05-25,39,47,86
2019-05-26,33,29,62
2019-05-27,45,63,108
2019-05-28,41,56,97
2019-05-29,58,58,116
2019-05-30,50,52,102
2019-05-31,67,60,127
2019-06-01,43,44,87
2019-06-02,51,38,89
2019-06-03,54,49,103
2019-06-04,64,53,117
2019-06-05,56,63,119
2019-06-06,52,67,119
2019-06-07,66,65,131
2019-06-08,45,42,87
2019-06-09,50,34,84
2019-06-10,79,63,142
2019-06-11,48,68,116
2019-06-12,88,63,151
2019-06-13,53,70,123
2019-06-14,84,52,136
2019-06-15,71,47,118
2019-06-16,52,47,99
2019-06-17,75,77,152
2019-06-18,48,53,101
2019-06-19,78,56,134
2019-06-20,63,44,107
2019-06-21,68,48,116
2019-06-22,37,41,78
2019-06-23,29,27,56
2019-06-24,66,61,127
2019-06-25,42,56,98
2019-06-26,66,56,122
2019-06-27,74,55,129
2019-06-28,59,53,112
2019-06-29,55,41,96
2019-06-30,41,47,88
2019-07-01,70,64,134
2019-07-02,39,32,71
2019-07-03,60,52,112
2019-07-04,74,64,138
2019-07-05,56,66,122
2019-07-06,52,37,89
2019-07-07,32,35,67
2019-07-08,56,73,129
2019-07-09,42,59,101
2019-07-10,55,47,102
2019-07-11,57,57,114
2019-07-12,59,55,114
2019-07-13,48,33,81
2019-07-14,34,37,71
2019-07-15,61,81,142
2019-07-16,65,67,132
2019-07-17,58,65,123
2019-07-18,65,59,124
2019-07-19,71,54,125
2019-07-20,44,42,86
2019-07-21,38,33,71
2019-07-22,66,59,125
2019-07-23,44,54,98
2019-07-24,72,59,131
2019-07-25,58,57,115
2019-07-26,64,53,117
2019-07-27,45,31,76
2019-07-28,41,39,80
2019-07-29,80,70,150
2019-07-30,38,64,102
2019-07-31,53,45,98
2019-08-01,60,63,123
2019-08-02,63,63,126
2019-08-03,43,36,79
2019-08-04,41,40,81
2019-08-05,78,65,143
2019-08-06,61,50,111
2019-08-07,72,63,135
2019-08-08,63,51,114
2019-08-09,50,68,118
2019-08-10,51,49,100
2019-08-11,45,38,83
2019-08-12,62,58,120
2019-08-13,39,42,81
2019-08-14,66,85,151
2019-08-15,89,79,168
2019-08-16,61,51,112
2019-08-17,40,37,77
2019-08-18,36,30,66
2019-08-19,76,58,134
2019-08-20,56,63,119
2019-08-21,75,60,135
2019-08-22,77,65,142
2019-08-23,80,94,174
2019-08-24,48,57,105
2019-08-25,34,34,68
2019-08-26,63,70,133
2019-08-27,65,38,103
2019-08-28,82,61,143
2019-08-29,57,42,99
2019-08-30,37,47,84
2019-08-31,59,44,103
2019-09-01,38,45,83
2019-09-02,67,94,161
2019-09-03,69,58,127
2019-09-04,57,65,122
2019-09-05,46,67,113
2019-09-06,57,68,125
2019-09-07,36,38,74
2019-09-08,38,50,88
2019-09-09,73,84,157
2019-09-10,63,63,126
2019-09-11,64,63,127
2019-09-12,66,60,126
2019-09-13,66,54,120
2019-09-14,49,52,101
2019-09-15,42,46,88
2019-09-16,93,72,165
2019-09-17,66,64,130
2019-09-18,70,51,121
2019-09-19,65,70,135
2019-09-20,73,76,149
2019-09-21,50,35,85
2019-09-22,43,42,85
2019-09-23,92,74,166
2019-09-24,64,54,118
2019-09-25,77,60,137
2019-09-26,74,56,130
2019-09-27,72,85,157
2019-09-28,49,37,86
2019-09-29,52,49,101
2019-09-30,93,77,170
2019-10-01,105,75,180
2019-10-02,78,83,161
2019-10-03,80,78,158
2019-10-04,53,54,107
2019-10-05,35,38,73
2019-10-06,22,28,50
2019-10-07,40,47,87
2019-10-08,35,34,69
2019-10-09,67,53,120
2019-10-10,67,62,129
2019-10-11,80,64,144
2019-10-12,63,55,118
2019-10-13,55,56,111
2019-10-14,69,71,140
2019-10-15,58,61,119
2019-10-16,77,64,141
2019-10-17,68,88,156
2019-10-18,65,101,166
2019-10-19,57,47,104
2019-10-20,33,39,72
2019-10-21,73,67,140
2019-10-22,42,61,103
2019-10-23,78,63,141
2019-10-24,74,64,138
2019-10-25,80,88,168
2019-10-26,47,37,84
2019-10-27,38,30,68
2019-10-28,69,59,128
2019-10-29,55,51,106
2019-10-30,75,67,142
2019-10-31,75,61,136
2019-11-01,63,80,143
2019-11-02,31,52,83
2019-11-03,53,38,91
2019-11-04,97,75,172
2019-11-05,54,66,120
2019-11-06,84,68,152
2019-11-07,75,71,146
2019-11-08,60,54,114
2019-11-09,53,53,106
2019-11-10,35,38,73
2019-11-11,87,82,169
2019-11-12,64,68,132
2019-11-13,55,51,106
2019-11-14,79,61,140
2019-11-15,69,78,147
2019-11-16,52,33,85
2019-11-17,57,53,110
2019-11-18,66,65,131
2019-11-19,51,57,108
2019-11-20,74,53,127
2019-11-21,77,61,138
2019-11-22,65,67,132
2019-11-23,36,56,92
2019-11-24,42,35,77
2019-11-25,78,66,144
2019-11-26,55,40,95
2019-11-27,62,52,114
2019-11-28,54,62,116
2019-11-29,72,50,122
2019-11-30,49,49,98
2019-12-01,45,39,84
2019-12-02,80,81,161
2019-12-03,69,52,121
2019-12-04,66,55,121
2019-12-05,69,63,132
2019-12-06,67,69,136
2019-12-07,63,43,106
2019-12-08,37,40,77
2019-12-09,77,78,155
2019-12-10,56,61,117
2019-12-11,53,76,129
2019-12-12,68,84,152
2019-12-13,59,53,112
2019-12-14,50,39,89
2019-12-15,41,31,72
2019-12-16,72,65,137
2019-12-17,59,54,113
2019-12-18,79,62,141
2019-12-19,64,59,123
2019-12-20,77,63,140
2019-12-21,47,36,83
2019-12-22,45,49,94
2019-12-23,64,72,136
2019-12-24,52,49,101
2019-12-25,66,65,131
2019-12-26,37,43,80
2019-12-27,62,68,130
2019-12-28,43,30,73
2019-12-29,30,21,51
2019-12-30,50,62,112
2019-12-31,45,43,88
2020-01-01,82,89,171
2020-01-02,69,57,126
2020-01-03,57,46,103
2020-01-04,47,41,88
2020-01-05,41,45,86
2020-01-06,58,60,118
2020-01-07,62,39,101
2020-01-08,55,58,113
2020-01-09,66,58,124
2020-01-10,62,62,124
2020-01-11,34,45,79
2020-01-12,46,42,88
2020-01-13,53,47,100
2020-01-14,51,44,95
2020-01-15,59,55,114
2020-01-16,68,58,126
2020-01-17,51,42,93
2020-01-18,47,33,80
2020-01-19,25,30,55
2020-01-20,52,61,113
2020-01-21,40,41,81
2020-01-22,48,46,94
2020-01-23,73,54,127
2020-01-24,44,34,78
2020-01-25,40,33,73
2020-01-26,45,37,82
2020-01-27,62,50,112
2020-01-28,33,39,72
2020-01-29,32,43,75
2020-01-30,34,31,65
2020-01-31,34,44,78
2020-02-01,32,25,57
2020-02-02,43,40,83
2020-02-03,52,44,96
2020-02-04,31,42,73
2020-02-05,48,40,88
2020-02-06,41,56,97
2020-02-07,38,62,100
2020-02-08,38,25,63
2020-02-09,26,22,48
2020-02-10,40,40,80
2020-02-11,38,32,70
2020-02-12,45,40,85
2020-02-13,30,29,59
2020-02-14,69,63,132
2020-02-15,31,23,54
2020-02-16,24,27,51
2020-02-17,53,49,102
2020-02-18,38,33,71
2020-02-19,52,49,101
2020-02-20,49,46,95
2020-02-21,52,66,118
2020-02-22,28,23,51
2020-02-23,13,25,38
2020-02-24,45,48,93
2020-02-25,40,29,69
2020-02-26,48,45,93
2020-02-27,30,34,64
2020-02-28,54,49,103
2020-02-29,25,32,57
2020-03-01,34,23,57
2020-03-02,52,55,107
2020-03-03,45,62,107
2020-03-04,58,36,94
2020-03-05,43,61,104
2020-03-06,41,38,79
2020-03-07,38,39,77
2020-03-08,26,34,60
2020-03-09,30,27,57
2020-03-10,38,43,81
2020-03-11,57,45,102
2020-03-12,63,63,126
2020-03-13,30,35,65
2020-03-14,24,34,58
2020-03-15,32,40,72
2020-03-16,58,37,95
2020-03-17,43,31,74
2020-03-18,46,42,88
2020-03-19,56,34,90
2020-03-20,56,47,103
2020-03-21,37,39,76
2020-03-22,21,21,42
2020-03-23,54,52,106
2020-03-24,28,34,62
2020-03-25,57,54,111
2020-03-26,56,29,85
2020-03-27,39,53,92
2020-03-28,34,26,60
2020-03-29,32,27,59
2020-03-30,56,42,98
2020-03-31,28,35,63
2020-04-01,30,30,60
2020-04-02,62,49,111
2020-04-03,50,52,102
2020-04-04,43,23,66
2020-04-05,31,26,57
2020-04-06,58,52,110
2020-04-07,53,40,93
2020-04-08,38,53,91
2020-04-09,32,30,62
2020-04-10,48,42,90
2020-04-11,37,31,68
2020-04-12,35,31,66
2020-04-13,42,42,84
2020-04-14,54,48,102
2020-04-15,54,58,112
2020-04-16,50,44,94
2020-04-17,53,45,98
2020-04-18,44,35,79
2020-04-19,35,38,73
2020-04-20,54,57,111
2020-04-21,32,32,64
2020-04-22,41,31,72
2020-04-23,27,42,69
2020-04-24,47,37,84
2020-04-25,41,29,70
2020-04-26,40,34,74
2020-04-27,64,52,116
2020-04-28,41,38,79
2020-04-29,31,32,63
2020-04-30,60,37,97
2020-05-01,47,37,84
2020-05-02,34,35,69
2020-05-03,34,29,63
2020-05-04,44,48,92
2020-05-05,41,31,72
2020-05-06,50,60,110
2020-05-07,49,45,94
2020-05-08,59,47,106
2020-05-09,39,47,86
2020-05-10,34,32,66
2020-05-11,42,44,86
2020-05-12,50,39,89
2020-05-13,48,41,89
2020-05-14,35,50,85
2020-05-15,50,43,93
2020-05-16,29,33,62
2020-05-17,38,28,66
2020-05-18,41,43,84
2020-05-19,31,50,81
2020-05-20,33,35,68
2020-05-21,37,30,67
2020-05-22,42,41,83
2020-05-23,33,37,70
2020-05-24,30,37,67
2020-05-25,28,32,60
2020-05-26,36,36,72
2020-05-27,52,35,87
2020-05-28,37,36,73
2020-05-29,33,36,69
2020-05-30,35,27,62
2020-05-31,26,28,54
2020-06-01,45,49,94
2020-06-02,36,30,66
2020-06-03,23,44,67
2020-06-04,39,26,65
2020-06-05,61,41,102
2020-06-06,52,27,79
2020-06-07,29,38,67
2020-06-08,42,37,79
2020-06-09,36,42,78
2020-06-10,43,48,91
2020-06-11,36,35,71
2020-06-12,51,43,94
2020-06-13,27,31,58
2020-06-14,34,29,63
2020-06-15,61,54,115
2020-06-16,39,40,79
2020-06-17,53,33,86
2020-06-18,59,39,98
2020-06-19,30,53,83
2020-06-20,29,23,52
2020-06-21,24,15,39
2020-06-22,54,38,92
2020-06-23,41,45,86
2020-06-24,51,32,83
2020-06-25,24,50,74
2020-06-26,54,45,99
2020-06-27,35,27,62
2020-06-28,25,37,62
2020-06-29,47,39,86
2020-06-30,30,34,64
2020-07-01,51,45,96
2020-07-02,53,39,92
2020-07-03,44,43,87
2020-07-04,35,38,73
2020-07-05,30,33,63
2020-07-06,41,43,84
2020-07-07,39,40,79
2020-07-08,44,30,74
2020-07-09,42,42,84
2020-07-10,40,52,92
2020-07-11,24,35,59
2020-07-12,28,30,58
2020-07-13,46,42,88
2020-07-14,46,33,79
2020-07-15,50,49,99
2020-07-16,39,37,76
2020-07-17,58,45,103
2020-07-18,50,36,86
2020-07-19,31,27,58
2020-07-20,42,42,84
2020-07-21,49,38,87
2020-07-22,39,36,75
2020-07-23,42,32,74
2020-07-24,49,39,88
2020-07-25,32,28,60
2020-07-26,40,40,80
2020-07-27,56,46,102
2020-07-28,43,38,81
2020-07-29,42,33,75
2020-07-30,43,35,78
2020-07-31,38,42,80
2020-08-01,33,18,51
2020-08-02,39,28,67
2020-08-03,69,71,140
2020-08-04,42,36,78
2020-08-05,33,35,68
2020-08-06,38,49,87
2020-08-07,48,50,98
2020-08-08,26,35,61
2020-08-09,33,26,59
2020-08-10,51,52,103
2020-08-11,56,56,112
2020-08-12,51,52,103
2020-08-13,29,33,62
2020-08-14,34,47,81
2020-08-15,55,41,96
2020-08-16,33,18,51
2020-08-17,53,46,99
2020-08-18,38,31,69
2020-08-19,37,41,78
2020-08-20,45,44,89
2020-08-21,38,28,66
2020-08-22,30,48,78
2020-08-23,38,26,64
2020-08-24,44,50,94
2020-08-25,38,38,76
2020-08-26,32,50,82
2020-08-27,39,41,80
2020-08-28,42,52,94
2020-08-29,35,24,59
2020-08-30,31,36,67
2020-08-31,37,36,73
2020-09-01,43,47,90
2020-09-02,50,51,101
2020-09-03,51,43,94
2020-09-04,47,45,92
2020-09-05,32,36,68
2020-09-06,38,39,77
2020-09-07,34,53,87
2020-09-08,39,40,79
2020-09-09,50,40,90
2020-09-10,55,56,111
2020-09-11,39,44,83
2020-09-12,35,29,64
2020-09-13,21,36,57
2020-09-14,54,63,117
2020-09-15,39,33,72
2020-09-16,40,38,78
2020-09-17,38,44,82
2020-09-18,65,40,105
2020-09-19,32,31,63
2020-09-20,37,41,78
2020-09-21,47,50,97
2020-09-22,40,37,77
2020-09-23,30,42,72
2020-09-24,38,55,93
2020-09-25,41,45,86
2020-09-26,25,27,52
2020-09-27,31,28,59
2020-09-28,47,50,97
2020-09-29,31,29,60
2020-09-30,47,47,94
2020-10-01,61,54,115
2020-10-02,59,55,114
2020-10-03,35,33,68
2020-10-04,33,31,64
2020-10-05,55,49,104
2020-10-06,37,17,54
2020-10-07,33,45,78
2020-10-08,47,43,90
2020-10-09,42,35,77
2020-10-10,46,43,89
2020-10-11,39,32,71
2020-10-12,48,51,99
2020-10-13,37,29,66
2020-10-14,48,55,103
2020-10-15,41,48,89
2020-10-16,35,32,67
2020-10-17,40,42,82
2020-10-18,44,45,89
2020-10-19,73,62,135
2020-10-20,47,40,87
2020-10-21,45,40,85
2020-10-22,34,32,66
2020-10-23,26,27,53
2020-10-24,29,19,48
2020-10-25,27,23,50
2020-10-26,40,23,63
2020-10-27,30,30,60
2020-10-28,36,37,73
2020-10-29,58,43,101
2020-10-30,50,46,96
2020-10-31,27,32,59
2020-11-01,38,33,71
2020-11-02,63,38,101
2020-11-03,35,44,79
2020-11-04,37,46,83
2020-11-05,43,42,85
2020-11-06,43,53,96
2020-11-07,35,45,80
2020-11-08,25,29,54
2020-11-09,52,48,100
2020-11-10,46,30,76
2020-11-11,50,43,93
2020-11-12,76,56,132
2020-11-13,50,24,74
2020-11-14,26,15,41
2020-11-15,22,27,49
2020-11-16,45,49,94
2020-11-17,29,34,63
2020-11-18,55,32,87
2020-11-19,34,54,88
2020-11-20,48,56,104
2020-11-21,21,36,57
2020-11-22,27,27,54
2020-11-23,47,47,94
2020-11-24,33,30,63
2020-11-25,46,44,90
2020-11-26,43,41,84
2020-11-27,36,32,68
2020-11-28,16,31,47
2020-11-29,20,23,43
2020-11-30,48,60,108
2020-12-01,46,24,70
2020-12-02,34,32,66
2020-12-03,28,30,58
2020-12-04,36,26,62
2020-12-05,27,17,44
2020-12-06,26,17,43
2020-12-07,43,37,80
2020-12-08,28,25,53
2020-12-09,38,40,78
2020-12-10,30,46,76
2020-12-11,33,35,68
2020-12-12,31,22,53
2020-12-13,24,16,40
2020-12-14,27,30,57
2020-12-15,28,19,47
2020-12-16,40,34,74
2020-12-17,40,32,72
2020-12-18,31,26,57
2020-12-19,23,20,43
2020-12-20,21,21,42
2020-12-21,30,28,58
2020-12-22,27,18,45
2020-12-23,29,29,58
2020-12-24,35,26,61
2020-12-25,43,36,79
2020-12-26,25,14,39
2020-12-27,20,18,38
2020-12-28,26,17,43
2020-12-29,20,10,30
2020-12-30,31,19,50
2020-12-31,16,18,34
2021-01-01,45,43,88
2021-01-02,17,11,28
2021-01-03,18,17,35
2021-01-04,20,36,56
2021-01-05,23,21,44
2021-01-06,31,19,50
2021-01-07,22,23,45
2021-01-08,21,23,44
2021-01-09,16,22,38
2021-01-10,23,11,34
2021-01-11,26,18,44
2021-01-12,18,16,34
2021-01-13,18,14,32
2021-01-14,19,24,43
2021-01-15,24,30,54
2021-01-16,10,20,30
2021-01-17,19,14,33
2021-01-18,27,26,53
2021-01-19,16,12,28
2021-01-20,18,20,38
2021-01-21,20,17,37
2021-01-22,25,16,41
2021-01-23,22,15,37
2021-01-24,14,9,23
2021-01-25,21,19,40
2021-01-26,12,18,30
2021-01-27,21,17,38
2021-01-28,26,28,54
2021-01-29,18,17,35
2021-01-30,18,13,31
2021-01-31,12,7,19
2021-02-01,15,18,33
2021-02-02,17,19,36
2021-02-03,12,8,20
2021-02-04,23,19,42
2021-02-05,21,24,45
2021-02-06,18,11,29
2021-02-07,23,10,33
2021-02-08,18,15,33
2021-02-09,17,18,35
2021-02-10,22,18,40
2021-02-11,14,18,32
2021-02-12,18,24,42
2021-02-13,12,6,18
2021-02-14,10,14,24
2021-02-15,20,18,38
2021-02-16,11,20,31
2021-02-17,17,10,27
2021-02-18,13,17,30
2021-02-19,23,12,35
2021-02-20,9,13,22
2021-02-21,9,12,21
2021-02-22,15,23,38
2021-02-23,18,13,31
2021-02-24,22,12,34
2021-02-25,14,12,26
2021-02-26,10,10,20
2021-02-27,11,15,26
2021-02-28,9,8,17
2021-03-01,13,16,29
2021-03-02,6,9,15
2021-03-03,11,17,28
2021-03-04,14,6,20
2021-03-05,7,11,18
2021-03-06,6,7,13
2021-03-07,3,2,5
2021-03-08,12,7,19
2021-03-09,14,11,25
2021-03-10,10,11,21
2021-03-11,13,10,23
2021-03-12,6,4,10
2021-03-13,7,7,14
2021-03-14,4,4,8
2021-03-15,13,8,21
2021-03-16,6,5,11
2021-03-17,11,11,22
2021-03-18,11,7,18
2021-03-19,8,9,17
2021-03-20,5,6,11
2021-03-21,6,3,9
2021-03-22,10,5,15
2021-03-23,6,7,13
2021-03-24,9,7,16
2021-03-25,6,8,14
2021-03-26,8,6,14
2021-03-27,4,5,9
2021-03-28,3,6,9
2021-03-29,9,6,15
2021-03-30,6,4,10
2021-03-31,1,5,6
2021-04-01,3,6,9
2021-04-02,5,6,11
2021-04-04,3,3,6
2021-04-05,3,1,4
2021-04-06,2,1,3
2021-04-07,7,4,11
2021-04-08,3,4,7
2021-04-10,2,3,5
2021-04-11,2,1,3
2021-04-12,2,6,8
2021-04-15,5,1,6
2021-04-16,1,2,3
2021-04-17,1,2,3
2021-04-18,1,3,4
2021-04-19,6,2,8
2021-04-21,2,3,5
2021-04-22,2,2,4
2021-04-23,1,2,3
2021-04-25,1,2,3
2021-04-26,1,1,2
2021-04-27,1,3,4
2021-04-28,3,2,5
2021-04-30,4,1,5
2021-05-04,2,1,3
2021-05-06,4,1,5
2021-05-07,1,1,2
2021-05-08,1,1,2
