Date,Males,Females,Total_Deceased
2010-01-01,133,81,214
2010-01-02,118,78,196
2010-01-03,134,74,208
2010-01-04,114,89,203
2010-01-05,120,87,207
2010-01-06,125,70,195
2010-01-07,114,89,203
2010-01-08,124,89,213
2010-01-09,90,106,196
2010-01-10,134,67,201
2010-01-11,109,101,210
2010-01-12,118,69,187
2010-01-13,115,74,189
2010-01-14,121,83,204
2010-01-15,90,100,190
2010-01-16,104,78,182
2010-01-17,109,72,181
2010-01-18,127,79,206
2010-01-19,99,86,185
2010-01-20,105,96,201
2010-01-21,136,75,211
2010-01-22,128,97,225
2010-01-23,121,86,207
2010-01-24,107,84,191
2010-01-25,134,86,220
2010-01-26,130,82,212
2010-01-27,109,90,199
2010-01-28,123,86,209
2010-01-29,121,65,186
2010-01-30,109,69,178
2010-01-31,118,94,212
2010-02-01,105,71,176
2010-02-02,104,79,183
2010-02-03,101,72,173
2010-02-04,114,74,188
2010-02-05,104,73,177
2010-02-06,84,70,154
2010-02-07,105,56,161
2010-02-08,106,78,184
2010-02-09,136,75,211
2010-02-10,111,74,185
2010-02-11,87,69,156
2010-02-12,92,79,171
2010-02-13,95,71,166
2010-02-14,99,61,160
2010-02-15,93,62,155
2010-02-16,104,72,176
2010-02-17,86,60,146
2010-02-18,82,63,145
2010-02-19,88,58,146
2010-02-20,87,63,150
2010-02-21,92,61,153
2010-02-22,104,62,166
2010-02-23,103,69,172
2010-02-24,94,77,171
2010-02-25,76,64,140
2010-02-26,81,57,138
2010-02-27,79,50,129
2010-02-28,91,57,148
2010-03-01,95,79,174
2010-03-02,106,70,176
2010-03-03,118,57,175
2010-03-04,79,45,124
2010-03-05,90,59,149
2010-03-06,89,53,142
2010-03-07,87,56,143
2010-03-08,80,83,163
2010-03-09,62,55,117
2010-03-10,100,57,157
2010-03-11,76,65,141
2010-03-12,71,68,139
2010-03-13,87,60,147
2010-03-14,80,62,142
2010-03-15,79,60,139
2010-03-16,81,66,147
2010-03-17,65,55,120
2010-03-18,77,64,141
2010-03-19,79,48,127
2010-03-20,91,52,143
2010-03-21,88,58,146
2010-03-22,94,62,156
2010-03-23,98,59,157
2010-03-24,84,57,141
2010-03-25,66,64,130
2010-03-26,71,47,118
2010-03-27,82,50,132
2010-03-28,70,52,122
2010-03-29,76,37,113
2010-03-30,75,60,135
2010-03-31,74,50,124
2010-04-01,83,54,137
2010-04-02,68,51,119
2010-04-03,73,50,123
2010-04-04,76,47,123
2010-04-05,68,44,112
2010-04-06,74,50,124
2010-04-07,72,52,124
2010-04-08,70,41,111
2010-04-09,76,49,125
2010-04-10,73,50,123
2010-04-11,77,63,140
2010-04-12,82,55,137
2010-04-13,83,51,134
2010-04-14,73,47,120
2010-04-15,80,56,136
2010-04-16,60,55,115
2010-04-17,71,40,111
2010-04-18,76,74,150
2010-04-19,83,46,129
2010-04-20,87,44,131
2010-04-21,94,68,162
2010-04-22,78,62,140
2010-04-23,68,41,109
2010-04-24,70,59,129
2010-04-25,68,60,128
2010-04-26,69,42,111
2010-04-27,61,42,103
2010-04-28,85,44,129
2010-04-29,89,35,124
2010-04-30,85,59,144
2010-05-01,86,60,146
2010-05-02,74,48,122
2010-05-03,74,62,136
2010-05-04,54,49,103
2010-05-05,63,38,101
2010-05-06,67,45,112
2010-05-07,71,49,120
2010-05-08,70,63,133
2010-05-09,78,49,127
2010-05-10,83,62,145
2010-05-11,82,48,130
2010-05-12,83,59,142
2010-05-13,86,51,137
2010-05-14,79,45,124
2010-05-15,71,53,124
2010-05-16,92,42,134
2010-05-17,66,69,135
2010-05-18,75,50,125
2010-05-19,68,76,144
2010-05-20,78,44,122
2010-05-21,70,48,118
2010-05-22,66,42,108
2010-05-23,80,48,128
2010-05-24,67,51,118
2010-05-25,68,59,127
2010-05-26,82,69,151
2010-05-27,64,49,113
2010-05-28,80,42,122
2010-05-29,78,58,136
2010-05-30,73,74,147
2010-05-31,97,51,148
2010-06-01,95,68,163
2010-06-02,94,65,159
2010-06-03,72,55,127
2010-06-04,96,72,168
2010-06-05,83,43,126
2010-06-06,78,51,129
2010-06-07,83,64,147
2010-06-08,77,39,116
2010-06-09,86,52,138
2010-06-10,71,39,110
2010-06-11,69,55,124
2010-06-12,71,51,122
2010-06-13,80,31,111
2010-06-14,80,47,127
2010-06-15,74,60,134
2010-06-16,85,61,146
2010-06-17,81,39,120
2010-06-18,68,42,110
2010-06-19,84,54,138
2010-06-20,77,56,133
2010-06-21,62,51,113
2010-06-22,74,48,122
2010-06-23,75,53,128
2010-06-24,69,39,108
2010-06-25,77,56,133
2010-06-26,78,44,122
2010-06-27,77,47,124
2010-06-28,62,56,118
2010-06-29,66,60,126
2010-06-30,53,51,104
2010-07-01,76,54,130
2010-07-02,54,47,101
2010-07-03,70,50,120
2010-07-04,82,57,139
2010-07-05,59,56,115
2010-07-06,68,61,129
2010-07-07,78,57,135
2010-07-08,87,55,142
2010-07-09,87,74,161
2010-07-10,107,60,167
2010-07-11,79,60,139
2010-07-12,67,58,125
2010-07-13,72,53,125
2010-07-14,83,60,143
2010-07-15,81,67,148
2010-07-16,95,57,152
2010-07-17,93,51,144
2010-07-18,79,60,139
2010-07-19,76,49,125
2010-07-20,74,62,136
2010-07-21,84,50,134
2010-07-22,76,46,122
2010-07-23,78,38,116
2010-07-24,83,43,126
2010-07-25,79,49,128
2010-07-26,97,51,148
2010-07-27,82,56,138
2010-07-28,77,49,126
2010-07-29,99,52,151
2010-07-30,76,47,123
2010-07-31,67,34,101
2010-08-01,75,48,123
2010-08-02,89,58,147
2010-08-03,83,65,148
2010-08-04,76,53,129
2010-08-05,82,50,132
2010-08-06,88,56,144
2010-08-07,81,64,145
2010-08-08,71,47,118
2010-08-09,88,59,147
2010-08-10,79,60,139
2010-08-11,102,68,170
2010-08-12,62,61,123
2010-08-13,76,53,129
2010-08-14,63,71,134
2010-08-15,75,56,131
2010-08-16,79,59,138
2010-08-17,79,65,144
2010-08-18,75,69,144
2010-08-19,72,55,127
2010-08-20,73,41,114
2010-08-21,88,54,142
2010-08-22,80,57,137
2010-08-23,87,60,147
2010-08-24,90,58,148
2010-08-25,81,61,142
2010-08-26,72,57,129
2010-08-27,82,76,158
2010-08-28,63,46,109
2010-08-29,67,61,128
2010-08-30,85,52,137
2010-08-31,66,62,128
2010-09-01,68,55,123
2010-09-02,77,55,132
2010-09-03,92,43,135
2010-09-04,65,48,113
2010-09-05,66,62,128
2010-09-06,90,44,134
2010-09-07,63,58,121
2010-09-08,79,60,139
2010-09-09,79,51,130
2010-09-10,106,57,163
2010-09-11,91,54,145
2010-09-12,79,68,147
2010-09-13,83,52,135
2010-09-14,90,54,144
2010-09-15,63,47,110
2010-09-16,78,61,139
2010-09-17,88,48,136
2010-09-18,85,49,134
2010-09-19,81,45,126
2010-09-20,79,57,136
2010-09-21,88,67,155
2010-09-22,91,62,153
2010-09-23,76,46,122
2010-09-24,80,43,123
2010-09-25,67,56,123
2010-09-26,73,57,130
2010-09-27,100,64,164
2010-09-28,87,67,154
2010-09-29,87,59,146
2010-09-30,90,57,147
2010-10-01,90,62,152
2010-10-02,82,69,151
2010-10-03,90,63,153
2010-10-04,102,44,146
2010-10-05,86,52,138
2010-10-06,70,38,108
2010-10-07,85,48,133
2010-10-08,69,55,124
2010-10-09,77,53,130
2010-10-10,88,54,142
2010-10-11,88,55,143
2010-10-12,80,62,142
2010-10-13,80,60,140
2010-10-14,87,59,146
2010-10-15,82,56,138
2010-10-16,72,52,124
2010-10-17,95,62,157
2010-10-18,89,70,159
2010-10-19,95,65,160
2010-10-20,104,60,164
2010-10-21,98,66,164
2010-10-22,112,53,165
2010-10-23,88,46,134
2010-10-24,78,41,119
2010-10-25,88,55,143
2010-10-26,89,48,137
2010-10-27,92,71,163
2010-10-28,78,57,135
2010-10-29,89,66,155
2010-10-30,92,66,158
2010-10-31,96,58,154
2010-11-01,91,57,148
2010-11-02,82,65,147
2010-11-03,91,63,154
2010-11-04,82,74,156
2010-11-05,89,55,144
2010-11-06,106,62,168
2010-11-07,109,69,178
2010-11-08,96,58,154
2010-11-09,91,53,144
2010-11-10,84,78,162
2010-11-11,94,79,173
2010-11-12,92,65,157
2010-11-13,88,77,165
2010-11-14,103,53,156
2010-11-15,97,55,152
2010-11-16,104,52,156
2010-11-17,86,70,156
2010-11-18,107,60,167
2010-11-19,87,58,145
2010-11-20,70,44,114
2010-11-21,78,57,135
2010-11-22,98,61,159
2010-11-23,85,59,144
2010-11-24,98,51,149
2010-11-25,115,55,170
2010-11-26,107,70,177
2010-11-27,87,65,152
2010-11-28,102,71,173
2010-11-29,81,58,139
2010-11-30,91,62,153
2010-12-01,87,62,149
2010-12-02,90,51,141
2010-12-03,96,68,164
2010-12-04,113,58,171
2010-12-05,97,74,171
2010-12-06,103,64,167
2010-12-07,116,60,176
2010-12-08,99,58,157
2010-12-09,82,58,140
2010-12-10,90,72,162
2010-12-11,93,71,164
2010-12-12,99,64,163
2010-12-13,94,47,141
2010-12-14,104,55,159
2010-12-15,97,72,169
2010-12-16,104,61,165
2010-12-17,92,69,161
2010-12-18,104,65,169
2010-12-19,111,68,179
2010-12-20,90,75,165
2010-12-21,122,73,195
2010-12-22,101,83,184
2010-12-23,114,85,199
2010-12-24,95,75,170
2010-12-25,117,92,209
2010-12-26,115,73,188
2010-12-27,114,84,198
2010-12-28,93,90,183
2010-12-29,98,64,162
2010-12-30,122,72,194
2010-12-31,111,92,203
2011-01-01,123,95,218
2011-01-02,106,81,187
2011-01-03,121,76,197
2011-01-04,132,77,209
2011-01-05,118,75,193
2011-01-06,119,68,187
2011-01-07,134,89,223
2011-01-08,112,98,210
2011-01-09,110,84,194
2011-01-10,113,89,202
2011-01-11,125,74,199
2011-01-12,116,80,196
2011-01-13,121,93,214
2011-01-14,130,91,221
2011-01-15,126,89,215
2011-01-16,122,101,223
2011-01-17,122,69,191
2011-01-18,116,106,222
2011-01-19,107,93,200
2011-01-20,104,96,200
2011-01-21,130,71,201
2011-01-22,127,93,220
2011-01-23,110,85,195
2011-01-24,122,91,213
2011-01-25,120,94,214
2011-01-26,122,79,201
2011-01-27,94,69,163
2011-01-28,96,66,162
2011-01-29,105,69,174
2011-01-30,119,79,198
2011-01-31,100,57,157
2011-02-01,104,78,182
2011-02-02,114,76,190
2011-02-03,99,77,176
2011-02-04,83,61,144
2011-02-05,105,71,176
2011-02-06,109,77,186
2011-02-07,73,64,137
2011-02-08,120,84,204
2011-02-09,103,68,171
2011-02-10,95,51,146
2011-02-11,76,57,133
2011-02-12,88,70,158
2011-02-13,86,77,163
2011-02-14,86,72,158
2011-02-15,103,75,178
2011-02-16,119,55,174
2011-02-17,85,64,149
2011-02-18,101,54,155
2011-02-19,87,70,157
2011-02-20,90,74,164
2011-02-21,84,60,144
2011-02-22,87,60,147
2011-02-23,94,60,154
2011-02-24,93,59,152
2011-02-25,105,62,167
2011-02-26,96,68,164
2011-02-27,77,76,153
2011-02-28,107,64,171
2011-03-01,91,72,163
2011-03-02,93,65,158
2011-03-03,90,71,161
2011-03-04,73,71,144
2011-03-05,90,62,152
2011-03-06,78,63,141
2011-03-07,95,80,175
2011-03-08,99,52,151
2011-03-09,101,65,166
2011-03-10,92,62,154
2011-03-11,84,55,139
2011-03-12,78,58,136
2011-03-13,66,59,125
2011-03-14,73,56,129
2011-03-15,86,74,160
2011-03-16,95,69,164
2011-03-17,79,69,148
2011-03-18,79,46,125
2011-03-19,67,46,113
2011-03-20,64,61,125
2011-03-21,86,55,141
2011-03-22,79,60,139
2011-03-23,83,50,133
2011-03-24,82,61,143
2011-03-25,56,47,103
2011-03-26,61,56,117
2011-03-27,67,60,127
2011-03-28,78,35,113
2011-03-29,77,40,117
2011-03-30,68,59,127
2011-03-31,61,40,101
2011-04-01,62,47,109
2011-04-02,82,46,128
2011-04-03,84,64,148
2011-04-04,69,44,113
2011-04-05,90,57,147
2011-04-06,66,60,126
2011-04-07,69,62,131
2011-04-08,71,45,116
2011-04-09,72,58,130
2011-04-10,75,58,133
2011-04-11,70,58,128
2011-04-12,67,55,122
2011-04-13,84,46,130
2011-04-14,77,58,135
2011-04-15,77,61,138
2011-04-16,99,47,146
2011-04-17,63,57,120
2011-04-18,69,51,120
2011-04-19,80,50,130
2011-04-20,86,44,130
2011-04-21,64,54,118
2011-04-22,62,44,106
2011-04-23,74,58,132
2011-04-24,69,57,126
2011-04-25,75,39,114
2011-04-26,47,47,94
2011-04-27,64,51,115
2011-04-28,80,59,139
2011-04-29,90,62,152
2011-04-30,85,56,141
2011-05-01,87,52,139
2011-05-02,82,59,141
2011-05-03,79,61,140
2011-05-04,74,53,127
2011-05-05,76,42,118
2011-05-06,78,61,139
2011-05-07,80,50,130
2011-05-08,69,47,116
2011-05-09,87,49,136
2011-05-10,76,65,141
2011-05-11,78,66,144
2011-05-12,76,59,135
2011-05-13,87,57,144
2011-05-14,76,54,130
2011-05-15,79,73,152
2011-05-16,100,60,160
2011-05-17,90,66,156
2011-05-18,75,57,132
2011-05-19,59,37,96
2011-05-20,80,42,122
2011-05-21,85,41,126
2011-05-22,84,61,145
2011-05-23,79,64,143
2011-05-24,89,52,141
2011-05-25,73,58,131
2011-05-26,71,54,125
2011-05-27,68,62,130
2011-05-28,72,54,126
2011-05-29,75,38,113
2011-05-30,76,53,129
2011-05-31,97,62,159
2011-06-01,79,67,146
2011-06-02,93,50,143
2011-06-03,81,68,149
2011-06-04,113,68,181
2011-06-05,94,55,149
2011-06-06,99,52,151
2011-06-07,107,72,179
2011-06-08,87,68,155
2011-06-09,97,54,151
2011-06-10,97,81,178
2011-06-11,107,80,187
2011-06-12,99,49,148
2011-06-13,103,92,195
2011-06-14,105,68,173
2011-06-15,92,75,167
2011-06-16,83,64,147
2011-06-17,93,61,154
2011-06-18,109,57,166
2011-06-19,104,82,186
2011-06-20,114,67,181
2011-06-21,101,69,170
2011-06-22,109,79,188
2011-06-23,110,71,181
2011-06-24,108,69,177
2011-06-25,117,55,172
2011-06-26,101,64,165
2011-06-27,94,72,166
2011-06-28,110,62,172
2011-06-29,105,65,170
2011-06-30,100,71,171
2011-07-01,114,66,180
2011-07-02,110,67,177
2011-07-03,110,59,169
2011-07-04,110,72,182
2011-07-05,101,48,149
2011-07-06,81,60,141
2011-07-07,82,71,153
2011-07-08,107,60,167
2011-07-09,98,68,166
2011-07-10,115,66,181
2011-07-11,103,81,184
2011-07-12,100,68,168
2011-07-13,91,63,154
2011-07-14,98,59,157
2011-07-15,105,52,157
2011-07-16,104,52,156
2011-07-17,89,66,155
2011-07-18,79,56,135
2011-07-19,69,51,120
2011-07-20,85,58,143
2011-07-21,76,55,131
2011-07-22,80,47,127
2011-07-23,75,51,126
2011-07-24,79,58,137
2011-07-25,104,70,174
2011-07-26,76,83,159
2011-07-27,86,57,143
2011-07-28,95,61,156
2011-07-29,82,65,147
2011-07-30,90,69,159
2011-07-31,81,61,142
2011-08-01,95,65,160
2011-08-02,92,70,162
2011-08-03,65,55,120
2011-08-04,62,41,103
2011-08-05,76,53,129
2011-08-06,73,50,123
2011-08-07,71,47,118
2011-08-08,66,66,132
2011-08-09,67,53,120
2011-08-10,72,71,143
2011-08-11,85,53,138
2011-08-12,77,43,120
2011-08-13,70,53,123
2011-08-14,73,71,144
2011-08-15,74,58,132
2011-08-16,98,43,141
2011-08-17,68,58,126
2011-08-18,78,48,126
2011-08-19,81,55,136
2011-08-20,103,54,157
2011-08-21,85,66,151
2011-08-22,85,53,138
2011-08-23,76,64,140
2011-08-24,74,56,130
2011-08-25,74,60,134
2011-08-26,78,54,132
2011-08-27,94,61,155
2011-08-28,74,49,123
2011-08-29,85,46,131
2011-08-30,84,48,132
2011-08-31,89,64,153
2011-09-01,62,52,114
2011-09-02,78,39,117
2011-09-03,73,46,119
2011-09-04,69,58,127
2011-09-05,80,56,136
2011-09-06,81,64,145
2011-09-07,78,39,117
2011-09-08,76,54,130
2011-09-09,79,40,119
2011-09-10,81,56,137
2011-09-11,77,57,134
2011-09-12,93,64,157
2011-09-13,95,61,156
2011-09-14,86,55,141
2011-09-15,63,48,111
2011-09-16,92,47,139
2011-09-17,94,49,143
2011-09-18,82,41,123
2011-09-19,87,60,147
2011-09-20,83,55,138
2011-09-21,87,60,147
2011-09-22,77,71,148
2011-09-23,89,56,145
2011-09-24,66,54,120
2011-09-25,68,32,100
2011-09-26,84,51,135
2011-09-27,76,53,129
2011-09-28,94,59,153
2011-09-29,88,76,164
2011-09-30,100,73,173
2011-10-01,92,60,152
2011-10-02,77,51,128
2011-10-03,85,59,144
2011-10-04,96,72,168
2011-10-05,98,56,154
2011-10-06,103,73,176
2011-10-07,89,68,157
2011-10-08,95,59,154
2011-10-09,91,59,150
2011-10-10,82,56,138
2011-10-11,93,56,149
2011-10-12,98,67,165
2011-10-13,99,80,179
2011-10-14,90,50,140
2011-10-15,86,52,138
2011-10-16,97,68,165
2011-10-17,98,73,171
2011-10-18,108,66,174
2011-10-19,87,58,145
2011-10-20,91,58,149
2011-10-21,86,62,148
2011-10-22,85,53,138
2011-10-23,92,66,158
2011-10-24,102,60,162
2011-10-25,88,63,151
2011-10-26,101,63,164
2011-10-27,79,73,152
2011-10-28,122,62,184
2011-10-29,96,58,154
2011-10-30,110,66,176
2011-10-31,99,69,168
2011-11-01,88,71,159
2011-11-02,75,58,133
2011-11-03,87,64,151
2011-11-04,85,72,157
2011-11-05,127,67,194
2011-11-06,97,60,157
2011-11-07,88,67,155
2011-11-08,96,76,172
2011-11-09,92,50,142
2011-11-10,127,59,186
2011-11-11,107,68,175
2011-11-12,86,70,156
2011-11-13,89,61,150
2011-11-14,94,73,167
2011-11-15,99,74,173
2011-11-16,103,69,172
2011-11-17,92,63,155
2011-11-18,108,82,190
2011-11-19,94,65,159
2011-11-20,98,58,156
2011-11-21,94,62,156
2011-11-22,103,64,167
2011-11-23,98,60,158
2011-11-24,98,55,153
2011-11-25,100,62,162
2011-11-26,97,74,171
2011-11-27,99,72,171
2011-11-28,100,57,157
2011-11-29,99,70,169
2011-11-30,98,66,164
2011-12-01,77,76,153
2011-12-02,124,70,194
2011-12-03,93,66,159
2011-12-04,94,83,177
2011-12-05,99,71,170
2011-12-06,113,76,189
2011-12-07,82,67,149
2011-12-08,95,77,172
2011-12-09,164,103,267
2011-12-10,103,65,168
2011-12-11,99,69,168
2011-12-12,84,61,145
2011-12-13,95,71,166
2011-12-14,99,82,181
2011-12-15,118,65,183
2011-12-16,106,88,194
2011-12-17,102,68,170
2011-12-18,129,76,205
2011-12-19,118,76,194
2011-12-20,117,68,185
2011-12-21,132,87,219
2011-12-22,124,96,220
2011-12-23,104,91,195
2011-12-24,134,92,226
2011-12-25,118,113,231
2011-12-26,133,94,227
2011-12-27,108,93,201
2011-12-28,121,80,201
2011-12-29,107,96,203
2011-12-30,104,87,191
2011-12-31,121,86,207
2012-01-01,98,67,165
2012-01-02,98,71,169
2012-01-03,94,70,164
2012-01-04,104,81,185
2012-01-05,116,87,203
2012-01-06,105,90,195
2012-01-07,83,65,148
2012-01-08,96,74,170
2012-01-09,102,78,180
2012-01-10,109,85,194
2012-01-11,83,68,151
2012-01-12,99,55,154
2012-01-13,98,72,170
2012-01-14,104,75,179
2012-01-15,126,93,219
2012-01-16,120,93,213
2012-01-17,139,87,226
2012-01-18,108,96,204
2012-01-19,105,97,202
2012-01-20,129,82,211
2012-01-21,110,71,181
2012-01-22,99,72,171
2012-01-23,133,71,204
2012-01-24,108,76,184
2012-01-25,120,64,184
2012-01-26,104,75,179
2012-01-27,78,84,162
2012-01-28,108,76,184
2012-01-29,119,79,198
2012-01-30,95,72,167
2012-01-31,113,76,189
2012-02-01,109,75,184
2012-02-02,98,88,186
2012-02-03,108,76,184
2012-02-04,126,84,210
2012-02-05,91,84,175
2012-02-06,112,87,199
2012-02-07,122,76,198
2012-02-08,118,70,188
2012-02-09,108,82,190
2012-02-10,100,66,166
2012-02-11,99,70,169
2012-02-12,90,75,165
2012-02-13,120,64,184
2012-02-14,112,62,174
2012-02-15,110,90,200
2012-02-16,97,71,168
2012-02-17,102,62,164
2012-02-18,119,81,200
2012-02-19,106,74,180
2012-02-20,105,71,176
2012-02-21,118,75,193
2012-02-22,108,66,174
2012-02-23,110,78,188
2012-02-24,135,69,204
2012-02-25,95,72,167
2012-02-26,112,79,191
2012-02-27,89,65,154
2012-02-28,75,61,136
2012-02-29,85,59,144
2012-03-01,78,79,157
2012-03-02,96,64,160
2012-03-03,92,70,162
2012-03-04,102,64,166
2012-03-05,115,77,192
2012-03-06,90,72,162
2012-03-07,83,77,160
2012-03-08,88,66,154
2012-03-09,75,68,143
2012-03-10,100,73,173
2012-03-11,90,52,142
2012-03-12,78,63,141
2012-03-13,92,68,160
2012-03-14,79,67,146
2012-03-15,81,65,146
2012-03-16,82,51,133
2012-03-17,89,70,159
2012-03-18,81,54,135
2012-03-19,92,54,146
2012-03-20,71,74,145
2012-03-21,85,74,159
2012-03-22,83,71,154
2012-03-23,74,58,132
2012-03-24,74,58,132
2012-03-25,85,56,141
2012-03-26,92,65,157
2012-03-27,80,48,128
2012-03-28,90,65,155
2012-03-29,87,59,146
2012-03-30,82,56,138
2012-03-31,83,64,147
2012-04-01,68,64,132
2012-04-02,74,48,122
2012-04-03,74,60,134
2012-04-04,90,40,130
2012-04-05,77,40,117
2012-04-06,75,59,134
2012-04-07,82,40,122
2012-04-08,74,61,135
2012-04-09,73,54,127
2012-04-10,78,54,132
2012-04-11,73,52,125
2012-04-12,99,68,167
2012-04-13,79,60,139
2012-04-14,82,43,125
2012-04-15,72,66,138
2012-04-16,97,69,166
2012-04-17,86,65,151
2012-04-18,80,67,147
2012-04-19,74,54,128
2012-04-20,91,48,139
2012-04-21,97,57,154
2012-04-22,79,82,161
2012-04-23,103,74,177
2012-04-24,77,61,138
2012-04-25,63,51,114
2012-04-26,78,52,130
2012-04-27,76,53,129
2012-04-28,97,47,144
2012-04-29,78,53,131
2012-04-30,80,61,141
2012-05-01,75,66,141
2012-05-02,73,59,132
2012-05-03,75,46,121
2012-05-04,70,44,114
2012-05-05,87,51,138
2012-05-06,81,67,148
2012-05-07,86,58,144
2012-05-08,76,63,139
2012-05-09,76,70,146
2012-05-10,74,49,123
2012-05-11,72,59,131
2012-05-12,75,51,126
2012-05-13,97,58,155
2012-05-14,104,69,173
2012-05-15,85,62,147
2012-05-16,94,50,144
2012-05-17,116,72,188
2012-05-18,86,83,169
2012-05-19,104,63,167
2012-05-20,90,79,169
2012-05-21,64,68,132
2012-05-22,76,59,135
2012-05-23,82,81,163
2012-05-24,96,77,173
2012-05-25,97,78,175
2012-05-26,99,84,183
2012-05-27,101,55,156
2012-05-28,89,60,149
2012-05-29,80,60,140
2012-05-30,96,56,152
2012-05-31,74,58,132
2012-06-01,74,65,139
2012-06-02,97,65,162
2012-06-03,98,73,171
2012-06-04,111,84,195
2012-06-05,163,116,279
2012-06-06,127,115,242
2012-06-07,88,86,174
2012-06-08,83,66,149
2012-06-09,85,58,143
2012-06-10,83,70,153
2012-06-11,102,68,170
2012-06-12,76,67,143
2012-06-13,101,75,176
2012-06-14,84,67,151
2012-06-15,102,65,167
2012-06-16,79,53,132
2012-06-17,83,50,133
2012-06-18,83,51,134
2012-06-19,84,47,131
2012-06-20,77,52,129
2012-06-21,81,47,128
2012-06-22,84,48,132
2012-06-23,98,48,146
2012-06-24,65,52,117
2012-06-25,71,48,119
2012-06-26,81,72,153
2012-06-27,83,63,146
2012-06-28,94,68,162
2012-06-29,85,61,146
2012-06-30,96,68,164
2012-07-01,74,50,124
2012-07-02,82,60,142
2012-07-03,73,66,139
2012-07-04,84,53,137
2012-07-05,81,50,131
2012-07-06,71,70,141
2012-07-07,96,54,150
2012-07-08,84,48,132
2012-07-09,67,61,128
2012-07-10,96,41,137
2012-07-11,86,55,141
2012-07-12,84,49,133
2012-07-13,104,69,173
2012-07-14,83,54,137
2012-07-15,81,52,133
2012-07-16,81,51,132
2012-07-17,100,52,152
2012-07-18,73,63,136
2012-07-19,81,55,136
2012-07-20,89,47,136
2012-07-21,97,67,164
2012-07-22,84,65,149
2012-07-23,103,69,172
2012-07-24,86,48,134
2012-07-25,88,65,153
2012-07-26,87,76,163
2012-07-27,83,73,156
2012-07-28,91,70,161
2012-07-29,64,42,106
2012-07-30,83,65,148
2012-07-31,82,62,144
2012-08-01,93,58,151
2012-08-02,103,82,185
2012-08-03,87,56,143
2012-08-04,79,64,143
2012-08-05,92,55,147
2012-08-06,89,49,138
2012-08-07,94,63,157
2012-08-08,83,66,149
2012-08-09,90,45,135
2012-08-10,105,69,174
2012-08-11,70,70,140
2012-08-12,84,46,130
2012-08-13,105,66,171
2012-08-14,97,61,158
2012-08-15,113,53,166
2012-08-16,103,67,170
2012-08-17,115,77,192
2012-08-18,76,74,150
2012-08-19,98,59,157
2012-08-20,91,54,145
2012-08-21,88,70,158
2012-08-22,94,63,157
2012-08-23,100,53,153
2012-08-24,98,64,162
2012-08-25,74,70,144
2012-08-26,96,75,171
2012-08-27,82,55,137
2012-08-28,95,77,172
2012-08-29,84,68,152
2012-08-30,102,75,177
2012-08-31,83,52,135
2012-09-01,90,58,148
2012-09-02,90,76,166
2012-09-03,90,70,160
2012-09-04,72,65,137
2012-09-05,87,50,137
2012-09-06,74,60,134
2012-09-07,90,67,157
2012-09-08,104,69,173
2012-09-09,94,69,163
2012-09-10,98,80,178
2012-09-11,91,73,164
2012-09-12,85,68,153
2012-09-13,94,58,152
2012-09-14,96,77,173
2012-09-15,90,67,157
2012-09-16,91,70,161
2012-09-17,107,65,172
2012-09-18,88,58,146
2012-09-19,105,75,180
2012-09-20,95,64,159
2012-09-21,105,88,193
2012-09-22,102,73,175
2012-09-23,89,72,161
2012-09-24,99,73,172
2012-09-25,88,71,159
2012-09-26,95,66,161
2012-09-27,79,67,146
2012-09-28,87,66,153
2012-09-29,82,73,155
2012-09-30,94,76,170
2012-10-01,84,69,153
2012-10-02,84,66,150
2012-10-03,95,45,140
2012-10-04,77,49,126
2012-10-05,98,53,151
2012-10-06,84,67,151
2012-10-07,91,66,157
2012-10-08,94,55,149
2012-10-09,90,62,152
2012-10-10,102,63,165
2012-10-11,76,59,135
2012-10-12,92,55,147
2012-10-13,78,62,140
2012-10-14,84,51,135
2012-10-15,104,47,151
2012-10-16,81,55,136
2012-10-17,85,63,148
2012-10-18,94,53,147
2012-10-19,92,71,163
2012-10-20,79,61,140
2012-10-21,104,64,168
2012-10-22,92,53,145
2012-10-23,86,64,150
2012-10-24,100,64,164
2012-10-25,108,62,170
2012-10-26,78,69,147
2012-10-27,97,63,160
2012-10-28,101,61,162
2012-10-29,106,58,164
2012-10-30,101,71,172
2012-10-31,94,88,182
2012-11-01,122,75,197
2012-11-02,95,52,147
2012-11-03,90,55,145
2012-11-04,92,67,159
2012-11-05,94,72,166
2012-11-06,97,70,167
2012-11-07,107,54,161
2012-11-08,86,64,150
2012-11-09,95,65,160
2012-11-10,103,54,157
2012-11-11,95,69,164
2012-11-12,93,65,158
2012-11-13,87,60,147
2012-11-14,129,66,195
2012-11-15,106,75,181
2012-11-16,110,56,166
2012-11-17,118,73,191
2012-11-18,108,69,177
2012-11-19,113,64,177
2012-11-20,94,63,157
2012-11-21,126,74,200
2012-11-22,93,79,172
2012-11-23,80,77,157
2012-11-24,107,63,170
2012-11-25,91,67,158
2012-11-26,94,73,167
2012-11-27,105,71,176
2012-11-28,78,59,137
2012-11-29,111,67,178
2012-11-30,113,61,174
2012-12-01,105,69,174
2012-12-02,97,71,168
2012-12-03,91,83,174
2012-12-04,128,76,204
2012-12-05,108,81,189
2012-12-06,94,92,186
2012-12-07,117,81,198
2012-12-08,126,74,200
2012-12-09,105,67,172
2012-12-10,126,80,206
2012-12-11,117,76,193
2012-12-12,108,74,182
2012-12-13,130,87,217
2012-12-14,106,80,186
2012-12-15,89,80,169
2012-12-16,91,67,158
2012-12-17,118,77,195
2012-12-18,118,72,190
2012-12-19,109,80,189
2012-12-20,118,64,182
2012-12-21,111,61,172
2012-12-22,97,91,188
2012-12-23,99,79,178
2012-12-24,111,81,192
2012-12-25,125,84,209
2012-12-26,120,95,215
2012-12-27,130,96,226
2012-12-28,122,99,221
2012-12-29,143,102,245
2012-12-30,133,93,226
2012-12-31,136,105,241
2013-01-01,129,110,239
2013-01-02,145,116,261
2013-01-03,163,90,253
2013-01-04,115,90,205
2013-01-05,132,91,223
2013-01-06,98,90,188
2013-01-07,123,70,193
2013-01-08,120,112,232
2013-01-09,112,83,195
2013-01-10,142,92,234
2013-01-11,118,104,222
2013-01-12,125,91,216
2013-01-13,136,110,246
2013-01-14,135,106,241
2013-01-15,128,92,220
2013-01-16,128,100,228
2013-01-17,140,106,246
2013-01-18,142,96,238
2013-01-19,136,98,234
2013-01-20,105,92,197
2013-01-21,110,71,181
2013-01-22,109,74,183
2013-01-23,117,92,209
2013-01-24,134,86,220
2013-01-25,134,78,212
2013-01-26,109,87,196
2013-01-27,116,78,194
2013-01-28,140,93,233
2013-01-29,131,82,213
2013-01-30,123,90,213
2013-01-31,116,93,209
2013-02-01,125,90,215
2013-02-02,140,83,223
2013-02-03,128,88,216
2013-02-04,111,94,205
2013-02-05,118,101,219
2013-02-06,103,84,187
2013-02-07,109,88,197
2013-02-08,99,84,183
2013-02-09,108,84,192
2013-02-10,91,60,151
2013-02-11,112,81,193
2013-02-12,139,80,219
2013-02-13,107,77,184
2013-02-14,102,78,180
2013-02-15,108,84,192
2013-02-16,103,79,182
2013-02-17,99,61,160
2013-02-18,118,58,176
2013-02-19,114,77,191
2013-02-20,114,66,180
2013-02-21,100,83,183
2013-02-22,106,65,171
2013-02-23,108,65,173
2013-02-24,96,71,167
2013-02-25,109,75,184
2013-02-26,100,81,181
2013-02-27,112,61,173
2013-02-28,96,68,164
2013-03-01,104,85,189
2013-03-02,82,76,158
2013-03-03,88,79,167
2013-03-04,99,62,161
2013-03-05,91,72,163
2013-03-06,99,63,162
2013-03-07,110,68,178
2013-03-08,98,62,160
2013-03-09,107,78,185
2013-03-10,79,59,138
2013-03-11,116,82,198
2013-03-12,106,50,156
2013-03-13,100,72,172
2013-03-14,73,62,135
2013-03-15,72,69,141
2013-03-16,78,52,130
2013-03-17,101,65,166
2013-03-18,81,47,128
2013-03-19,100,79,179
2013-03-20,110,65,175
2013-03-21,83,61,144
2013-03-22,94,62,156
2013-03-23,81,59,140
2013-03-24,89,50,139
2013-03-25,94,59,153
2013-03-26,98,51,149
2013-03-27,103,55,158
2013-03-28,90,66,156
2013-03-29,89,75,164
2013-03-30,81,48,129
2013-03-31,84,48,132
2013-04-01,63,55,118
2013-04-02,96,55,151
2013-04-03,77,61,138
2013-04-04,117,48,165
2013-04-05,88,55,143
2013-04-06,95,62,157
2013-04-07,110,61,171
2013-04-08,85,56,141
2013-04-09,89,69,158
2013-04-10,71,67,138
2013-04-11,80,42,122
2013-04-12,80,49,129
2013-04-13,91,73,164
2013-04-14,95,56,151
2013-04-15,67,55,122
2013-04-16,86,50,136
2013-04-17,102,41,143
2013-04-18,103,43,146
2013-04-19,81,42,123
2013-04-20,81,61,142
2013-04-21,85,48,133
2013-04-22,70,66,136
2013-04-23,80,64,144
2013-04-24,91,62,153
2013-04-25,108,59,167
2013-04-26,86,55,141
2013-04-27,78,56,134
2013-04-28,89,57,146
2013-04-29,96,65,161
2013-04-30,85,71,156
2013-05-01,94,69,163
2013-05-02,97,62,159
2013-05-03,89,55,144
2013-05-04,104,61,165
2013-05-05,75,51,126
2013-05-06,73,58,131
2013-05-07,89,68,157
2013-05-08,81,55,136
2013-05-09,83,68,151
2013-05-10,89,68,157
2013-05-11,84,69,153
2013-05-12,84,63,147
2013-05-13,90,62,152
2013-05-14,89,50,139
2013-05-15,81,64,145
2013-05-16,84,54,138
2013-05-17,84,74,158
2013-05-18,119,53,172
2013-05-19,80,73,153
2013-05-20,88,60,148
2013-05-21,97,74,171
2013-05-22,96,76,172
2013-05-23,89,63,152
2013-05-24,108,69,177
2013-05-25,110,62,172
2013-05-26,93,57,150
2013-05-27,101,64,165
2013-05-28,95,65,160
2013-05-29,89,64,153
2013-05-30,96,64,160
2013-05-31,89,44,133
2013-06-01,114,62,176
2013-06-02,91,61,152
2013-06-03,118,70,188
2013-06-04,106,87,193
2013-06-05,97,75,172
2013-06-06,119,78,197
2013-06-07,105,71,176
2013-06-08,88,59,147
2013-06-09,89,56,145
2013-06-10,103,67,170
2013-06-11,70,52,122
2013-06-12,92,63,155
2013-06-13,88,47,135
2013-06-14,79,58,137
2013-06-15,84,66,150
2013-06-16,85,51,136
2013-06-17,87,60,147
2013-06-18,89,67,156
2013-06-19,89,62,151
2013-06-20,86,49,135
2013-06-21,98,61,159
2013-06-22,73,61,134
2013-06-23,78,49,127
2013-06-24,64,51,115
2013-06-25,81,55,136
2013-06-26,78,47,125
2013-06-27,73,72,145
2013-06-28,92,50,142
2013-06-29,78,57,135
2013-06-30,70,49,119
2013-07-01,78,72,150
2013-07-02,86,55,141
2013-07-03,89,55,144
2013-07-04,89,49,138
2013-07-05,81,74,155
2013-07-06,84,73,157
2013-07-07,106,65,171
2013-07-08,75,57,132
2013-07-09,94,54,148
2013-07-10,90,50,140
2013-07-11,89,50,139
2013-07-12,65,55,120
2013-07-13,74,69,143
2013-07-14,81,60,141
2013-07-15,77,66,143
2013-07-16,86,60,146
2013-07-17,72,57,129
2013-07-18,76,48,124
2013-07-19,80,52,132
2013-07-20,76,55,131
2013-07-21,76,64,140
2013-07-22,81,60,141
2013-07-23,87,61,148
2013-07-24,93,58,151
2013-07-25,90,62,152
2013-07-26,96,51,147
2013-07-27,78,52,130
2013-07-28,82,39,121
2013-07-29,85,51,136
2013-07-30,88,47,135
2013-07-31,77,59,136
2013-08-01,76,72,148
2013-08-02,90,62,152
2013-08-03,85,51,136
2013-08-04,92,70,162
2013-08-05,88,48,136
2013-08-06,69,52,121
2013-08-07,87,50,137
2013-08-08,77,51,128
2013-08-09,77,45,122
2013-08-10,95,59,154
2013-08-11,71,66,137
2013-08-12,105,47,152
2013-08-13,85,56,141
2013-08-14,83,65,148
2013-08-15,84,60,144
2013-08-16,94,55,149
2013-08-17,74,51,125
2013-08-18,74,61,135
2013-08-19,81,57,138
2013-08-20,82,47,129
2013-08-21,90,35,125
2013-08-22,80,58,138
2013-08-23,109,70,179
2013-08-24,90,51,141
2013-08-25,84,51,135
2013-08-26,78,63,141
2013-08-27,83,63,146
2013-08-28,77,58,135
2013-08-29,73,62,135
2013-08-30,84,58,142
2013-08-31,85,55,140
2013-09-01,86,47,133
2013-09-02,79,57,136
2013-09-03,75,62,137
2013-09-04,78,55,133
2013-09-05,89,69,158
2013-09-06,98,55,153
2013-09-07,92,57,149
2013-09-08,83,47,130
2013-09-09,74,44,118
2013-09-10,91,60,151
2013-09-11,83,56,139
2013-09-12,95,56,151
2013-09-13,88,68,156
2013-09-14,78,56,134
2013-09-15,72,41,113
2013-09-16,92,49,141
2013-09-17,103,49,152
2013-09-18,95,61,156
2013-09-19,87,49,136
2013-09-20,89,52,141
2013-09-21,94,50,144
2013-09-22,88,56,144
2013-09-23,98,61,159
2013-09-24,85,74,159
2013-09-25,99,62,161
2013-09-26,78,58,136
2013-09-27,76,50,126
2013-09-28,78,61,139
2013-09-29,72,47,119
2013-09-30,77,61,138
2013-10-01,94,55,149
2013-10-02,89,54,143
2013-10-03,80,39,119
2013-10-04,70,61,131
2013-10-05,82,49,131
2013-10-06,82,75,157
2013-10-07,100,60,160
2013-10-08,77,39,116
2013-10-09,79,62,141
2013-10-10,92,66,158
2013-10-11,90,60,150
2013-10-12,96,49,145
2013-10-13,92,54,146
2013-10-14,76,69,145
2013-10-15,84,66,150
2013-10-16,103,73,176
2013-10-17,100,64,164
2013-10-18,100,46,146
2013-10-19,86,46,132
2013-10-20,91,70,161
2013-10-21,97,56,153
2013-10-22,87,62,149
2013-10-23,90,57,147
2013-10-24,91,53,144
2013-10-25,100,53,153
2013-10-26,91,60,151
2013-10-27,88,61,149
2013-10-28,98,59,157
2013-10-29,79,66,145
2013-10-30,103,94,197
2013-10-31,99,48,147
2013-11-01,76,57,133
2013-11-02,107,55,162
2013-11-03,115,64,179
2013-11-04,121,76,197
2013-11-05,101,71,172
2013-11-06,90,74,164
2013-11-07,101,66,167
2013-11-08,103,70,173
2013-11-09,94,73,167
2013-11-10,97,72,169
2013-11-11,98,72,170
2013-11-12,106,74,180
2013-11-13,115,70,185
2013-11-14,105,74,179
2013-11-15,103,78,181
2013-11-16,109,71,180
2013-11-17,112,73,185
2013-11-18,107,68,175
2013-11-19,114,62,176
2013-11-20,103,74,177
2013-11-21,109,93,202
2013-11-22,112,83,195
2013-11-23,120,74,194
2013-11-24,105,61,166
2013-11-25,108,81,189
2013-11-26,137,65,202
2013-11-27,103,69,172
2013-11-28,107,73,180
2013-11-29,128,76,204
2013-11-30,99,76,175
2013-12-01,95,83,178
2013-12-02,120,73,193
2013-12-03,104,72,176
2013-12-04,115,66,181
2013-12-05,109,66,175
2013-12-06,106,70,176
2013-12-07,108,66,174
2013-12-08,110,72,182
2013-12-09,109,72,181
2013-12-10,112,65,177
2013-12-11,108,65,173
2013-12-12,94,75,169
2013-12-13,100,66,166
2013-12-14,110,63,173
2013-12-15,101,73,174
2013-12-16,122,85,207
2013-12-17,109,75,184
2013-12-18,126,90,216
2013-12-19,110,88,198
2013-12-20,113,84,197
2013-12-21,123,76,199
2013-12-22,121,79,200
2013-12-23,109,69,178
2013-12-24,117,86,203
2013-12-25,90,78,168
2013-12-26,127,77,204
2013-12-27,105,70,175
2013-12-28,121,92,213
2013-12-29,121,76,197
2013-12-30,118,85,203
2013-12-31,107,92,199
2014-01-01,130,87,217
2014-01-02,104,83,187
2014-01-03,110,97,207
2014-01-04,117,77,194
2014-01-05,113,91,204
2014-01-06,120,80,200
2014-01-07,122,81,203
2014-01-08,107,81,188
2014-01-09,116,75,191
2014-01-10,106,95,201
2014-01-11,100,78,178
2014-01-12,134,71,205
2014-01-13,118,85,203
2014-01-14,119,98,217
2014-01-15,130,74,204
2014-01-16,147,89,236
2014-01-17,112,90,202
2014-01-18,133,93,226
2014-01-19,112,97,209
2014-01-20,113,103,216
2014-01-21,114,93,207
2014-01-22,128,88,216
2014-01-23,126,99,225
2014-01-24,130,96,226
2014-01-25,135,80,215
2014-01-26,124,79,203
2014-01-27,123,81,204
2014-01-28,105,87,192
2014-01-29,110,80,190
2014-01-30,140,80,220
2014-01-31,115,92,207
2014-02-01,108,87,195
2014-02-02,121,71,192
2014-02-03,111,74,185
2014-02-04,150,102,252
2014-02-05,140,97,237
2014-02-06,129,85,214
2014-02-07,130,75,205
2014-02-08,116,111,227
2014-02-09,147,82,229
2014-02-10,102,95,197
2014-02-11,125,72,197
2014-02-12,113,74,187
2014-02-13,120,76,196
2014-02-14,92,81,173
2014-02-15,123,74,197
2014-02-16,91,62,153
2014-02-17,103,65,168
2014-02-18,121,62,183
2014-02-19,109,85,194
2014-02-20,105,87,192
2014-02-21,116,74,190
2014-02-22,129,70,199
2014-02-23,92,88,180
2014-02-24,106,73,179
2014-02-25,112,83,195
2014-02-26,93,75,168
2014-02-27,113,70,183
2014-02-28,86,67,153
2014-03-01,85,85,170
2014-03-02,86,79,165
2014-03-03,102,81,183
2014-03-04,102,59,161
2014-03-05,119,71,190
2014-03-06,107,54,161
2014-03-07,108,71,179
2014-03-08,119,74,193
2014-03-09,96,47,143
2014-03-10,103,68,171
2014-03-11,104,65,169
2014-03-12,93,66,159
2014-03-13,88,68,156
2014-03-14,119,64,183
2014-03-15,81,63,144
2014-03-16,95,75,170
2014-03-17,112,76,188
2014-03-18,107,72,179
2014-03-19,99,61,160
2014-03-20,115,65,180
2014-03-21,107,66,173
2014-03-22,97,53,150
2014-03-23,76,58,134
2014-03-24,71,71,142
2014-03-25,86,53,139
2014-03-26,95,72,167
2014-03-27,95,46,141
2014-03-28,119,67,186
2014-03-29,105,82,187
2014-03-30,106,69,175
2014-03-31,128,105,233
2014-04-01,110,90,200
2014-04-02,95,79,174
2014-04-03,79,69,148
2014-04-04,80,58,138
2014-04-05,76,54,130
2014-04-06,78,65,143
2014-04-07,87,75,162
2014-04-08,90,61,151
2014-04-09,94,53,147
2014-04-10,70,74,144
2014-04-11,97,72,169
2014-04-12,96,58,154
2014-04-13,89,68,157
2014-04-14,90,48,138
2014-04-15,94,57,151
2014-04-16,78,55,133
2014-04-17,99,50,149
2014-04-18,71,46,117
2014-04-19,63,64,127
2014-04-20,108,61,169
2014-04-21,73,66,139
2014-04-22,113,80,193
2014-04-23,125,86,211
2014-04-24,129,115,244
2014-04-25,103,101,204
2014-04-26,104,84,188
2014-04-27,119,81,200
2014-04-28,96,86,182
2014-04-29,106,73,179
2014-04-30,87,61,148
2014-05-01,79,63,142
2014-05-02,80,66,146
2014-05-03,82,59,141
2014-05-04,83,59,142
2014-05-05,91,55,146
2014-05-06,87,50,137
2014-05-07,83,64,147
2014-05-08,76,58,134
2014-05-09,99,50,149
2014-05-10,84,56,140
2014-05-11,81,55,136
2014-05-12,111,60,171
2014-05-13,100,69,169
2014-05-14,98,77,175
2014-05-15,93,84,177
2014-05-16,97,85,182
2014-05-17,125,81,206
2014-05-18,119,70,189
2014-05-19,104,79,183
2014-05-20,97,79,176
2014-05-21,84,91,175
2014-05-22,112,88,200
2014-05-23,94,87,181
2014-05-24,102,83,185
2014-05-25,81,64,145
2014-05-26,81,54,135
2014-05-27,82,58,140
2014-05-28,93,62,155
2014-05-29,90,51,141
2014-05-30,106,67,173
2014-05-31,91,44,135
2014-06-01,95,61,156
2014-06-02,97,63,160
2014-06-03,92,61,153
2014-06-04,107,67,174
2014-06-05,102,64,166
2014-06-06,101,81,182
2014-06-07,102,61,163
2014-06-08,116,64,180
2014-06-09,118,85,203
2014-06-10,94,91,185
2014-06-11,122,91,213
2014-06-12,118,69,187
2014-06-13,126,83,209
2014-06-14,139,89,228
2014-06-15,93,74,167
2014-06-16,115,73,188
2014-06-17,88,73,161
2014-06-18,108,64,172
2014-06-19,88,52,140
2014-06-20,99,61,160
2014-06-21,89,64,153
2014-06-22,101,60,161
2014-06-23,92,95,187
2014-06-24,96,84,180
2014-06-25,114,47,161
2014-06-26,96,73,169
2014-06-27,95,68,163
2014-06-28,91,56,147
2014-06-29,95,59,154
2014-06-30,103,53,156
2014-07-01,103,53,156
2014-07-02,105,66,171
2014-07-03,110,51,161
2014-07-04,97,59,156
2014-07-05,94,70,164
2014-07-06,103,56,159
2014-07-07,110,66,176
2014-07-08,90,63,153
2014-07-09,94,59,153
2014-07-10,114,65,179
2014-07-11,81,72,153
2014-07-12,96,66,162
2014-07-13,87,50,137
2014-07-14,102,65,167
2014-07-15,91,66,157
2014-07-16,102,55,157
2014-07-17,94,71,165
2014-07-18,94,60,154
2014-07-19,104,61,165
2014-07-20,89,59,148
2014-07-21,104,46,150
2014-07-22,75,62,137
2014-07-23,84,55,139
2014-07-24,105,49,154
2014-07-25,95,68,163
2014-07-26,96,64,160
2014-07-27,94,82,176
2014-07-28,83,62,145
2014-07-29,90,57,147
2014-07-30,89,74,163
2014-07-31,66,61,127
2014-08-01,88,65,153
2014-08-02,111,70,181
2014-08-03,93,53,146
2014-08-04,85,64,149
2014-08-05,83,73,156
2014-08-06,101,66,167
2014-08-07,100,63,163
2014-08-08,96,60,156
2014-08-09,94,54,148
2014-08-10,95,61,156
2014-08-11,104,56,160
2014-08-12,92,63,155
2014-08-13,79,63,142
2014-08-14,89,62,151
2014-08-15,89,54,143
2014-08-16,85,60,145
2014-08-17,105,67,172
2014-08-18,104,73,177
2014-08-19,76,68,144
2014-08-20,87,62,149
2014-08-21,101,62,163
2014-08-22,98,72,170
2014-08-23,96,63,159
2014-08-24,92,68,160
2014-08-25,103,69,172
2014-08-26,85,68,153
2014-08-27,99,65,164
2014-08-28,74,55,129
2014-08-29,85,57,142
2014-08-30,86,59,145
2014-08-31,81,60,141
2014-09-01,94,58,152
2014-09-02,85,61,146
2014-09-03,91,61,152
2014-09-04,88,55,143
2014-09-05,91,64,155
2014-09-06,124,70,194
2014-09-07,100,64,164
2014-09-08,107,68,175
2014-09-09,109,56,165
2014-09-10,82,72,154
2014-09-11,92,61,153
2014-09-12,100,70,170
2014-09-13,82,62,144
2014-09-14,103,72,175
2014-09-15,86,69,155
2014-09-16,95,72,167
2014-09-17,105,83,188
2014-09-18,95,63,158
2014-09-19,97,70,167
2014-09-20,85,44,129
2014-09-21,85,50,135
2014-09-22,89,68,157
2014-09-23,99,61,160
2014-09-24,90,71,161
2014-09-25,95,58,153
2014-09-26,103,65,168
2014-09-27,73,58,131
2014-09-28,105,64,169
2014-09-29,102,78,180
2014-09-30,103,51,154
2014-10-01,90,58,148
2014-10-02,103,59,162
2014-10-03,86,69,155
2014-10-04,76,53,129
2014-10-05,81,53,134
2014-10-06,89,59,148
2014-10-07,112,55,167
2014-10-08,103,67,170
2014-10-09,103,71,174
2014-10-10,92,58,150
2014-10-11,83,67,150
2014-10-12,86,62,148
2014-10-13,86,59,145
2014-10-14,101,72,173
2014-10-15,87,53,140
2014-10-16,84,65,149
2014-10-17,97,71,168
2014-10-18,71,54,125
2014-10-19,112,61,173
2014-10-20,89,51,140
2014-10-21,87,62,149
2014-10-22,85,64,149
2014-10-23,86,52,138
2014-10-24,90,76,166
2014-10-25,88,59,147
2014-10-26,103,62,165
2014-10-27,87,62,149
2014-10-28,95,58,153
2014-10-29,96,73,169
2014-10-30,107,72,179
2014-10-31,76,58,134
2014-11-01,87,61,148
2014-11-02,87,48,135
2014-11-03,89,66,155
2014-11-04,90,71,161
2014-11-05,94,63,157
2014-11-06,105,70,175
2014-11-07,97,76,173
2014-11-08,92,68,160
2014-11-09,105,68,173
2014-11-10,87,65,152
2014-11-11,102,67,169
2014-11-12,110,79,189
2014-11-13,95,77,172
2014-11-14,93,73,166
2014-11-15,105,64,169
2014-11-16,85,69,154
2014-11-17,102,67,169
2014-11-18,108,69,177
2014-11-19,113,74,187
2014-11-20,110,73,183
2014-11-21,115,56,171
2014-11-22,85,75,160
2014-11-23,131,90,221
2014-11-24,119,60,179
2014-11-25,132,64,196
2014-11-26,120,83,203
2014-11-27,121,84,205
2014-11-28,127,87,214
2014-11-29,123,71,194
2014-11-30,137,90,227
2014-12-01,113,88,201
2014-12-02,121,68,189
2014-12-03,112,81,193
2014-12-04,120,72,192
2014-12-05,136,84,220
2014-12-06,124,80,204
2014-12-07,87,85,172
2014-12-08,102,59,161
2014-12-09,105,87,192
2014-12-10,109,84,193
2014-12-11,102,70,172
2014-12-12,94,79,173
2014-12-13,125,82,207
2014-12-14,126,92,218
2014-12-15,118,101,219
2014-12-16,123,84,207
2014-12-17,97,83,180
2014-12-18,131,75,206
2014-12-19,120,92,212
2014-12-20,146,88,234
2014-12-21,139,73,212
2014-12-22,111,91,202
2014-12-23,113,87,200
2014-12-24,115,108,223
2014-12-25,140,82,222
2014-12-26,112,87,199
2014-12-27,112,79,191
2014-12-28,135,110,245
2014-12-29,132,77,209
2014-12-30,145,94,239
2014-12-31,143,91,234
2015-01-01,131,92,223
2015-01-02,128,75,203
2015-01-03,132,105,237
2015-01-04,107,120,227
2015-01-05,123,73,196
2015-01-06,99,81,180
2015-01-07,111,74,185
2015-01-08,102,88,190
2015-01-09,113,82,195
2015-01-10,100,82,182
2015-01-11,132,73,205
2015-01-12,119,77,196
2015-01-13,109,82,191
2015-01-14,131,91,222
2015-01-15,113,94,207
2015-01-16,120,102,222
2015-01-17,102,67,169
2015-01-18,122,78,200
2015-01-19,109,80,189
2015-01-20,130,90,220
2015-01-21,124,97,221
2015-01-22,130,92,222
2015-01-23,153,87,240
2015-01-24,119,81,200
2015-01-25,133,88,221
2015-01-26,126,99,225
2015-01-27,118,89,207
2015-01-28,117,88,205
2015-01-29,110,84,194
2015-01-30,104,93,197
2015-01-31,95,88,183
2015-02-01,112,79,191
2015-02-02,125,80,205
2015-02-03,133,89,222
2015-02-04,144,100,244
2015-02-05,126,79,205
2015-02-06,116,80,196
2015-02-07,104,73,177
2015-02-08,130,75,205
2015-02-09,117,87,204
2015-02-10,117,77,194
2015-02-11,114,97,211
2015-02-12,113,105,218
2015-02-13,123,94,217
2015-02-14,124,81,205
2015-02-15,114,66,180
2015-02-16,109,82,191
2015-02-17,132,101,233
2015-02-18,123,100,223
2015-02-19,123,78,201
2015-02-20,103,74,177
2015-02-21,104,79,183
2015-02-22,101,86,187
2015-02-23,121,83,204
2015-02-24,117,95,212
2015-02-25,103,76,179
2015-02-26,105,78,183
2015-02-27,108,85,193
2015-02-28,96,78,174
2015-03-01,114,59,173
2015-03-02,95,76,171
2015-03-03,112,49,161
2015-03-04,96,73,169
2015-03-05,87,78,165
2015-03-06,109,59,168
2015-03-07,117,72,189
2015-03-08,98,80,178
2015-03-09,107,69,176
2015-03-10,119,90,209
2015-03-11,119,76,195
2015-03-12,107,86,193
2015-03-13,98,87,185
2015-03-14,105,66,171
2015-03-15,124,78,202
2015-03-16,109,80,189
2015-03-17,108,63,171
2015-03-18,88,61,149
2015-03-19,91,72,163
2015-03-20,99,69,168
2015-03-21,98,71,169
2015-03-22,80,68,148
2015-03-23,81,87,168
2015-03-24,102,57,159
2015-03-25,90,78,168
2015-03-26,83,71,154
2015-03-27,98,58,156
2015-03-28,76,75,151
2015-03-29,85,68,153
2015-03-30,101,65,166
2015-03-31,94,59,153
2015-04-01,96,61,157
2015-04-02,84,69,153
2015-04-03,96,74,170
2015-04-04,102,74,176
2015-04-05,91,55,146
2015-04-06,83,50,133
2015-04-07,100,53,153
2015-04-08,97,68,165
2015-04-09,69,62,131
2015-04-10,85,73,158
2015-04-11,84,75,159
2015-04-12,86,58,144
2015-04-13,96,55,151
2015-04-14,97,64,161
2015-04-15,105,63,168
2015-04-16,86,58,144
2015-04-17,83,67,150
2015-04-18,107,66,173
2015-04-19,116,55,171
2015-04-20,86,54,140
2015-04-21,93,58,151
2015-04-22,98,60,158
2015-04-23,84,52,136
2015-04-24,83,52,135
2015-04-25,93,58,151
2015-04-26,81,56,137
2015-04-27,70,70,140
2015-04-28,96,58,154
2015-04-29,83,68,151
2015-04-30,101,63,164
2015-05-01,105,60,165
2015-05-02,81,64,145
2015-05-03,94,68,162
2015-05-04,94,63,157
2015-05-05,87,66,153
2015-05-06,89,63,152
2015-05-07,87,62,149
2015-05-08,93,74,167
2015-05-09,79,62,141
2015-05-10,101,71,172
2015-05-11,76,75,151
2015-05-12,95,60,155
2015-05-13,85,63,148
2015-05-14,95,48,143
2015-05-15,95,60,155
2015-05-16,85,63,148
2015-05-17,91,51,142
2015-05-18,76,59,135
2015-05-19,80,65,145
2015-05-20,105,71,176
2015-05-21,86,75,161
2015-05-22,69,61,130
2015-05-23,100,67,167
2015-05-24,97,106,203
2015-05-25,120,75,195
2015-05-26,96,71,167
2015-05-27,90,81,171
2015-05-28,98,65,163
2015-05-29,82,62,144
2015-05-30,104,72,176
2015-05-31,88,65,153
2015-06-01,98,76,174
2015-06-02,104,63,167
2015-06-03,106,65,171
2015-06-04,89,69,158
2015-06-05,106,81,187
2015-06-06,59,68,127
2015-06-07,82,68,150
2015-06-08,80,90,170
2015-06-09,84,72,156
2015-06-10,84,69,153
2015-06-11,80,62,142
2015-06-12,82,50,132
2015-06-13,73,61,134
2015-06-14,74,54,128
2015-06-15,96,50,146
2015-06-16,78,61,139
2015-06-17,79,49,128
2015-06-18,82,59,141
2015-06-19,78,60,138
2015-06-20,98,53,151
2015-06-21,89,53,142
2015-06-22,88,49,137
2015-06-23,85,57,142
2015-06-24,64,56,120
2015-06-25,79,60,139
2015-06-26,84,62,146
2015-06-27,97,75,172
2015-06-28,83,57,140
2015-06-29,95,65,160
2015-06-30,85,63,148
2015-07-01,90,43,133
2015-07-02,94,52,146
2015-07-03,74,68,142
2015-07-04,102,66,168
2015-07-05,84,70,154
2015-07-06,100,61,161
2015-07-07,94,62,156
2015-07-08,93,60,153
2015-07-09,91,47,138
2015-07-10,96,47,143
2015-07-11,95,66,161
2015-07-12,97,70,167
2015-07-13,105,65,170
2015-07-14,82,68,150
2015-07-15,107,65,172
2015-07-16,98,57,155
2015-07-17,82,67,149
2015-07-18,76,59,135
2015-07-19,73,53,126
2015-07-20,93,60,153
2015-07-21,85,65,150
2015-07-22,96,61,157
2015-07-23,91,70,161
2015-07-24,75,65,140
2015-07-25,101,66,167
2015-07-26,76,72,148
2015-07-27,89,63,152
2015-07-28,92,79,171
2015-07-29,99,57,156
2015-07-30,101,74,175
2015-07-31,79,48,127
2015-08-01,92,63,155
2015-08-02,93,66,159
2015-08-03,101,80,181
2015-08-04,110,66,176
2015-08-05,100,89,189
2015-08-06,86,91,177
2015-08-07,117,64,181
2015-08-08,89,68,157
2015-08-09,98,61,159
2015-08-10,115,83,198
2015-08-11,125,88,213
2015-08-12,108,88,196
2015-08-13,105,85,190
2015-08-14,90,72,162
2015-08-15,84,63,147
2015-08-16,93,72,165
2015-08-17,97,87,184
2015-08-18,88,56,144
2015-08-19,93,73,166
2015-08-20,107,83,190
2015-08-21,106,54,160
2015-08-22,84,59,143
2015-08-23,83,72,155
2015-08-24,90,76,166
2015-08-25,108,66,174
2015-08-26,97,74,171
2015-08-27,96,59,155
2015-08-28,95,70,165
2015-08-29,88,73,161
2015-08-30,95,62,157
2015-08-31,105,70,175
2015-09-01,89,55,144
2015-09-02,102,75,177
2015-09-03,102,72,174
2015-09-04,92,62,154
2015-09-05,102,64,166
2015-09-06,104,77,181
2015-09-07,101,84,185
2015-09-08,141,90,231
2015-09-09,123,101,224
2015-09-10,125,105,230
2015-09-11,115,89,204
2015-09-12,106,83,189
2015-09-13,92,89,181
2015-09-14,120,56,176
2015-09-15,102,74,176
2015-09-16,103,67,170
2015-09-17,115,64,179
2015-09-18,101,72,173
2015-09-19,103,81,184
2015-09-20,99,56,155
2015-09-21,100,77,177
2015-09-22,97,74,171
2015-09-23,87,72,159
2015-09-24,99,57,156
2015-09-25,110,63,173
2015-09-26,98,62,160
2015-09-27,86,73,159
2015-09-28,112,67,179
2015-09-29,112,102,214
2015-09-30,122,81,203
2015-10-01,113,86,199
2015-10-02,101,53,154
2015-10-03,92,79,171
2015-10-04,106,69,175
2015-10-05,89,71,160
2015-10-06,98,70,168
2015-10-07,115,74,189
2015-10-08,87,61,148
2015-10-09,101,70,171
2015-10-10,105,89,194
2015-10-11,80,72,152
2015-10-12,124,55,179
2015-10-13,92,63,155
2015-10-14,74,66,140
2015-10-15,99,61,160
2015-10-16,95,58,153
2015-10-17,95,64,159
2015-10-18,91,76,167
2015-10-19,122,65,187
2015-10-20,105,59,164
2015-10-21,88,72,160
2015-10-22,80,69,149
2015-10-23,114,66,180
2015-10-24,82,54,136
2015-10-25,106,67,173
2015-10-26,111,75,186
2015-10-27,115,60,175
2015-10-28,105,57,162
2015-10-29,114,66,180
2015-10-30,110,60,170
2015-10-31,108,62,170
2015-11-01,84,67,151
2015-11-02,111,71,182
2015-11-03,99,69,168
2015-11-04,105,80,185
2015-11-05,107,67,174
2015-11-06,86,65,151
2015-11-07,98,67,165
2015-11-08,76,66,142
2015-11-09,103,70,173
2015-11-10,95,81,176
2015-11-11,95,63,158
2015-11-12,117,70,187
2015-11-13,98,59,157
2015-11-14,99,84,183
2015-11-15,111,73,184
2015-11-16,114,58,172
2015-11-17,101,91,192
2015-11-18,103,66,169
2015-11-19,106,66,172
2015-11-20,103,71,174
2015-11-21,108,73,181
2015-11-22,110,65,175
2015-11-23,108,68,176
2015-11-24,91,75,166
2015-11-25,100,52,152
2015-11-26,101,71,172
2015-11-27,120,63,183
2015-11-28,98,69,167
2015-11-29,109,76,185
2015-11-30,113,68,181
2015-12-01,94,89,183
2015-12-02,104,60,164
2015-12-03,114,71,185
2015-12-04,109,70,179
2015-12-05,92,72,164
2015-12-06,96,69,165
2015-12-07,100,79,179
2015-12-08,102,64,166
2015-12-09,113,74,187
2015-12-10,103,72,175
2015-12-11,103,80,183
2015-12-12,90,77,167
2015-12-13,108,76,184
2015-12-14,99,61,160
2015-12-15,118,61,179
2015-12-16,113,68,181
2015-12-17,105,67,172
2015-12-18,125,75,200
2015-12-19,135,77,212
2015-12-20,124,91,215
2015-12-21,102,96,198
2015-12-22,135,89,224
2015-12-23,143,83,226
2015-12-24,131,106,237
2015-12-25,115,79,194
2015-12-26,106,93,199
2015-12-27,130,90,220
2015-12-28,146,89,235
2015-12-29,151,91,242
2015-12-30,105,85,190
2015-12-31,162,97,259
2016-01-01,141,77,218
2016-01-02,138,95,233
2016-01-03,140,99,239
2016-01-04,154,90,244
2016-01-05,120,84,204
2016-01-06,122,106,228
2016-01-07,119,96,215
2016-01-08,127,90,217
2016-01-09,107,92,199
2016-01-10,118,83,201
2016-01-11,126,85,211
2016-01-12,118,102,220
2016-01-13,100,86,186
2016-01-14,125,88,213
2016-01-15,118,68,186
2016-01-16,141,94,235
2016-01-17,130,92,222
2016-01-18,117,91,208
2016-01-19,130,89,219
2016-01-20,119,99,218
2016-01-21,115,80,195
2016-01-22,113,81,194
2016-01-23,142,81,223
2016-01-24,107,83,190
2016-01-25,111,87,198
2016-01-26,137,99,236
2016-01-27,116,104,220
2016-01-28,145,85,230
2016-01-29,148,86,234
2016-01-30,137,93,230
2016-01-31,122,87,209
2016-02-01,130,91,221
2016-02-02,124,92,216
2016-02-03,121,77,198
2016-02-04,97,65,162
2016-02-05,127,75,202
2016-02-06,111,70,181
2016-02-07,92,94,186
2016-02-08,109,84,193
2016-02-09,116,86,202
2016-02-10,97,77,174
2016-02-11,117,97,214
2016-02-12,96,80,176
2016-02-13,102,76,178
2016-02-14,116,77,193
2016-02-15,88,77,165
2016-02-16,127,91,218
2016-02-17,112,77,189
2016-02-18,95,69,164
2016-02-19,96,65,161
2016-02-20,112,64,176
2016-02-21,100,74,174
2016-02-22,99,79,178
2016-02-23,94,76,170
2016-02-24,90,82,172
2016-02-25,79,74,153
2016-02-26,103,64,167
2016-02-27,93,66,159
2016-02-28,92,71,163
2016-02-29,86,62,148
2016-03-01,81,76,157
2016-03-02,86,83,169
2016-03-03,103,71,174
2016-03-04,101,65,166
2016-03-05,92,75,167
2016-03-06,96,72,168
2016-03-07,95,69,164
2016-03-08,99,55,154
2016-03-09,89,65,154
2016-03-10,105,84,189
2016-03-11,111,55,166
2016-03-12,113,79,192
2016-03-13,91,58,149
2016-03-14,89,54,143
2016-03-15,94,53,147
2016-03-16,106,59,165
2016-03-17,87,61,148
2016-03-18,92,74,166
2016-03-19,92,63,155
2016-03-20,93,65,158
2016-03-21,100,64,164
2016-03-22,87,56,143
2016-03-23,101,73,174
2016-03-24,100,71,171
2016-03-25,119,72,191
2016-03-26,104,65,169
2016-03-27,77,57,134
2016-03-28,82,58,140
2016-03-29,89,63,152
2016-03-30,81,69,150
2016-03-31,105,60,165
2016-04-01,90,47,137
2016-04-02,75,66,141
2016-04-03,79,48,127
2016-04-04,91,80,171
2016-04-05,96,77,173
2016-04-06,87,72,159
2016-04-07,93,64,157
2016-04-08,113,75,188
2016-04-09,96,81,177
2016-04-10,94,82,176
2016-04-11,109,102,211
2016-04-12,112,98,210
2016-04-13,131,110,241
2016-04-14,91,92,183
2016-04-15,88,100,188
2016-04-16,99,85,184
2016-04-17,92,85,177
2016-04-18,71,71,142
2016-04-19,78,66,144
2016-04-20,83,53,136
2016-04-21,108,57,165
2016-04-22,112,55,167
2016-04-23,91,78,169
2016-04-24,81,69,150
2016-04-25,93,79,172
2016-04-26,90,55,145
2016-04-27,89,60,149
2016-04-28,96,72,168
2016-04-29,90,62,152
2016-04-30,90,69,159
2016-05-01,93,60,153
2016-05-02,86,80,166
2016-05-03,74,66,140
2016-05-04,74,48,122
2016-05-05,72,61,133
2016-05-06,104,64,168
2016-05-07,78,69,147
2016-05-08,69,73,142
2016-05-09,78,69,147
2016-05-10,72,65,137
2016-05-11,88,54,142
2016-05-12,97,74,171
2016-05-13,91,70,161
2016-05-14,96,55,151
2016-05-15,89,45,134
2016-05-16,101,66,167
2016-05-17,87,65,152
2016-05-18,95,57,152
2016-05-19,86,47,133
2016-05-20,86,54,140
2016-05-21,88,55,143
2016-05-22,81,62,143
2016-05-23,97,62,159
2016-05-24,93,56,149
2016-05-25,95,63,158
2016-05-26,83,68,151
2016-05-27,101,58,159
2016-05-28,91,44,135
2016-05-29,95,50,145
2016-05-30,84,76,160
2016-05-31,99,59,158
2016-06-01,91,57,148
2016-06-02,93,69,162
2016-06-03,97,65,162
2016-06-04,100,50,150
2016-06-05,84,66,150
2016-06-06,86,66,152
2016-06-07,95,57,152
2016-06-08,82,55,137
2016-06-09,90,64,154
2016-06-10,97,58,155
2016-06-11,121,82,203
2016-06-12,91,69,160
2016-06-13,98,53,151
2016-06-14,81,61,142
2016-06-15,96,61,157
2016-06-16,97,60,157
2016-06-17,88,62,150
2016-06-18,87,73,160
2016-06-19,97,73,170
2016-06-20,99,64,163
2016-06-21,102,79,181
2016-06-22,87,68,155
2016-06-23,79,61,140
2016-06-24,113,74,187
2016-06-25,103,50,153
2016-06-26,109,84,193
2016-06-27,100,69,169
2016-06-28,97,67,164
2016-06-29,107,67,174
2016-06-30,84,60,144
2016-07-01,82,47,129
2016-07-02,88,78,166
2016-07-03,83,50,133
2016-07-04,80,60,140
2016-07-05,82,79,161
2016-07-06,88,73,161
2016-07-07,91,69,160
2016-07-08,127,66,193
2016-07-09,104,64,168
2016-07-10,102,60,162
2016-07-11,100,66,166
2016-07-12,108,72,180
2016-07-13,104,72,176
2016-07-14,128,78,206
2016-07-15,94,66,160
2016-07-16,111,75,186
2016-07-17,105,59,164
2016-07-18,104,77,181
2016-07-19,97,75,172
2016-07-20,102,84,186
2016-07-21,111,67,178
2016-07-22,106,63,169
2016-07-23,112,59,171
2016-07-24,100,73,173
2016-07-25,105,65,170
2016-07-26,110,67,177
2016-07-27,93,67,160
2016-07-28,104,76,180
2016-07-29,90,74,164
2016-07-30,94,74,168
2016-07-31,125,81,206
2016-08-01,102,82,184
2016-08-02,97,82,179
2016-08-03,103,68,171
2016-08-04,97,79,176
2016-08-05,95,74,169
2016-08-06,111,61,172
2016-08-07,106,61,167
2016-08-08,120,65,185
2016-08-09,100,70,170
2016-08-10,102,91,193
2016-08-11,113,85,198
2016-08-12,107,87,194
2016-08-13,128,77,205
2016-08-14,128,93,221
2016-08-15,111,89,200
2016-08-16,113,74,187
2016-08-17,122,78,200
2016-08-18,101,81,182
2016-08-19,97,61,158
2016-08-20,118,86,204
2016-08-21,99,67,166
2016-08-22,113,66,179
2016-08-23,80,51,131
2016-08-24,103,82,185
2016-08-25,113,80,193
2016-08-26,111,65,176
2016-08-27,103,75,178
2016-08-28,105,74,179
2016-08-29,118,79,197
2016-08-30,106,68,174
2016-08-31,102,65,167
2016-09-01,75,87,162
2016-09-02,117,71,188
2016-09-03,88,64,152
2016-09-04,98,77,175
2016-09-05,88,57,145
2016-09-06,103,70,173
2016-09-07,86,71,157
2016-09-08,103,69,172
2016-09-09,101,76,177
2016-09-10,106,74,180
2016-09-11,114,62,176
2016-09-12,106,77,183
2016-09-13,96,70,166
2016-09-14,116,84,200
2016-09-15,99,70,169
2016-09-16,105,60,165
2016-09-17,102,83,185
2016-09-18,107,65,172
2016-09-19,99,63,162
2016-09-20,109,78,187
2016-09-21,113,61,174
2016-09-22,107,71,178
2016-09-23,97,77,174
2016-09-24,91,89,180
2016-09-25,97,84,181
2016-09-26,111,65,176
2016-09-27,99,70,169
2016-09-28,104,62,166
2016-09-29,88,69,157
2016-09-30,108,69,177
2016-10-01,125,77,202
2016-10-02,122,83,205
2016-10-03,115,69,184
2016-10-04,115,88,203
2016-10-05,99,80,179
2016-10-06,84,70,154
2016-10-07,105,64,169
2016-10-08,96,63,159
2016-10-09,83,70,153
2016-10-10,90,74,164
2016-10-11,106,66,172
2016-10-12,116,63,179
2016-10-13,120,78,198
2016-10-14,84,80,164
2016-10-15,104,61,165
2016-10-16,123,70,193
2016-10-17,116,87,203
2016-10-18,110,79,189
2016-10-19,113,67,180
2016-10-20,125,82,207
2016-10-21,121,78,199
2016-10-22,117,81,198
2016-10-23,93,76,169
2016-10-24,106,75,181
2016-10-25,100,76,176
2016-10-26,126,81,207
2016-10-27,108,72,180
2016-10-28,114,71,185
2016-10-29,109,76,185
2016-10-30,105,72,177
2016-10-31,121,80,201
2016-11-01,99,78,177
2016-11-02,119,72,191
2016-11-03,107,61,168
2016-11-04,121,62,183
2016-11-05,95,66,161
2016-11-06,92,59,151
2016-11-07,114,66,180
2016-11-08,118,65,183
2016-11-09,107,78,185
2016-11-10,122,67,189
2016-11-11,120,76,196
2016-11-12,99,73,172
2016-11-13,108,77,185
2016-11-14,117,82,199
2016-11-15,122,59,181
2016-11-16,121,65,186
2016-11-17,110,82,192
2016-11-18,114,77,191
2016-11-19,143,86,229
2016-11-20,127,90,217
2016-11-21,113,70,183
2016-11-22,109,81,190
2016-11-23,127,87,214
2016-11-24,121,88,209
2016-11-25,129,77,206
2016-11-26,129,72,201
2016-11-27,109,102,211
2016-11-28,132,76,208
2016-11-29,112,88,200
2016-11-30,130,86,216
2016-12-01,132,75,207
2016-12-02,124,84,208
2016-12-03,103,80,183
2016-12-04,110,91,201
2016-12-05,112,89,201
2016-12-06,119,82,201
2016-12-07,124,81,205
2016-12-08,115,79,194
2016-12-09,91,88,179
2016-12-10,121,92,213
2016-12-11,124,86,210
2016-12-12,109,84,193
2016-12-13,133,104,237
2016-12-14,112,77,189
2016-12-15,133,85,218
2016-12-16,142,94,236
2016-12-17,115,113,228
2016-12-18,127,82,209
2016-12-19,131,81,212
2016-12-20,104,109,213
2016-12-21,153,81,234
2016-12-22,141,78,219
2016-12-23,138,94,232
2016-12-24,152,98,250
2016-12-25,114,112,226
2016-12-26,134,92,226
2016-12-27,135,114,249
2016-12-28,103,87,190
2016-12-29,114,101,215
2016-12-30,122,82,204
2016-12-31,135,95,230
2017-01-01,142,109,251
2017-01-02,113,94,207
2017-01-03,127,87,214
2017-01-04,130,99,229
2017-01-05,140,82,222
2017-01-06,125,96,221
2017-01-07,128,74,202
2017-01-08,135,86,221
2017-01-09,120,97,217
2017-01-10,123,102,225
2017-01-11,126,94,220
2017-01-12,124,83,207
2017-01-13,151,106,257
2017-01-14,136,101,237
2017-01-15,125,101,226
2017-01-16,154,110,264
2017-01-17,141,107,248
2017-01-18,128,103,231
2017-01-19,178,79,257
2017-01-20,145,85,230
2017-01-21,129,98,227
2017-01-22,135,98,233
2017-01-23,132,113,245
2017-01-24,148,98,246
2017-01-25,149,93,242
2017-01-26,138,93,231
2017-01-27,136,86,222
2017-01-28,130,92,222
2017-01-29,105,87,192
2017-01-30,141,95,236
2017-01-31,127,91,218
2017-02-01,109,83,192
2017-02-02,111,81,192
2017-02-03,116,89,205
2017-02-04,124,99,223
2017-02-05,114,84,198
2017-02-06,138,89,227
2017-02-07,139,104,243
2017-02-08,128,97,225
2017-02-09,130,95,225
2017-02-10,133,88,221
2017-02-11,133,99,232
2017-02-12,115,68,183
2017-02-13,126,83,209
2017-02-14,116,80,196
2017-02-15,101,82,183
2017-02-16,130,98,228
2017-02-17,107,86,193
2017-02-18,114,78,192
2017-02-19,111,84,195
2017-02-20,115,72,187
2017-02-21,104,88,192
2017-02-22,127,67,194
2017-02-23,117,80,197
2017-02-24,112,74,186
2017-02-25,114,83,197
2017-02-26,118,98,216
2017-02-27,116,76,192
2017-02-28,103,81,184
2017-03-01,122,76,198
2017-03-02,113,78,191
2017-03-03,114,70,184
2017-03-04,121,65,186
2017-03-05,109,78,187
2017-03-06,116,76,192
2017-03-07,103,67,170
2017-03-08,91,66,157
2017-03-09,120,73,193
2017-03-10,89,57,146
2017-03-11,89,64,153
2017-03-12,107,64,171
2017-03-13,104,68,172
2017-03-14,117,69,186
2017-03-15,104,91,195
2017-03-16,116,77,193
2017-03-17,135,84,219
2017-03-18,136,77,213
2017-03-19,98,71,169
2017-03-20,109,75,184
2017-03-21,103,71,174
2017-03-22,90,80,170
2017-03-23,118,60,178
2017-03-24,110,77,187
2017-03-25,128,73,201
2017-03-26,99,75,174
2017-03-27,86,82,168
2017-03-28,115,73,188
2017-03-29,93,73,166
2017-03-30,79,72,151
2017-03-31,92,75,167
2017-04-01,81,58,139
2017-04-02,108,66,174
2017-04-03,103,64,167
2017-04-04,101,57,158
2017-04-05,107,63,170
2017-04-06,95,68,163
2017-04-07,92,67,159
2017-04-08,102,59,161
2017-04-09,83,66,149
2017-04-10,109,82,191
2017-04-11,112,57,169
2017-04-12,92,90,182
2017-04-13,90,61,151
2017-04-14,88,66,154
2017-04-15,95,62,157
2017-04-16,98,62,160
2017-04-17,130,85,215
2017-04-18,101,63,164
2017-04-19,90,79,169
2017-04-20,87,56,143
2017-04-21,97,71,168
2017-04-22,122,73,195
2017-04-23,98,68,166
2017-04-24,113,73,186
2017-04-25,95,94,189
2017-04-26,129,77,206
2017-04-27,101,76,177
2017-04-28,107,81,188
2017-04-29,111,84,195
2017-04-30,112,59,171
2017-05-01,104,72,176
2017-05-02,92,64,156
2017-05-03,110,68,178
2017-05-04,129,77,206
2017-05-05,100,77,177
2017-05-06,124,60,184
2017-05-07,102,88,190
2017-05-08,96,84,180
2017-05-09,91,76,167
2017-05-10,77,82,159
2017-05-11,95,83,178
2017-05-12,90,80,170
2017-05-13,102,52,154
2017-05-14,95,59,154
2017-05-15,106,62,168
2017-05-16,100,64,164
2017-05-17,124,63,187
2017-05-18,95,70,165
2017-05-19,109,78,187
2017-05-20,92,83,175
2017-05-21,135,88,223
2017-05-22,118,81,199
2017-05-23,119,84,203
2017-05-24,109,92,201
2017-05-25,107,98,205
2017-05-26,126,86,212
2017-05-27,103,60,163
2017-05-28,109,68,177
2017-05-29,96,71,167
2017-05-30,86,79,165
2017-05-31,103,54,157
2017-06-01,94,78,172
2017-06-02,92,59,151
2017-06-03,102,67,169
2017-06-04,109,66,175
2017-06-05,115,86,201
2017-06-06,99,59,158
2017-06-07,107,68,175
2017-06-08,91,70,161
2017-06-09,92,75,167
2017-06-10,79,69,148
2017-06-11,91,66,157
2017-06-12,92,62,154
2017-06-13,101,76,177
2017-06-14,108,60,168
2017-06-15,102,59,161
2017-06-16,76,68,144
2017-06-17,84,67,151
2017-06-18,93,66,159
2017-06-19,133,76,209
2017-06-20,94,55,149
2017-06-21,90,63,153
2017-06-22,86,68,154
2017-06-23,91,55,146
2017-06-24,73,54,127
2017-06-25,84,57,141
2017-06-26,89,55,144
2017-06-27,84,66,150
2017-06-28,107,70,177
2017-06-29,93,67,160
2017-06-30,88,50,138
2017-07-01,95,57,152
2017-07-02,80,52,132
2017-07-03,92,75,167
2017-07-04,96,59,155
2017-07-05,89,77,166
2017-07-06,77,68,145
2017-07-07,93,64,157
2017-07-08,110,68,178
2017-07-09,95,61,156
2017-07-10,102,66,168
2017-07-11,105,49,154
2017-07-12,100,66,166
2017-07-13,100,63,163
2017-07-14,89,61,150
2017-07-15,103,58,161
2017-07-16,111,85,196
2017-07-17,87,76,163
2017-07-18,118,87,205
2017-07-19,74,71,145
2017-07-20,113,73,186
2017-07-21,100,69,169
2017-07-22,106,75,181
2017-07-23,99,66,165
2017-07-24,114,63,177
2017-07-25,111,75,186
2017-07-26,129,72,201
2017-07-27,93,70,163
2017-07-28,136,78,214
2017-07-29,121,87,208
2017-07-30,127,82,209
2017-07-31,128,83,211
2017-08-01,105,67,172
2017-08-02,125,79,204
2017-08-03,106,71,177
2017-08-04,119,83,202
2017-08-05,124,90,214
2017-08-06,110,82,192
2017-08-07,94,85,179
2017-08-08,126,78,204
2017-08-09,130,96,226
2017-08-10,121,96,217
2017-08-11,115,96,211
2017-08-12,118,68,186
2017-08-13,120,77,197
2017-08-14,122,86,208
2017-08-15,137,88,225
2017-08-16,132,97,229
2017-08-17,143,88,231
2017-08-18,110,80,190
2017-08-19,116,88,204
2017-08-20,109,79,188
2017-08-21,115,87,202
2017-08-22,136,78,214
2017-08-23,130,82,212
2017-08-24,110,84,194
2017-08-25,116,88,204
2017-08-26,122,93,215
2017-08-27,113,91,204
2017-08-28,132,75,207
2017-08-29,117,78,195
2017-08-30,113,78,191
2017-08-31,105,85,190
2017-09-01,128,73,201
2017-09-02,111,65,176
2017-09-03,99,79,178
2017-09-04,120,83,203
2017-09-05,118,102,220
2017-09-06,117,89,206
2017-09-07,106,85,191
2017-09-08,105,71,176
2017-09-09,109,85,194
2017-09-10,135,76,211
2017-09-11,114,72,186
2017-09-12,112,65,177
2017-09-13,98,83,181
2017-09-14,93,88,181
2017-09-15,116,76,192
2017-09-16,110,88,198
2017-09-17,127,82,209
2017-09-18,113,81,194
2017-09-19,97,71,168
2017-09-20,105,77,182
2017-09-21,113,74,187
2017-09-22,119,71,190
2017-09-23,128,92,220
2017-09-24,114,89,203
2017-09-25,117,85,202
2017-09-26,114,82,196
2017-09-27,99,69,168
2017-09-28,93,67,160
2017-09-29,112,67,179
2017-09-30,100,71,171
2017-10-01,107,83,190
2017-10-02,108,79,187
2017-10-03,99,73,172
2017-10-04,123,91,214
2017-10-05,113,83,196
2017-10-06,119,79,198
2017-10-07,100,82,182
2017-10-08,103,90,193
2017-10-09,94,62,156
2017-10-10,98,73,171
2017-10-11,112,79,191
2017-10-12,106,81,187
2017-10-13,120,79,199
2017-10-14,111,71,182
2017-10-15,119,80,199
2017-10-16,106,79,185
2017-10-17,117,86,203
2017-10-18,126,89,215
2017-10-19,89,71,160
2017-10-20,114,59,173
2017-10-21,108,76,184
2017-10-22,122,70,192
2017-10-23,109,82,191
2017-10-24,113,90,203
2017-10-25,113,69,182
2017-10-26,117,78,195
2017-10-27,105,70,175
2017-10-28,125,79,204
2017-10-29,110,85,195
2017-10-30,113,99,212
2017-10-31,105,66,171
2017-11-01,131,84,215
2017-11-02,108,71,179
2017-11-03,117,91,208
2017-11-04,118,85,203
2017-11-05,112,88,200
2017-11-06,139,79,218
2017-11-07,99,103,202
2017-11-08,130,95,225
2017-11-09,104,71,175
2017-11-10,111,76,187
2017-11-11,136,80,216
2017-11-12,124,84,208
2017-11-13,131,87,218
2017-11-14,118,81,199
2017-11-15,118,71,189
2017-11-16,96,77,173
2017-11-17,118,67,185
2017-11-18,134,99,233
2017-11-19,133,89,222
2017-11-20,114,101,215
2017-11-21,110,79,189
2017-11-22,120,80,200
2017-11-23,121,80,201
2017-11-24,109,79,188
2017-11-25,145,85,230
2017-11-26,121,70,191
2017-11-27,136,99,235
2017-11-28,149,99,248
2017-11-29,121,111,232
2017-11-30,124,85,209
2017-12-01,160,87,247
2017-12-02,130,98,228
2017-12-03,136,102,238
2017-12-04,144,91,235
2017-12-05,119,95,214
2017-12-06,122,82,204
2017-12-07,132,91,223
2017-12-08,124,96,220
2017-12-09,122,93,215
2017-12-10,118,90,208
2017-12-11,136,86,222
2017-12-12,114,84,198
2017-12-13,114,93,207
2017-12-14,134,89,223
2017-12-15,120,93,213
2017-12-16,132,89,221
2017-12-17,136,93,229
2017-12-18,127,101,228
2017-12-19,120,92,212
2017-12-20,127,79,206
2017-12-21,130,89,219
2017-12-22,138,92,230
2017-12-23,132,79,211
2017-12-24,101,98,199
2017-12-25,98,95,193
2017-12-26,141,93,234
2017-12-27,137,104,241
2017-12-28,149,96,245
2017-12-29,139,118,257
2017-12-30,129,95,224
2017-12-31,142,107,249
2018-01-01,159,92,251
2018-01-02,115,103,218
2018-01-03,139,90,229
2018-01-04,141,95,236
2018-01-05,139,95,234
2018-01-06,136,105,241
2018-01-07,143,90,233
2018-01-08,168,116,284
2018-01-09,166,111,277
2018-01-10,147,122,269
2018-01-11,156,126,282
2018-01-12,180,127,307
2018-01-13,162,111,273
2018-01-14,160,109,269
2018-01-15,172,140,312
2018-01-16,177,111,288
2018-01-17,165,114,279
2018-01-18,135,137,272
2018-01-19,170,135,305
2018-01-20,180,113,293
2018-01-21,156,138,294
2018-01-22,169,107,276
2018-01-23,160,141,301
2018-01-24,162,133,295
2018-01-25,138,103,241
2018-01-26,184,102,286
2018-01-27,140,102,242
2018-01-28,138,99,237
2018-01-29,158,102,260
2018-01-30,129,122,251
2018-01-31,151,106,257
2018-02-01,161,125,286
2018-02-02,137,119,256
2018-02-03,141,114,255
2018-02-04,130,107,237
2018-02-05,125,107,232
2018-02-06,138,108,246
2018-02-07,151,97,248
2018-02-08,129,102,231
2018-02-09,115,109,224
2018-02-10,127,87,214
2018-02-11,130,75,205
2018-02-12,133,87,220
2018-02-13,119,81,200
2018-02-14,104,71,175
2018-02-15,128,91,219
2018-02-16,134,81,215
2018-02-17,130,83,213
2018-02-18,127,90,217
2018-02-19,142,102,244
2018-02-20,121,78,199
2018-02-21,142,96,238
2018-02-22,100,97,197
2018-02-23,127,86,213
2018-02-24,105,102,207
2018-02-25,118,76,194
2018-02-26,105,92,197
2018-02-27,113,76,189
2018-02-28,99,94,193
2018-03-01,116,81,197
2018-03-02,123,91,214
2018-03-03,116,67,183
2018-03-04,129,80,209
2018-03-05,125,77,202
2018-03-06,103,79,182
2018-03-07,113,78,191
2018-03-08,120,79,199
2018-03-09,116,64,180
2018-03-10,96,75,171
2018-03-11,111,79,190
2018-03-12,114,83,197
2018-03-13,101,72,173
2018-03-14,102,79,181
2018-03-15,103,72,175
2018-03-16,101,61,162
2018-03-17,97,78,175
2018-03-18,103,70,173
2018-03-19,100,82,182
2018-03-20,112,75,187
2018-03-21,113,68,181
2018-03-22,107,72,179
2018-03-23,102,80,182
2018-03-24,102,71,173
2018-03-25,92,60,152
2018-03-26,87,77,164
2018-03-27,106,61,167
2018-03-28,81,71,152
2018-03-29,105,72,177
2018-03-30,77,61,138
2018-03-31,82,82,164
2018-04-01,77,66,143
2018-04-02,88,57,145
2018-04-03,89,56,145
2018-04-04,82,77,159
2018-04-05,87,63,150
2018-04-06,115,66,181
2018-04-07,94,51,145
2018-04-08,83,50,133
2018-04-09,99,67,166
2018-04-10,89,63,152
2018-04-11,88,63,151
2018-04-12,89,67,156
2018-04-13,91,54,145
2018-04-14,95,58,153
2018-04-15,117,54,171
2018-04-16,121,74,195
2018-04-17,119,70,189
2018-04-18,80,79,159
2018-04-19,97,67,164
2018-04-20,102,71,173
2018-04-21,94,71,165
2018-04-22,93,77,170
2018-04-23,111,68,179
2018-04-24,90,66,156
2018-04-25,99,78,177
2018-04-26,85,62,147
2018-04-27,83,64,147
2018-04-28,108,53,161
2018-04-29,88,77,165
2018-04-30,84,58,142
2018-05-01,100,71,171
2018-05-02,110,71,181
2018-05-03,75,74,149
2018-05-04,100,67,167
2018-05-05,98,65,163
2018-05-06,95,72,167
2018-05-07,104,77,181
2018-05-08,97,73,170
2018-05-09,97,58,155
2018-05-10,83,60,143
2018-05-11,88,76,164
2018-05-12,94,58,152
2018-05-13,89,49,138
2018-05-14,95,75,170
2018-05-15,82,70,152
2018-05-16,81,63,144
2018-05-17,89,73,162
2018-05-18,96,57,153
2018-05-19,86,68,154
2018-05-20,99,54,153
2018-05-21,97,75,172
2018-05-22,85,84,169
2018-05-23,84,74,158
2018-05-24,87,67,154
2018-05-25,87,71,158
2018-05-26,87,67,154
2018-05-27,95,64,159
2018-05-28,99,67,166
2018-05-29,90,62,152
2018-05-30,102,59,161
2018-05-31,91,81,172
2018-06-01,86,69,155
2018-06-02,77,63,140
2018-06-03,94,69,163
2018-06-04,91,61,152
2018-06-05,101,61,162
2018-06-06,98,68,166
2018-06-07,85,59,144
2018-06-08,82,60,142
2018-06-09,92,67,159
2018-06-10,91,63,154
2018-06-11,79,60,139
2018-06-12,95,54,149
2018-06-13,108,65,173
2018-06-14,108,70,178
2018-06-15,99,85,184
2018-06-16,103,100,203
2018-06-17,99,89,188
2018-06-18,135,95,230
2018-06-19,144,115,259
2018-06-20,116,84,200
2018-06-21,101,73,174
2018-06-22,100,72,172
2018-06-23,95,63,158
2018-06-24,96,61,157
2018-06-25,105,66,171
2018-06-26,74,57,131
2018-06-27,82,56,138
2018-06-28,102,58,160
2018-06-29,96,66,162
2018-06-30,98,59,157
2018-07-01,118,55,173
2018-07-02,119,75,194
2018-07-03,79,61,140
2018-07-04,97,57,154
2018-07-05,101,57,158
2018-07-06,94,64,158
2018-07-07,91,64,155
2018-07-08,96,76,172
2018-07-09,85,62,147
2018-07-10,88,56,144
2018-07-11,83,66,149
2018-07-12,82,65,147
2018-07-13,90,80,170
2018-07-14,78,53,131
2018-07-15,106,59,165
2018-07-16,94,54,148
2018-07-17,97,54,151
2018-07-18,103,73,176
2018-07-19,115,61,176
2018-07-20,106,76,182
2018-07-21,99,61,160
2018-07-22,63,39,102
2018-07-23,85,75,160
2018-07-24,95,69,164
2018-07-25,96,68,164
2018-07-26,93,59,152
2018-07-27,76,64,140
2018-07-28,105,74,179
2018-07-29,89,61,150
2018-07-30,84,78,162
2018-07-31,79,71,150
2018-08-01,98,69,167
2018-08-02,102,70,172
2018-08-03,110,75,185
2018-08-04,104,71,175
2018-08-05,104,64,168
2018-08-06,109,71,180
2018-08-07,104,80,184
2018-08-08,105,67,172
2018-08-09,96,71,167
2018-08-10,118,74,192
2018-08-11,118,73,191
2018-08-12,108,83,191
2018-08-13,127,80,207
2018-08-14,111,83,194
2018-08-15,110,60,170
2018-08-16,89,72,161
2018-08-17,93,79,172
2018-08-18,93,95,188
2018-08-19,128,78,206
2018-08-20,93,64,157
2018-08-21,111,70,181
2018-08-22,105,59,164
2018-08-23,110,77,187
2018-08-24,94,78,172
2018-08-25,106,70,176
2018-08-26,118,80,198
2018-08-27,103,78,181
2018-08-28,101,70,171
2018-08-29,112,71,183
2018-08-30,98,71,169
2018-08-31,109,61,170
2018-09-01,103,85,188
2018-09-02,79,76,155
2018-09-03,106,76,182
2018-09-04,113,64,177
2018-09-05,93,67,160
2018-09-06,95,60,155
2018-09-07,80,86,166
2018-09-08,94,67,161
2018-09-09,114,64,178
2018-09-10,101,82,183
2018-09-11,103,81,184
2018-09-12,94,79,173
2018-09-13,94,75,169
2018-09-14,120,78,198
2018-09-15,132,84,216
2018-09-16,103,79,182
2018-09-17,115,76,191
2018-09-18,125,112,237
2018-09-19,121,82,203
2018-09-20,119,82,201
2018-09-21,78,68,146
2018-09-22,119,76,195
2018-09-23,113,75,188
2018-09-24,122,82,204
2018-09-25,112,66,178
2018-09-26,116,72,188
2018-09-27,98,88,186
2018-09-28,117,72,189
2018-09-29,96,85,181
2018-09-30,94,78,172
2018-10-01,132,79,211
2018-10-02,103,92,195
2018-10-03,124,82,206
2018-10-04,137,73,210
2018-10-05,124,90,214
2018-10-06,104,72,176
2018-10-07,116,82,198
2018-10-08,121,85,206
2018-10-09,115,74,189
2018-10-10,113,63,176
2018-10-11,79,75,154
2018-10-12,110,63,173
2018-10-13,83,67,150
2018-10-14,105,79,184
2018-10-15,107,57,164
2018-10-16,131,78,209
2018-10-17,116,71,187
2018-10-18,102,76,178
2018-10-19,136,73,209
2018-10-20,109,75,184
2018-10-21,117,73,190
2018-10-22,124,80,204
2018-10-23,113,74,187
2018-10-24,86,81,167
2018-10-25,132,62,194
2018-10-26,118,85,203
2018-10-27,128,64,192
2018-10-28,112,65,177
2018-10-29,102,81,183
2018-10-30,102,86,188
2018-10-31,122,86,208
2018-11-01,114,76,190
2018-11-02,115,60,175
2018-11-03,105,64,169
2018-11-04,131,77,208
2018-11-05,103,79,182
2018-11-06,75,70,145
2018-11-07,108,70,178
2018-11-08,121,69,190
2018-11-09,98,84,182
2018-11-10,102,59,161
2018-11-11,122,82,204
2018-11-12,119,63,182
2018-11-13,113,71,184
2018-11-14,120,77,197
2018-11-15,95,68,163
2018-11-16,86,72,158
2018-11-17,120,86,206
2018-11-18,116,84,200
2018-11-19,132,69,201
2018-11-20,104,81,185
2018-11-21,118,92,210
2018-11-22,116,71,187
2018-11-23,111,78,189
2018-11-24,109,59,168
2018-11-25,115,91,206
2018-11-26,116,97,213
2018-11-27,111,93,204
2018-11-28,118,89,207
2018-11-29,137,84,221
2018-11-30,112,90,202
2018-12-01,102,80,182
2018-12-02,112,68,180
2018-12-03,130,81,211
2018-12-04,109,85,194
2018-12-05,88,84,172
2018-12-06,119,74,193
2018-12-07,129,81,210
2018-12-08,126,80,206
2018-12-09,127,81,208
2018-12-10,149,98,247
2018-12-11,131,97,228
2018-12-12,142,93,235
2018-12-13,129,81,210
2018-12-14,134,84,218
2018-12-15,115,99,214
2018-12-16,122,89,211
2018-12-17,124,80,204
2018-12-18,104,112,216
2018-12-19,139,84,223
2018-12-20,134,82,216
2018-12-21,162,94,256
2018-12-22,162,93,255
2018-12-23,147,103,250
2018-12-24,151,92,243
2018-12-25,134,108,242
2018-12-26,135,100,235
2018-12-27,177,119,296
2018-12-28,140,134,274
2018-12-29,159,119,278
2018-12-30,160,105,265
2018-12-31,169,134,303
2019-01-01,152,128,280
2019-01-02,164,118,282
2019-01-03,158,105,263
2019-01-04,133,118,251
2019-01-05,160,132,292
2019-01-06,162,105,267
2019-01-07,157,105,262
2019-01-08,141,103,244
2019-01-09,150,102,252
2019-01-10,144,101,245
2019-01-11,146,114,260
2019-01-12,144,101,245
2019-01-13,135,108,243
2019-01-14,157,127,284
2019-01-15,129,113,242
2019-01-16,143,119,262
2019-01-17,118,95,213
2019-01-18,158,111,269
2019-01-19,137,173,310
2019-01-20,159,97,256
2019-01-21,145,108,253
2019-01-22,154,112,266
2019-01-23,126,118,244
2019-01-24,127,127,254
2019-01-25,138,109,247
2019-01-26,138,86,224
2019-01-27,131,93,224
2019-01-28,121,120,241
2019-01-29,117,94,211
2019-01-30,131,90,221
2019-01-31,155,100,255
2019-02-01,155,85,240
2019-02-02,137,119,256
2019-02-03,138,88,226
2019-02-04,139,119,258
2019-02-05,153,110,263
2019-02-06,132,117,249
2019-02-07,126,115,241
2019-02-08,150,95,245
2019-02-09,134,98,232
2019-02-10,138,95,233
2019-02-11,158,88,246
2019-02-12,143,104,247
2019-02-13,122,96,218
2019-02-14,145,105,250
2019-02-15,133,84,217
2019-02-16,145,97,242
2019-02-17,136,78,214
2019-02-18,145,101,246
2019-02-19,137,101,238
2019-02-20,142,110,252
2019-02-21,151,106,257
2019-02-22,119,102,221
2019-02-23,133,80,213
2019-02-24,136,81,217
2019-02-25,105,108,213
2019-02-26,104,86,190
2019-02-27,117,81,198
2019-02-28,131,83,214
2019-03-01,141,71,212
2019-03-02,106,83,189
2019-03-03,128,78,206
2019-03-04,125,107,232
2019-03-05,141,92,233
2019-03-06,119,79,198
2019-03-07,106,89,195
2019-03-08,118,95,213
2019-03-09,116,85,201
2019-03-10,120,77,197
2019-03-11,138,84,222
2019-03-12,112,89,201
2019-03-13,122,91,213
2019-03-14,127,85,212
2019-03-15,99,80,179
2019-03-16,123,64,187
2019-03-17,122,78,200
2019-03-18,112,80,192
2019-03-19,130,74,204
2019-03-20,125,70,195
2019-03-21,117,80,197
2019-03-22,111,88,199
2019-03-23,116,71,187
2019-03-24,119,83,202
2019-03-25,120,70,190
2019-03-26,120,85,205
2019-03-27,112,94,206
2019-03-28,90,83,173
2019-03-29,120,72,192
2019-03-30,98,77,175
2019-03-31,99,61,160
2019-04-01,116,73,189
2019-04-02,99,69,168
2019-04-03,90,86,176
2019-04-04,101,73,174
2019-04-05,99,70,169
2019-04-06,103,58,161
2019-04-07,97,69,166
2019-04-08,105,64,169
2019-04-09,92,55,147
2019-04-10,96,75,171
2019-04-11,100,75,175
2019-04-12,94,58,152
2019-04-13,95,94,189
2019-04-14,99,87,186
2019-04-15,100,74,174
2019-04-16,110,66,176
2019-04-17,88,67,155
2019-04-18,101,87,188
2019-04-19,93,66,159
2019-04-20,91,54,145
2019-04-21,112,72,184
2019-04-22,100,80,180
2019-04-23,90,68,158
2019-04-24,114,79,193
2019-04-25,102,73,175
2019-04-26,109,73,182
2019-04-27,118,76,194
2019-04-28,100,79,179
2019-04-29,101,71,172
2019-04-30,95,76,171
2019-05-01,94,61,155
2019-05-02,90,67,157
2019-05-03,89,65,154
2019-05-04,73,60,133
2019-05-05,112,76,188
2019-05-06,114,73,187
2019-05-07,102,90,192
2019-05-08,91,63,154
2019-05-09,129,62,191
2019-05-10,92,72,164
2019-05-11,102,78,180
2019-05-12,101,68,169
2019-05-13,113,74,187
2019-05-14,86,65,151
2019-05-15,101,64,165
2019-05-16,93,64,157
2019-05-17,92,69,161
2019-05-18,92,72,164
2019-05-19,92,71,163
2019-05-20,137,59,196
2019-05-21,106,68,174
2019-05-22,114,69,183
2019-05-23,106,65,171
2019-05-24,123,77,200
2019-05-25,91,70,161
2019-05-26,103,76,179
2019-05-27,98,60,158
2019-05-28,100,78,178
2019-05-29,99,63,162
2019-05-30,113,80,193
2019-05-31,101,65,166
2019-06-01,94,68,162
2019-06-02,73,73,146
2019-06-03,88,72,160
2019-06-04,125,71,196
2019-06-05,100,62,162
2019-06-06,104,78,182
2019-06-07,110,69,179
2019-06-08,91,65,156
2019-06-09,113,92,205
2019-06-10,127,79,206
2019-06-11,114,75,189
2019-06-12,117,88,205
2019-06-13,93,72,165
2019-06-14,113,76,189
2019-06-15,103,55,158
2019-06-16,108,79,187
2019-06-17,93,60,153
2019-06-18,91,72,163
2019-06-19,124,67,191
2019-06-20,117,83,200
2019-06-21,106,77,183
2019-06-22,96,60,156
2019-06-23,92,76,168
2019-06-24,123,79,202
2019-06-25,110,78,188
2019-06-26,110,94,204
2019-06-27,117,78,195
2019-06-28,99,71,170
2019-06-29,105,72,177
2019-06-30,93,66,159
2019-07-01,115,63,178
2019-07-02,108,71,179
2019-07-03,122,64,186
2019-07-04,125,74,199
2019-07-05,112,53,165
2019-07-06,90,70,160
2019-07-07,93,62,155
2019-07-08,109,67,176
2019-07-09,91,66,157
2019-07-10,119,61,180
2019-07-11,117,69,186
2019-07-12,94,80,174
2019-07-13,105,74,179
2019-07-14,94,62,156
2019-07-15,144,88,232
2019-07-16,100,66,166
2019-07-17,103,80,183
2019-07-18,105,84,189
2019-07-19,96,72,168
2019-07-20,94,68,162
2019-07-21,113,85,198
2019-07-22,128,65,193
2019-07-23,115,66,181
2019-07-24,90,67,157
2019-07-25,104,71,175
2019-07-26,78,63,141
2019-07-27,114,62,176
2019-07-28,96,58,154
2019-07-29,100,59,159
2019-07-30,103,43,146
2019-07-31,83,66,149
2019-08-01,96,60,156
2019-08-02,86,65,151
2019-08-03,105,75,180
2019-08-04,100,64,164
2019-08-05,93,64,157
2019-08-06,79,62,141
2019-08-07,104,66,170
2019-08-08,89,51,140
2019-08-09,89,60,149
2019-08-10,89,56,145
2019-08-11,110,65,175
2019-08-12,92,57,149
2019-08-13,97,47,144
2019-08-14,95,77,172
2019-08-15,94,62,156
2019-08-16,113,72,185
2019-08-17,98,70,168
2019-08-18,84,76,160
2019-08-19,104,84,188
2019-08-20,96,77,173
2019-08-21,101,93,194
2019-08-22,109,69,178
2019-08-23,95,69,164
2019-08-24,85,63,148
2019-08-25,70,70,140
2019-08-26,96,62,158
2019-08-27,92,61,153
2019-08-28,106,86,192
2019-08-29,103,59,162
2019-08-30,103,69,172
2019-08-31,102,61,163
2019-09-01,122,55,177
2019-09-02,105,65,170
2019-09-03,79,66,145
2019-09-04,104,60,164
2019-09-05,94,70,164
2019-09-06,112,66,178
2019-09-07,84,68,152
2019-09-08,108,53,161
2019-09-09,85,65,150
2019-09-10,102,75,177
2019-09-11,107,59,166
2019-09-12,95,62,157
2019-09-13,99,82,181
2019-09-14,116,56,172
2019-09-15,85,63,148
2019-09-16,89,67,156
2019-09-17,90,77,167
2019-09-18,109,67,176
2019-09-19,114,78,192
2019-09-20,113,69,182
2019-09-21,110,79,189
2019-09-22,117,65,182
2019-09-23,100,75,175
2019-09-24,88,60,148
2019-09-25,72,55,127
2019-09-26,92,76,168
2019-09-27,102,69,171
2019-09-28,87,74,161
2019-09-29,98,77,175
2019-09-30,117,79,196
2019-10-01,92,83,175
2019-10-02,127,69,196
2019-10-03,120,98,218
2019-10-04,105,68,173
2019-10-05,97,74,171
2019-10-06,119,83,202
2019-10-07,114,81,195
2019-10-08,108,71,179
2019-10-09,103,63,166
2019-10-10,113,67,180
2019-10-11,111,71,182
2019-10-12,115,75,190
2019-10-13,97,68,165
2019-10-14,113,73,186
2019-10-15,102,82,184
2019-10-16,120,79,199
2019-10-17,108,85,193
2019-10-18,110,73,183
2019-10-19,116,75,191
2019-10-20,100,80,180
2019-10-21,111,90,201
2019-10-22,131,56,187
2019-10-23,95,70,165
2019-10-24,109,77,186
2019-10-25,104,67,171
2019-10-26,97,62,159
2019-10-27,97,85,182
2019-10-28,133,78,211
2019-10-29,122,66,188
2019-10-30,134,91,225
2019-10-31,124,76,200
2019-11-01,129,75,204
2019-11-02,108,92,200
2019-11-03,119,93,212
2019-11-04,120,74,194
2019-11-05,112,56,168
2019-11-06,113,76,189
2019-11-07,113,82,195
2019-11-08,92,75,167
2019-11-09,120,81,201
2019-11-10,112,73,185
2019-11-11,117,64,181
2019-11-12,119,80,199
2019-11-13,114,78,192
2019-11-14,116,92,208
2019-11-15,132,88,220
2019-11-16,124,89,213
2019-11-17,91,74,165
2019-11-18,108,70,178
2019-11-19,97,77,174
2019-11-20,122,91,213
2019-11-21,114,85,199
2019-11-22,112,68,180
2019-11-23,113,88,201
2019-11-24,114,86,200
2019-11-25,101,90,191
2019-11-26,109,72,181
2019-11-27,126,84,210
2019-11-28,121,91,212
2019-11-29,128,90,218
2019-11-30,102,87,189
2019-12-01,103,81,184
2019-12-02,130,81,211
2019-12-03,99,80,179
2019-12-04,111,81,192
2019-12-05,103,86,189
2019-12-06,132,78,210
2019-12-07,137,82,219
2019-12-08,106,81,187
2019-12-09,127,92,219
2019-12-10,101,81,182
2019-12-11,100,90,190
2019-12-12,118,80,198
2019-12-13,119,94,213
2019-12-14,116,82,198
2019-12-15,112,67,179
2019-12-16,122,81,203
2019-12-17,121,78,199
2019-12-18,112,76,188
2019-12-19,107,85,192
2019-12-20,124,99,223
2019-12-21,134,91,225
2019-12-22,138,83,221
2019-12-23,167,93,260
2019-12-24,149,87,236
2019-12-25,162,96,258
2019-12-26,136,97,233
2019-12-27,138,101,239
2019-12-28,148,76,224
2019-12-29,139,91,230
2019-12-30,149,102,251
2019-12-31,172,114,286
2020-01-01,172,117,289
2020-01-02,133,120,253
2020-01-03,137,115,252
2020-01-04,163,97,260
2020-01-05,149,111,260
2020-01-06,149,134,283
2020-01-07,144,108,252
2020-01-08,167,105,272
2020-01-09,169,96,265
2020-01-10,139,103,242
2020-01-11,136,108,244
2020-01-12,144,92,236
2020-01-13,145,110,255
2020-01-14,154,100,254
2020-01-15,138,112,250
2020-01-16,161,99,260
2020-01-17,149,118,267
2020-01-18,124,105,229
2020-01-19,129,94,223
2020-01-20,141,86,227
2020-01-21,129,91,220
2020-01-22,134,93,227
2020-01-23,126,96,222
2020-01-24,120,92,212
2020-01-25,106,109,215
2020-01-26,120,85,205
2020-01-27,145,119,264
2020-01-28,126,91,217
2020-01-29,136,100,236
2020-01-30,120,94,214
2020-01-31,138,88,226
2020-02-01,103,94,197
2020-02-02,143,103,246
2020-02-03,111,119,230
2020-02-04,125,101,226
2020-02-05,139,100,239
2020-02-06,123,85,208
2020-02-07,134,101,235
2020-02-08,121,99,220
2020-02-09,147,107,254
2020-02-10,125,98,223
2020-02-11,149,108,257
2020-02-12,140,91,231
2020-02-13,136,103,239
2020-02-14,152,91,243
2020-02-15,127,91,218
2020-02-16,136,99,235
2020-02-17,132,95,227
2020-02-18,124,96,220
2020-02-19,129,95,224
2020-02-20,99,86,185
2020-02-21,127,72,199
2020-02-22,125,91,216
2020-02-23,123,89,212
2020-02-24,145,86,231
2020-02-25,114,84,198
2020-02-26,103,72,175
2020-02-27,112,80,192
2020-02-28,109,79,188
2020-02-29,130,84,214
2020-03-01,97,79,176
2020-03-02,123,103,226
2020-03-03,102,94,196
2020-03-04,111,82,193
2020-03-05,86,89,175
2020-03-06,95,79,174
2020-03-07,90,78,168
2020-03-08,75,65,140
2020-03-09,99,68,167
2020-03-10,88,69,157
2020-03-11,111,85,196
2020-03-12,114,65,179
2020-03-13,117,74,191
2020-03-14,91,85,176
2020-03-15,106,69,175
2020-03-16,96,58,154
2020-03-17,108,74,182
2020-03-18,105,72,177
2020-03-19,113,68,181
2020-03-20,114,67,181
2020-03-21,104,76,180
2020-03-22,99,60,159
2020-03-23,102,60,162
2020-03-24,97,61,158
2020-03-25,84,70,154
2020-03-26,83,60,143
2020-03-27,99,64,163
2020-03-28,88,74,162
2020-03-29,111,87,198
2020-03-30,94,71,165
2020-03-31,94,83,177
2020-04-01,101,85,186
2020-04-02,108,75,183
2020-04-03,87,80,167
2020-04-04,85,67,152
2020-04-05,88,71,159
2020-04-06,81,75,156
2020-04-07,94,81,175
2020-04-08,74,67,141
2020-04-09,80,65,145
2020-04-10,106,87,193
2020-04-11,103,73,176
2020-04-12,87,51,138
2020-04-13,95,73,168
2020-04-14,90,79,169
2020-04-15,108,73,181
2020-04-16,91,65,156
2020-04-17,77,78,155
2020-04-18,100,73,173
2020-04-19,88,57,145
2020-04-20,83,65,148
2020-04-21,76,66,142
2020-04-22,91,70,161
2020-04-23,95,67,162
2020-04-24,79,80,159
2020-04-25,112,66,178
2020-04-26,69,58,127
2020-04-27,93,54,147
2020-04-28,88,72,160
2020-04-29,93,67,160
2020-04-30,94,74,168
2020-05-01,108,79,187
2020-05-02,73,69,142
2020-05-03,87,71,158
2020-05-04,96,68,164
2020-05-05,106,72,178
2020-05-06,92,63,155
2020-05-07,107,70,177
2020-05-08,69,74,143
2020-05-09,112,84,196
2020-05-10,133,75,208
2020-05-11,86,69,155
2020-05-12,104,99,203
2020-05-13,108,62,170
2020-05-14,102,102,204
2020-05-15,111,71,182
2020-05-16,98,92,190
2020-05-17,102,92,194
2020-05-18,111,81,192
2020-05-19,101,67,168
2020-05-20,77,77,154
2020-05-21,123,63,186
2020-05-22,98,59,157
2020-05-23,98,58,156
2020-05-24,115,58,173
2020-05-25,95,54,149
2020-05-26,110,65,175
2020-05-27,97,75,172
2020-05-28,77,74,151
2020-05-29,106,64,170
2020-05-30,93,79,172
2020-05-31,106,74,180
2020-06-01,96,86,182
2020-06-02,118,83,201
2020-06-03,108,62,170
2020-06-04,105,66,171
2020-06-05,101,91,192
2020-06-06,99,85,184
2020-06-07,85,75,160
2020-06-08,78,68,146
2020-06-09,112,67,179
2020-06-10,91,54,145
2020-06-11,70,75,145
2020-06-12,97,58,155
2020-06-13,81,70,151
2020-06-14,88,64,152
2020-06-15,105,63,168
2020-06-16,87,60,147
2020-06-17,108,58,166
2020-06-18,99,51,150
2020-06-19,108,61,169
2020-06-20,106,76,182
2020-06-21,88,59,147
2020-06-22,91,67,158
2020-06-23,95,64,159
2020-06-24,83,78,161
2020-06-25,94,66,160
2020-06-26,107,95,202
2020-06-27,82,80,162
2020-06-28,101,72,173
2020-06-29,91,71,162
2020-06-30,101,74,175
2020-07-01,94,61,155
2020-07-02,110,77,187
2020-07-03,107,93,200
2020-07-04,118,85,203
2020-07-05,128,70,198
2020-07-06,115,69,184
2020-07-07,102,69,171
2020-07-08,126,88,214
2020-07-09,108,75,183
2020-07-10,107,91,198
2020-07-11,110,81,191
2020-07-12,122,67,189
2020-07-13,112,78,190
2020-07-14,117,75,192
2020-07-15,167,67,234
2020-07-16,129,96,225
2020-07-17,116,85,201
2020-07-18,137,90,227
2020-07-19,143,101,244
2020-07-20,143,94,237
2020-07-21,133,97,230
2020-07-22,136,81,217
2020-07-23,129,82,211
2020-07-24,121,98,219
2020-07-25,150,110,260
2020-07-26,133,93,226
2020-07-27,142,94,236
2020-07-28,141,97,238
2020-07-29,124,91,215
2020-07-30,152,104,256
2020-07-31,150,114,264
2020-08-01,124,94,218
2020-08-02,143,79,222
2020-08-03,167,115,282
2020-08-04,135,92,227
2020-08-05,113,75,188
2020-08-06,111,77,188
2020-08-07,144,101,245
2020-08-08,141,83,224
2020-08-09,121,77,198
2020-08-10,148,75,223
2020-08-11,132,82,214
2020-08-12,144,98,242
2020-08-13,134,66,200
2020-08-14,120,95,215
2020-08-15,134,75,209
2020-08-16,126,83,209
2020-08-17,125,83,208
2020-08-18,111,77,188
2020-08-19,121,85,206
2020-08-20,123,71,194
2020-08-21,110,94,204
2020-08-22,133,98,231
2020-08-23,109,85,194
2020-08-24,109,80,189
2020-08-25,127,65,192
2020-08-26,137,70,207
2020-08-27,101,65,166
2020-08-28,106,92,198
2020-08-29,126,102,228
2020-08-30,112,98,210
2020-08-31,141,88,229
2020-09-01,104,79,183
2020-09-02,119,83,202
2020-09-03,129,81,210
2020-09-04,105,82,187
2020-09-05,112,108,220
2020-09-06,99,83,182
2020-09-07,121,71,192
2020-09-08,125,73,198
2020-09-09,151,76,227
2020-09-10,101,72,173
2020-09-11,123,79,202
2020-09-12,113,79,192
2020-09-13,123,84,207
2020-09-14,126,80,206
2020-09-15,105,104,209
2020-09-16,139,67,206
2020-09-17,136,85,221
2020-09-18,129,96,225
2020-09-19,118,97,215
2020-09-20,118,76,194
2020-09-21,123,63,186
2020-09-22,98,67,165
2020-09-23,107,83,190
2020-09-24,117,73,190
2020-09-25,131,86,217
2020-09-26,127,70,197
2020-09-27,112,81,193
2020-09-28,123,65,188
2020-09-29,121,93,214
2020-09-30,138,106,244
2020-10-01,134,66,200
2020-10-02,133,74,207
2020-10-03,125,84,209
2020-10-04,116,79,195
2020-10-05,138,69,207
2020-10-06,126,80,206
2020-10-07,111,79,190
2020-10-08,123,90,213
2020-10-09,125,85,210
2020-10-10,156,92,248
2020-10-11,137,83,220
2020-10-12,141,90,231
2020-10-13,118,87,205
2020-10-14,164,91,255
2020-10-15,148,79,227
2020-10-16,114,102,216
2020-10-17,160,89,249
2020-10-18,134,101,235
2020-10-19,146,76,222
2020-10-20,158,80,238
2020-10-21,157,86,243
2020-10-22,111,81,192
2020-10-23,158,75,233
2020-10-24,144,86,230
2020-10-25,137,91,228
2020-10-26,142,84,226
2020-10-27,155,88,243
2020-10-28,162,83,245
2020-10-29,166,84,250
2020-10-30,135,93,228
2020-10-31,152,90,242
2020-11-01,134,96,230
2020-11-02,156,107,263
2020-11-03,137,95,232
2020-11-04,156,78,234
2020-11-05,134,87,221
2020-11-06,166,93,259
2020-11-07,149,115,264
2020-11-08,162,92,254
2020-11-09,140,120,260
2020-11-10,141,106,247
2020-11-11,161,105,266
2020-11-12,133,86,219
2020-11-13,148,81,229
2020-11-14,135,98,233
2020-11-15,138,90,228
2020-11-16,140,99,239
2020-11-17,160,84,244
2020-11-18,148,79,227
2020-11-19,141,88,229
2020-11-20,150,79,229
2020-11-21,134,88,222
2020-11-22,131,93,224
2020-11-23,147,85,232
2020-11-24,150,111,261
2020-11-25,161,82,243
2020-11-26,160,97,257
2020-11-27,166,90,256
2020-11-28,160,94,254
2020-11-29,140,78,218
2020-11-30,146,95,241
2020-12-01,137,100,237
2020-12-02,138,105,243
2020-12-03,143,110,253
2020-12-04,142,119,261
2020-12-05,146,98,244
2020-12-06,139,87,226
2020-12-07,137,108,245
2020-12-08,165,103,268
2020-12-09,146,90,236
2020-12-10,155,103,258
2020-12-11,148,88,236
2020-12-12,144,89,233
2020-12-13,155,87,242
2020-12-14,145,94,239
2020-12-15,132,92,224
2020-12-16,133,93,226
2020-12-17,132,104,236
2020-12-18,131,98,229
2020-12-19,142,86,228
2020-12-20,142,80,222
2020-12-21,135,97,232
2020-12-22,131,96,227
2020-12-23,142,115,257
2020-12-24,151,101,252
2020-12-25,127,97,224
2020-12-26,157,108,265
2020-12-27,140,99,239
2020-12-28,140,98,238
2020-12-29,139,106,245
2020-12-30,157,92,249
2020-12-31,127,103,230
2021-01-01,158,115,273
2021-01-02,161,116,277
2021-01-03,152,88,240
2021-01-04,148,105,253
2021-01-05,136,112,248
2021-01-06,125,112,237
2021-01-07,174,113,287
2021-01-08,171,108,279
2021-01-09,133,99,232
2021-01-10,124,102,226
2021-01-11,115,100,215
2021-01-12,127,86,213
2021-01-13,119,81,200
2021-01-14,136,76,212
2021-01-15,139,95,234
2021-01-16,98,80,178
2021-01-17,110,86,196
2021-01-18,131,113,244
2021-01-19,143,82,225
2021-01-20,122,92,214
2021-01-21,118,84,202
2021-01-22,121,107,228
2021-01-23,119,90,209
2021-01-24,107,82,189
2021-01-25,126,82,208
2021-01-26,102,72,174
2021-01-27,129,84,213
2021-01-28,105,88,193
2021-01-29,133,86,219
2021-01-30,128,68,196
2021-01-31,101,90,191
2021-02-01,135,87,222
2021-02-02,135,100,235
2021-02-03,134,121,255
2021-02-04,149,80,229
2021-02-05,134,112,246
2021-02-06,126,87,213
2021-02-07,122,96,218
2021-02-08,138,83,221
2021-02-09,121,95,216
2021-02-10,133,105,238
2021-02-11,120,106,226
2021-02-12,116,90,206
2021-02-13,120,80,200
2021-02-14,119,88,207
2021-02-15,123,80,203
2021-02-16,102,80,182
2021-02-17,119,65,184
2021-02-18,100,90,190
2021-02-19,126,85,211
2021-02-20,125,81,206
2021-02-21,107,84,191
2021-02-22,91,79,170
2021-02-23,106,90,196
2021-02-24,117,77,194
2021-02-25,127,79,206
2021-02-26,121,79,200
2021-02-27,115,89,204
2021-02-28,96,81,177
2021-03-01,94,86,180
2021-03-02,112,78,190
2021-03-03,96,74,170
2021-03-04,101,80,181
2021-03-05,114,74,188
2021-03-06,98,63,161
2021-03-07,108,83,191
2021-03-08,100,79,179
2021-03-09,91,75,166
2021-03-10,87,70,157
2021-03-11,77,63,140
2021-03-12,77,74,151
2021-03-13,106,74,180
2021-03-14,86,52,138
2021-03-15,99,81,180
2021-03-16,86,73,159
2021-03-17,100,93,193
2021-03-18,98,75,173
2021-03-19,93,84,177
2021-03-20,105,66,171
2021-03-21,84,77,161
2021-03-22,112,76,188
2021-03-23,94,62,156
2021-03-24,106,66,172
2021-03-25,98,74,172
2021-03-26,98,78,176
2021-03-27,90,67,157
2021-03-28,107,67,174
2021-03-29,96,73,169
2021-03-30,99,62,161
2021-03-31,83,58,141
2021-04-01,104,88,192
2021-04-02,104,77,181
2021-04-03,111,62,173
2021-04-04,107,58,165
2021-04-05,127,80,207
2021-04-06,122,96,218
2021-04-07,111,80,191
2021-04-08,102,76,178
2021-04-09,111,106,217
2021-04-10,127,82,209
2021-04-11,113,109,222
2021-04-12,145,108,253
2021-04-13,158,92,250
2021-04-14,151,115,266
2021-04-15,170,87,257
2021-04-16,154,130,284
2021-04-17,176,94,270
2021-04-18,169,111,280
2021-04-19,197,133,330
2021-04-20,186,156,342
2021-04-21,219,164,383
2021-04-22,192,150,342
2021-04-23,243,170,413
2021-04-24,259,167,426
2021-04-25,250,197,447
2021-04-26,277,206,483
2021-04-27,287,183,470
2021-04-28,289,227,516
2021-04-29,283,187,470
2021-04-30,285,199,484
2021-05-01,318,219,537
2021-05-02,314,212,526
2021-05-03,334,231,565
2021-05-04,291,216,507
2021-05-05,323,225,548
2021-05-06,324,216,540
2021-05-07,299,213,512
2021-05-08,310,223,533
2021-05-09,300,217,517
2021-05-10,266,208,474
2021-05-11,253,198,451
2021-05-12,294,184,478
2021-05-13,263,172,435
2021-05-14,290,189,479
2021-05-15,281,200,481
2021-05-16,289,219,508
2021-05-17,259,218,477
2021-05-18,271,206,477
2021-05-19,238,168,406
2021-05-20,245,182,427
2021-05-21,243,153,396
2021-05-22,256,146,402
2021-05-23,238,207,445
2021-05-24,209,160,369
2021-05-25,188,139,327
2021-05-26,157,118,275
2021-05-27,176,101,277
2021-05-28,173,105,278
2021-05-29,170,128,298
2021-05-30,160,118,278
2021-05-31,154,100,254
2021-06-01,166,122,288
2021-06-02,158,99,257
2021-06-03,157,113,270
2021-06-04,183,126,309
2021-06-05,165,117,282
2021-06-06,157,114,271
2021-06-07,144,100,244
2021-06-08,132,83,215
2021-06-09,109,109,218
2021-06-10,90,84,174
2021-06-11,124,87,211
2021-06-12,120,98,218
2021-06-13,101,85,186
2021-06-14,116,84,200
2021-06-15,111,70,181
2021-06-16,85,84,169
2021-06-17,116,84,200
2021-06-18,120,67,187
2021-06-19,113,98,211
2021-06-20,111,75,186
2021-06-21,120,100,220
2021-06-22,101,68,169
2021-06-23,123,72,195
2021-06-24,118,85,203
2021-06-25,132,85,217
2021-06-26,124,96,220
2021-06-27,102,84,186
2021-06-28,109,97,206
2021-06-29,103,77,180
2021-06-30,96,92,188
2021-07-01,99,78,177
2021-07-02,126,84,210
2021-07-03,112,85,197
2021-07-04,127,79,206
2021-07-05,123,84,207
2021-07-06,125,88,213
2021-07-07,105,77,182
2021-07-08,95,88,183
2021-07-09,107,81,188
2021-07-10,114,84,198
2021-07-11,119,78,197
2021-07-12,112,90,202
2021-07-13,103,80,183
2021-07-14,121,82,203
2021-07-15,122,76,198
2021-07-16,119,82,201
2021-07-17,98,80,178
2021-07-18,99,83,182
2021-07-19,100,81,181
2021-07-20,98,52,150
2021-07-21,108,77,185
2021-07-22,114,70,184
2021-07-23,91,78,169
2021-07-24,102,71,173
2021-07-25,90,77,167
2021-07-26,102,83,185
2021-07-27,123,73,196
2021-07-28,86,62,148
2021-07-29,80,75,155
2021-07-30,94,60,154
2021-07-31,86,71,157
2021-08-01,106,78,184
2021-08-02,108,74,182
2021-08-03,113,69,182
2021-08-04,100,78,178
2021-08-05,113,80,193
2021-08-06,105,80,185
2021-08-07,121,71,192
2021-08-08,107,62,169
2021-08-09,111,79,190
2021-08-10,116,104,220
2021-08-11,117,79,196
2021-08-12,102,71,173
2021-08-13,94,73,167
2021-08-14,116,54,170
2021-08-15,91,65,156
2021-08-16,123,82,205
2021-08-17,100,72,172
2021-08-18,96,80,176
2021-08-19,98,64,162
2021-08-20,85,66,151
2021-08-21,93,64,157
2021-08-22,94,70,164
2021-08-23,109,85,194
2021-08-24,121,84,205
2021-08-25,108,64,172
2021-08-26,103,80,183
2021-08-27,81,62,143
2021-08-28,95,76,171
2021-08-29,84,57,141
2021-08-30,92,75,167
2021-08-31,98,67,165
2021-09-01,103,73,176
2021-09-02,86,73,159
2021-09-03,101,76,177
2021-09-04,99,86,185
2021-09-05,111,74,185
2021-09-06,93,67,160
2021-09-07,111,74,185
2021-09-08,99,69,168
2021-09-09,119,80,199
2021-09-10,113,81,194
2021-09-11,107,86,193
2021-09-12,95,65,160
2021-09-13,97,76,173
2021-09-14,111,80,191
2021-09-15,115,71,186
2021-09-16,85,81,166
2021-09-17,131,85,216
2021-09-18,127,70,197
2021-09-19,93,84,177
2021-09-20,121,77,198
2021-09-21,99,79,178
2021-09-22,101,75,176
2021-09-23,91,82,173
2021-09-24,96,87,183
2021-09-25,110,89,199
2021-09-26,92,74,166
2021-09-27,138,82,220
2021-09-28,95,93,188
2021-09-29,99,89,188
2021-09-30,99,84,183
2021-10-01,117,92,209
2021-10-02,109,104,213
2021-10-03,114,78,192
2021-10-04,113,93,206
2021-10-05,118,102,220
2021-10-06,107,97,204
2021-10-07,122,73,195
2021-10-08,88,87,175
2021-10-09,124,79,203
2021-10-10,111,80,191
2021-10-11,132,84,216
2021-10-12,107,93,200
2021-10-13,111,76,187
2021-10-14,110,65,175
2021-10-15,95,99,194
2021-10-16,111,95,206
2021-10-17,104,74,178
2021-10-18,110,58,168
2021-10-19,122,68,190
2021-10-20,109,45,154
2021-10-21,103,86,189
2021-10-22,107,88,195
2021-10-23,107,85,192
2021-10-24,93,95,188
2021-10-25,115,96,211
2021-10-26,118,82,200
2021-10-27,109,69,178
2021-10-28,97,82,179
2021-10-29,110,85,195
2021-10-30,114,93,207
2021-10-31,98,84,182
2021-11-01,127,70,197
2021-11-02,107,70,177
2021-11-03,117,85,202
2021-11-04,89,85,174
2021-11-05,117,94,211
2021-11-06,114,65,179
2021-11-07,124,78,202
2021-11-08,116,92,208
2021-11-09,120,82,202
2021-11-10,103,86,189
2021-11-11,109,83,192
2021-11-12,105,74,179
2021-11-13,124,77,201
2021-11-14,113,76,189
2021-11-15,115,73,188
2021-11-16,126,77,203
2021-11-17,110,86,196
2021-11-18,131,93,224
2021-11-19,127,78,205
2021-11-20,140,99,239
2021-11-21,130,89,219
2021-11-22,136,111,247
2021-11-23,130,80,210
2021-11-24,104,61,165
2021-11-25,99,87,186
2021-11-26,140,89,229
2021-11-27,127,94,221
2021-11-28,108,69,177
2021-11-29,113,83,196
2021-11-30,123,81,204
2021-12-01,104,77,181
2021-12-02,119,88,207
2021-12-03,117,83,200
2021-12-04,113,74,187
2021-12-05,89,63,152
2021-12-06,116,75,191
2021-12-07,118,71,189
2021-12-08,109,81,190
2021-12-09,109,70,179
2021-12-10,94,86,180
2021-12-11,96,76,172
2021-12-12,113,77,190
2021-12-13,125,83,208
2021-12-14,159,79,238
2021-12-15,127,79,206
2021-12-16,126,79,205
2021-12-17,105,88,193
2021-12-18,133,87,220
2021-12-19,118,77,195
2021-12-20,131,92,223
2021-12-21,150,107,257
2021-12-22,131,88,219
2021-12-23,138,104,242
2021-12-24,148,90,238
2021-12-25,126,127,253
2021-12-26,131,118,249
2021-12-27,150,98,248
2021-12-28,127,103,230
2021-12-29,142,99,241
2021-12-30,123,100,223
2021-12-31,141,94,235
2022-01-01,121,100,221
2022-01-02,147,117,264
2022-01-03,150,110,260
2022-01-04,169,113,282
2022-01-05,160,95,255
2022-01-06,170,116,286
2022-01-07,147,104,251
2022-01-08,171,125,296
2022-01-09,164,124,288
2022-01-10,195,123,318
2022-01-11,153,150,303
2022-01-12,168,133,301
2022-01-13,177,118,295
2022-01-14,192,131,323
2022-01-15,175,110,285
2022-01-16,168,118,286
2022-01-17,162,127,289
2022-01-18,162,122,284
2022-01-19,152,110,262
2022-01-20,150,116,266
2022-01-21,193,133,326
2022-01-22,171,117,288
2022-01-23,126,92,218
2022-01-24,171,135,306
2022-01-25,160,121,281
2022-01-26,110,113,223
2022-01-27,119,111,230
2022-01-28,156,102,258
2022-01-29,130,86,216
2022-01-30,127,99,226
2022-01-31,154,91,245
2022-02-01,128,105,233
2022-02-02,127,106,233
2022-02-03,138,120,258
2022-02-04,130,115,245
2022-02-05,106,74,180
2022-02-06,119,70,189
2022-02-07,120,79,199
2022-02-08,112,72,184
2022-02-09,104,84,188
2022-02-10,94,65,159
2022-02-11,105,86,191
2022-02-12,99,76,175
2022-02-13,106,70,176
2022-02-14,127,64,191
2022-02-15,116,89,205
2022-02-16,126,92,218
2022-02-17,113,71,184
2022-02-18,116,72,188
2022-02-19,128,73,201
2022-02-20,95,68,163
2022-02-21,97,90,187
2022-02-22,112,71,183
2022-02-23,94,65,159
2022-02-24,95,75,170
2022-02-25,81,67,148
2022-02-26,95,69,164
2022-02-27,89,66,155
2022-02-28,101,81,182
2022-03-01,88,68,156
2022-03-02,108,67,175
2022-03-03,88,72,160
2022-03-04,105,64,169
2022-03-05,91,58,149
2022-03-06,88,61,149
2022-03-07,74,67,141
2022-03-08,96,66,162
2022-03-09,87,80,167
2022-03-10,88,71,159
2022-03-11,86,77,163
2022-03-12,93,61,154
2022-03-13,98,72,170
2022-03-14,76,80,156
2022-03-15,88,65,153
2022-03-16,120,71,191
2022-03-17,104,70,174
2022-03-18,86,57,143
2022-03-19,65,64,129
2022-03-20,84,54,138
2022-03-21,78,68,146
2022-03-22,74,57,131
2022-03-23,85,57,142
2022-03-24,82,63,145
2022-03-25,83,66,149
2022-03-26,59,55,114
2022-03-27,78,68,146
2022-03-28,73,70,143
2022-03-29,79,69,148
2022-03-30,74,70,144
2022-03-31,65,67,132
,,,
,,,
,,,
,,,
,,,
,,,
,,,
,,,
,,,
,,,
,,,
,,,
,,,
,,,
,,,
,,,
,,,
,,,
,,,
,,,
,,,
,,,
,,,
,,,
,,,
,,,
,,,
,,,
,,,
