Date,Male,Female,Total_deceased 
2010-01-01,48,29,77
2010-01-02,40,24,64
2010-01-03,34,28,62
2010-01-04,47,30,77
2010-01-05,38,23,61
2010-01-06,36,31,67
2010-01-07,43,16,59
2010-01-08,45,25,70
2010-01-09,46,36,82
2010-01-10,51,37,88
2010-01-11,44,39,83
2010-01-12,43,33,76
2010-01-13,35,16,51
2010-01-14,36,30,66
2010-01-15,39,33,72
2010-01-16,40,23,63
2010-01-17,62,34,96
2010-01-18,44,35,79
2010-01-19,44,21,65
2010-01-20,30,29,59
2010-01-21,32,37,69
2010-01-22,42,30,72
2010-01-23,45,30,75
2010-01-24,36,25,61
2010-01-25,34,29,63
2010-01-26,49,20,69
2010-01-27,51,43,94
2010-01-28,38,32,70
2010-01-29,37,36,73
2010-01-30,38,22,60
2010-01-31,42,31,73
2010-02-01,68,26,94
2010-02-02,40,22,62
2010-02-03,48,34,82
2010-02-04,32,22,54
2010-02-05,37,14,51
2010-02-06,51,34,85
2010-02-07,40,24,64
2010-02-08,57,34,91
2010-02-09,47,34,81
2010-02-10,33,30,63
2010-02-11,39,36,75
2010-02-12,40,27,67
2010-02-13,52,34,86
2010-02-14,37,32,69
2010-02-15,45,34,79
2010-02-16,52,33,85
2010-02-17,49,31,80
2010-02-18,46,33,79
2010-02-19,44,33,77
2010-02-20,40,30,70
2010-02-21,42,24,66
2010-02-22,45,27,72
2010-02-23,47,25,72
2010-02-24,39,25,64
2010-02-25,35,18,53
2010-02-26,33,30,63
2010-02-27,46,28,74
2010-02-28,36,27,63
2010-03-01,43,27,70
2010-03-02,38,29,67
2010-03-03,33,22,55
2010-03-04,44,12,56
2010-03-05,38,26,64
2010-03-06,38,35,73
2010-03-07,37,35,72
2010-03-08,43,33,76
2010-03-09,46,42,88
2010-03-10,45,36,81
2010-03-11,37,32,69
2010-03-12,67,25,92
2010-03-13,38,18,56
2010-03-14,23,28,51
2010-03-15,46,28,74
2010-03-16,34,25,59
2010-03-17,40,27,67
2010-03-18,28,37,65
2010-03-19,31,29,60
2010-03-20,36,26,62
2010-03-21,54,36,90
2010-03-22,52,22,74
2010-03-23,33,26,59
2010-03-24,50,26,76
2010-03-25,51,37,88
2010-03-26,28,30,58
2010-03-27,32,29,61
2010-03-28,34,28,62
2010-03-29,36,26,62
2010-03-30,27,35,62
2010-03-31,34,28,62
2010-04-01,42,31,73
2010-04-02,43,30,73
2010-04-03,23,18,41
2010-04-04,39,28,67
2010-04-05,51,27,78
2010-04-06,39,28,67
2010-04-07,52,41,93
2010-04-08,41,25,66
2010-04-09,43,29,72
2010-04-10,35,27,62
2010-04-11,38,22,60
2010-04-12,48,21,69
2010-04-13,46,31,77
2010-04-14,43,35,78
2010-04-15,59,34,93
2010-04-16,49,44,93
2010-04-17,34,30,64
2010-04-18,42,32,74
2010-04-19,41,44,85
2010-04-20,39,27,66
2010-04-21,31,28,59
2010-04-22,35,32,67
2010-04-23,46,36,82
2010-04-24,51,21,72
2010-04-25,46,18,64
2010-04-26,47,40,87
2010-04-27,43,25,68
2010-04-28,60,33,93
2010-04-29,51,32,83
2010-04-30,39,21,60
2010-05-01,38,35,73
2010-05-02,41,34,75
2010-05-03,38,37,75
2010-05-04,27,36,63
2010-05-05,41,22,63
2010-05-06,42,30,72
2010-05-07,33,20,53
2010-05-08,46,24,70
2010-05-09,48,32,80
2010-05-10,49,28,77
2010-05-11,60,21,81
2010-05-12,31,34,65
2010-05-13,42,34,76
2010-05-14,39,24,63
2010-05-15,42,21,63
2010-05-16,34,28,62
2010-05-17,28,28,56
2010-05-18,38,25,63
2010-05-19,54,43,97
2010-05-20,38,34,72
2010-05-21,38,18,56
2010-05-22,40,20,60
2010-05-23,31,24,55
2010-05-24,45,16,61
2010-05-25,30,32,62
2010-05-26,45,30,75
2010-05-27,36,32,68
2010-05-28,34,20,54
2010-05-29,45,31,76
2010-05-30,52,17,69
2010-05-31,36,22,58
2010-06-01,48,49,97
2010-06-02,38,30,68
2010-06-03,40,31,71
2010-06-04,44,29,73
2010-06-05,37,29,66
2010-06-06,32,29,61
2010-06-07,43,30,73
2010-06-08,57,27,84
2010-06-09,47,31,78
2010-06-10,59,32,91
2010-06-11,41,23,64
2010-06-12,33,29,62
2010-06-13,37,20,57
2010-06-14,49,26,75
2010-06-15,50,19,69
2010-06-16,41,16,57
2010-06-17,34,27,61
2010-06-18,53,25,78
2010-06-19,48,29,77
2010-06-20,27,28,55
2010-06-21,33,21,54
2010-06-22,36,28,64
2010-06-23,29,21,50
2010-06-24,42,21,63
2010-06-25,41,26,67
2010-06-26,40,33,73
2010-06-27,60,32,92
2010-06-28,35,25,60
2010-06-29,50,21,71
2010-06-30,33,27,60
2010-07-01,44,19,63
2010-07-02,45,33,78
2010-07-03,38,33,71
2010-07-04,41,20,61
2010-07-05,31,33,64
2010-07-06,40,18,58
2010-07-07,45,22,67
2010-07-08,48,40,88
2010-07-09,66,35,101
2010-07-10,57,37,94
2010-07-11,38,31,69
2010-07-12,46,23,69
2010-07-13,45,31,76
2010-07-14,37,29,66
2010-07-15,42,37,79
2010-07-16,43,32,75
2010-07-17,40,33,73
2010-07-18,64,21,85
2010-07-19,39,44,83
2010-07-20,42,35,77
2010-07-21,43,32,75
2010-07-22,50,22,72
2010-07-23,45,35,80
2010-07-24,38,33,71
2010-07-25,42,28,70
2010-07-26,45,33,78
2010-07-27,44,25,69
2010-07-28,50,32,82
2010-07-29,59,40,99
2010-07-30,51,35,86
2010-07-31,58,29,87
2010-08-01,36,27,63
2010-08-02,40,27,67
2010-08-03,39,23,62
2010-08-04,40,36,76
2010-08-05,37,19,56
2010-08-06,34,25,59
2010-08-07,32,38,70
2010-08-08,49,31,80
2010-08-09,45,31,76
2010-08-10,34,34,68
2010-08-11,46,28,74
2010-08-12,48,37,85
2010-08-13,46,30,76
2010-08-14,46,26,72
2010-08-15,37,41,78
2010-08-16,61,43,104
2010-08-17,47,25,72
2010-08-18,48,36,84
2010-08-19,56,36,92
2010-08-20,57,33,90
2010-08-21,49,44,93
2010-08-22,57,29,86
2010-08-23,41,29,70
2010-08-24,44,33,77
2010-08-25,50,41,91
2010-08-26,41,31,72
2010-08-27,48,38,86
2010-08-28,36,38,74
2010-08-29,49,26,75
2010-08-30,47,21,68
2010-08-31,65,28,93
2010-09-01,51,39,90
2010-09-02,38,23,61
2010-09-03,44,32,76
2010-09-04,35,37,72
2010-09-05,45,28,73
2010-09-06,49,30,79
2010-09-07,43,23,66
2010-09-08,45,35,80
2010-09-09,51,29,80
2010-09-10,53,18,71
2010-09-11,50,41,91
2010-09-12,41,33,74
2010-09-13,48,40,88
2010-09-14,52,27,79
2010-09-15,47,26,73
2010-09-16,44,35,79
2010-09-17,37,37,74
2010-09-18,45,30,75
2010-09-19,49,32,81
2010-09-20,44,43,87
2010-09-21,53,35,88
2010-09-22,49,31,80
2010-09-23,62,33,95
2010-09-24,51,30,81
2010-09-25,56,28,84
2010-09-26,38,32,70
2010-09-27,35,35,70
2010-09-28,42,27,69
2010-09-29,51,37,88
2010-09-30,64,24,88
2010-10-01,44,33,77
2010-10-02,45,36,81
2010-10-03,39,21,60
2010-10-04,46,36,82
2010-10-05,52,30,82
2010-10-06,45,26,71
2010-10-07,45,23,68
2010-10-08,57,36,93
2010-10-09,63,34,97
2010-10-10,37,24,61
2010-10-11,45,21,66
2010-10-12,50,30,80
2010-10-13,37,30,67
2010-10-14,57,30,87
2010-10-15,24,24,48
2010-10-16,38,22,60
2010-10-17,39,30,69
2010-10-18,53,32,85
2010-10-19,62,23,85
2010-10-20,34,34,68
2010-10-21,42,38,80
2010-10-22,36,20,56
2010-10-23,44,29,73
2010-10-24,32,20,52
2010-10-25,28,33,61
2010-10-26,39,27,66
2010-10-27,48,37,85
2010-10-28,46,34,80
2010-10-29,49,25,74
2010-10-30,23,24,47
2010-10-31,44,26,70
2010-11-01,63,30,93
2010-11-02,40,27,67
2010-11-03,31,34,65
2010-11-04,33,22,55
2010-11-05,30,33,63
2010-11-06,40,28,68
2010-11-07,38,28,66
2010-11-08,53,34,87
2010-11-09,43,29,72
2010-11-10,50,30,80
2010-11-11,48,34,82
2010-11-12,33,31,64
2010-11-13,32,36,68
2010-11-14,31,18,49
2010-11-15,49,29,78
2010-11-16,53,31,84
2010-11-17,39,34,73
2010-11-18,39,30,69
2010-11-19,40,31,71
2010-11-20,32,29,61
2010-11-21,46,26,72
2010-11-22,35,27,62
2010-11-23,38,30,68
2010-11-24,56,30,86
2010-11-25,37,29,66
2010-11-26,56,29,85
2010-11-27,34,21,55
2010-11-28,43,31,74
2010-11-29,44,32,76
2010-11-30,50,33,83
2010-12-01,46,33,79
2010-12-02,36,33,69
2010-12-03,29,25,54
2010-12-04,44,25,69
2010-12-05,31,28,59
2010-12-06,43,22,65
2010-12-07,48,15,63
2010-12-08,44,34,78
2010-12-09,49,42,91
2010-12-10,35,28,63
2010-12-11,45,49,94
2010-12-12,48,36,84
2010-12-13,53,32,85
2010-12-14,49,38,87
2010-12-15,59,45,104
2010-12-16,51,31,82
2010-12-17,58,32,90
2010-12-18,48,36,84
2010-12-19,54,35,89
2010-12-20,69,38,107
2010-12-21,52,37,89
2010-12-22,79,34,113
2010-12-23,49,41,90
2010-12-24,59,36,95
2010-12-25,56,44,100
2010-12-26,50,30,80
2010-12-27,61,37,98
2010-12-28,60,33,93
2010-12-29,57,30,87
2010-12-30,50,34,84
2010-12-31,56,39,95
2011-01-01,44,34,78
2011-01-02,39,27,66
2011-01-03,37,29,66
2011-01-04,45,26,71
2011-01-05,39,36,75
2011-01-06,42,32,74
2011-01-07,32,27,59
2011-01-08,42,28,70
2011-01-09,43,30,73
2011-01-10,48,30,78
2011-01-11,45,33,78
2011-01-12,55,36,91
2011-01-13,55,37,92
2011-01-14,58,32,90
2011-01-15,51,34,85
2011-01-16,54,35,89
2011-01-17,63,42,105
2011-01-18,41,43,84
2011-01-19,40,35,75
2011-01-20,50,50,100
2011-01-21,52,33,85
2011-01-22,52,27,79
2011-01-23,38,41,79
2011-01-24,50,40,90
2011-01-25,56,51,107
2011-01-26,39,38,77
2011-01-27,39,35,74
2011-01-28,48,33,81
2011-01-29,39,29,68
2011-01-30,37,30,67
2011-01-31,39,38,77
2011-02-01,51,43,94
2011-02-02,34,35,69
2011-02-03,30,37,67
2011-02-04,37,29,66
2011-02-05,45,25,70
2011-02-06,41,35,76
2011-02-07,54,28,82
2011-02-08,51,40,91
2011-02-09,48,40,88
2011-02-10,41,33,74
2011-02-11,47,33,80
2011-02-12,49,24,73
2011-02-13,40,23,63
2011-02-14,47,25,72
2011-02-15,52,26,78
2011-02-16,39,15,54
2011-02-17,50,23,73
2011-02-18,36,25,61
2011-02-19,47,32,79
2011-02-20,51,24,75
2011-02-21,45,34,79
2011-02-22,48,24,72
2011-02-23,40,35,75
2011-02-24,43,36,79
2011-02-25,32,34,66
2011-02-26,41,20,61
2011-02-27,33,25,58
2011-02-28,43,33,76
2011-03-01,58,31,89
2011-03-02,44,33,77
2011-03-03,41,19,60
2011-03-04,38,35,73
2011-03-05,32,35,67
2011-03-06,27,22,49
2011-03-07,40,28,68
2011-03-08,61,34,95
2011-03-09,43,38,81
2011-03-10,42,33,75
2011-03-11,48,30,78
2011-03-12,42,23,65
2011-03-13,39,27,66
2011-03-14,41,29,70
2011-03-15,47,29,76
2011-03-16,55,27,82
2011-03-17,44,22,66
2011-03-18,60,21,81
2011-03-19,34,35,69
2011-03-20,52,27,79
2011-03-21,41,37,78
2011-03-22,43,33,76
2011-03-23,34,20,54
2011-03-24,33,23,56
2011-03-25,44,27,71
2011-03-26,47,23,70
2011-03-27,44,29,73
2011-03-28,33,32,65
2011-03-29,52,28,80
2011-03-30,31,29,60
2011-03-31,42,30,72
2011-04-01,54,34,88
2011-04-02,40,30,70
2011-04-03,42,28,70
2011-04-04,30,30,60
2011-04-05,26,28,54
2011-04-06,44,30,74
2011-04-07,51,32,83
2011-04-08,43,23,66
2011-04-09,45,27,72
2011-04-10,28,32,60
2011-04-11,42,29,71
2011-04-12,35,32,67
2011-04-13,37,35,72
2011-04-14,41,33,74
2011-04-15,28,30,58
2011-04-16,44,30,74
2011-04-17,42,25,67
2011-04-18,55,31,86
2011-04-19,38,43,81
2011-04-20,53,21,74
2011-04-21,35,27,62
2011-04-22,47,30,77
2011-04-23,43,19,62
2011-04-24,34,21,55
2011-04-25,32,23,55
2011-04-26,40,29,69
2011-04-27,46,32,78
2011-04-28,40,30,70
2011-04-29,39,19,58
2011-04-30,39,25,64
2011-05-01,49,35,84
2011-05-02,49,31,80
2011-05-03,37,41,78
2011-05-04,37,29,66
2011-05-05,44,31,75
2011-05-06,34,21,55
2011-05-07,41,27,68
2011-05-08,58,37,95
2011-05-09,37,43,80
2011-05-10,50,35,85
2011-05-11,43,37,80
2011-05-12,46,27,73
2011-05-13,33,33,66
2011-05-14,36,25,61
2011-05-15,41,17,58
2011-05-16,28,24,52
2011-05-17,38,26,64
2011-05-18,42,19,61
2011-05-19,33,28,61
2011-05-20,52,19,71
2011-05-21,32,30,62
2011-05-22,22,29,51
2011-05-23,33,30,63
2011-05-24,41,40,81
2011-05-25,42,29,71
2011-05-26,36,24,60
2011-05-27,41,30,71
2011-05-28,47,29,76
2011-05-29,39,26,65
2011-05-30,32,27,59
2011-05-31,39,34,73
2011-06-01,46,41,87
2011-06-02,48,35,83
2011-06-03,36,29,65
2011-06-04,42,28,70
2011-06-05,41,27,68
2011-06-06,40,28,68
2011-06-07,42,28,70
2011-06-08,39,30,69
2011-06-09,49,28,77
2011-06-10,38,27,65
2011-06-11,35,30,65
2011-06-12,47,43,90
2011-06-13,50,27,77
2011-06-14,38,35,73
2011-06-15,55,36,91
2011-06-16,35,38,73
2011-06-17,44,33,77
2011-06-18,45,29,74
2011-06-19,37,21,58
2011-06-20,44,28,72
2011-06-21,42,29,71
2011-06-22,38,30,68
2011-06-23,33,29,62
2011-06-24,53,33,86
2011-06-25,55,26,81
2011-06-26,33,28,61
2011-06-27,36,34,70
2011-06-28,32,25,57
2011-06-29,40,35,75
2011-06-30,47,38,85
2011-07-01,65,31,96
2011-07-02,43,33,76
2011-07-03,54,31,85
2011-07-04,41,37,78
2011-07-05,46,37,83
2011-07-06,30,27,57
2011-07-07,35,29,64
2011-07-08,38,30,68
2011-07-09,53,31,84
2011-07-10,33,27,60
2011-07-11,51,18,69
2011-07-12,42,26,68
2011-07-13,38,28,66
2011-07-14,47,30,77
2011-07-15,32,32,64
2011-07-16,56,26,82
2011-07-17,48,35,83
2011-07-18,41,34,75
2011-07-19,52,26,78
2011-07-20,50,29,79
2011-07-21,40,36,76
2011-07-22,58,31,89
2011-07-23,35,42,77
2011-07-24,30,43,73
2011-07-25,52,40,92
2011-07-26,52,38,90
2011-07-27,55,38,93
2011-07-28,58,43,101
2011-07-29,51,33,84
2011-07-30,42,39,81
2011-07-31,44,29,73
2011-08-01,58,33,91
2011-08-02,36,36,72
2011-08-03,54,27,81
2011-08-04,39,34,73
2011-08-05,26,27,53
2011-08-06,40,27,67
2011-08-07,37,34,71
2011-08-08,42,41,83
2011-08-09,46,30,76
2011-08-10,46,29,75
2011-08-11,36,34,70
2011-08-12,46,32,78
2011-08-13,45,23,68
2011-08-14,50,37,87
2011-08-15,52,28,80
2011-08-16,42,27,69
2011-08-17,40,37,77
2011-08-18,49,35,84
2011-08-19,46,42,88
2011-08-20,38,23,61
2011-08-21,60,45,105
2011-08-22,59,22,81
2011-08-23,49,23,72
2011-08-24,44,35,79
2011-08-25,37,35,72
2011-08-26,37,34,71
2011-08-27,53,32,85
2011-08-28,45,33,78
2011-08-29,43,24,67
2011-08-30,45,28,73
2011-08-31,50,28,78
2011-09-01,59,41,100
2011-09-02,44,29,73
2011-09-03,38,29,67
2011-09-04,43,32,75
2011-09-05,40,26,66
2011-09-06,44,23,67
2011-09-07,54,36,90
2011-09-08,51,35,86
2011-09-09,48,33,81
2011-09-10,48,24,72
2011-09-11,37,33,70
2011-09-12,33,23,56
2011-09-13,52,31,83
2011-09-14,52,29,81
2011-09-15,55,26,81
2011-09-16,37,43,80
2011-09-17,35,32,67
2011-09-18,40,24,64
2011-09-19,54,32,86
2011-09-20,51,34,85
2011-09-21,41,32,73
2011-09-22,54,20,74
2011-09-23,44,28,72
2011-09-24,76,28,104
2011-09-25,39,30,69
2011-09-26,54,37,91
2011-09-27,42,32,74
2011-09-28,47,42,89
2011-09-29,51,33,84
2011-09-30,48,27,75
2011-10-01,59,40,99
2011-10-02,51,36,87
2011-10-03,37,21,58
2011-10-04,43,32,75
2011-10-05,46,23,69
2011-10-06,27,25,52
2011-10-07,46,28,74
2011-10-08,49,30,79
2011-10-09,41,26,67
2011-10-10,41,38,79
2011-10-11,44,35,79
2011-10-12,39,28,67
2011-10-13,45,33,78
2011-10-14,35,24,59
2011-10-15,39,30,69
2011-10-16,48,33,81
2011-10-17,48,36,84
2011-10-18,43,40,83
2011-10-19,51,28,79
2011-10-20,39,32,71
2011-10-21,49,29,78
2011-10-22,46,17,63
2011-10-23,39,23,62
2011-10-24,41,16,57
2011-10-25,39,17,56
2011-10-26,51,25,76
2011-10-27,43,34,77
2011-10-28,32,24,56
2011-10-29,37,30,67
2011-10-30,43,28,71
2011-10-31,41,29,70
2011-11-01,61,53,114
2011-11-02,41,22,63
2011-11-03,45,35,80
2011-11-04,42,25,67
2011-11-05,41,19,60
2011-11-06,40,30,70
2011-11-07,43,32,75
2011-11-08,38,30,68
2011-11-09,54,15,69
2011-11-10,77,29,106
2011-11-11,49,31,80
2011-11-12,33,30,63
2011-11-13,37,35,72
2011-11-14,47,24,71
2011-11-15,39,20,59
2011-11-16,36,27,63
2011-11-17,49,22,71
2011-11-18,39,26,65
2011-11-19,40,29,69
2011-11-20,50,49,99
2011-11-21,56,31,87
2011-11-22,55,37,92
2011-11-23,49,25,74
2011-11-24,37,29,66
2011-11-25,33,28,61
2011-11-26,42,28,70
2011-11-27,46,25,71
2011-11-28,71,25,96
2011-11-29,58,31,89
2011-11-30,48,32,80
2011-12-01,59,37,96
2011-12-02,42,37,79
2011-12-03,35,28,63
2011-12-04,31,31,62
2011-12-05,41,25,66
2011-12-06,31,26,57
2011-12-07,54,41,95
2011-12-08,42,37,79
2011-12-09,41,38,79
2011-12-10,46,39,85
2011-12-11,40,24,64
2011-12-12,54,34,88
2011-12-13,40,25,65
2011-12-14,54,34,88
2011-12-15,41,34,75
2011-12-16,48,32,80
2011-12-17,52,24,76
2011-12-18,53,25,78
2011-12-19,47,32,79
2011-12-20,42,38,80
2011-12-21,54,32,86
2011-12-22,59,38,97
2011-12-23,40,33,73
2011-12-24,44,37,81
2011-12-25,38,23,61
2011-12-26,49,35,84
2011-12-27,38,31,69
2011-12-28,48,33,81
2011-12-29,46,31,77
2011-12-30,59,45,104
2011-12-31,40,33,73
2012-01-01,60,29,89
2012-01-02,53,25,78
2012-01-03,39,30,69
2012-01-04,44,26,70
2012-01-05,47,39,86
2012-01-06,41,21,62
2012-01-07,37,40,77
2012-01-08,50,22,72
2012-01-09,56,35,91
2012-01-10,59,28,87
2012-01-11,30,29,59
2012-01-12,53,28,81
2012-01-13,48,40,88
2012-01-14,51,37,88
2012-01-15,50,34,84
2012-01-16,53,38,91
2012-01-17,58,26,84
2012-01-18,51,30,81
2012-01-19,56,42,98
2012-01-20,54,23,77
2012-01-21,43,37,80
2012-01-22,47,37,84
2012-01-23,50,46,96
2012-01-24,49,37,86
2012-01-25,49,46,95
2012-01-26,68,29,97
2012-01-27,47,30,77
2012-01-28,49,39,88
2012-01-29,51,30,81
2012-01-30,48,34,82
2012-01-31,47,37,84
2012-02-01,54,40,94
2012-02-02,43,34,77
2012-02-03,40,26,66
2012-02-04,46,31,77
2012-02-05,48,34,82
2012-02-06,35,36,71
2012-02-07,41,33,74
2012-02-08,47,21,68
2012-02-09,51,16,67
2012-02-10,46,27,73
2012-02-11,39,33,72
2012-02-12,46,28,74
2012-02-13,46,31,77
2012-02-14,42,34,76
2012-02-15,42,30,72
2012-02-16,48,49,97
2012-02-17,53,24,77
2012-02-18,58,33,91
2012-02-19,45,42,87
2012-02-20,39,32,71
2012-02-21,44,29,73
2012-02-22,42,37,79
2012-02-23,31,28,59
2012-02-24,36,39,75
2012-02-25,48,36,84
2012-02-26,44,21,65
2012-02-27,42,28,70
2012-02-28,31,33,64
2012-02-29,45,28,73
2012-03-01,44,35,79
2012-03-02,48,35,83
2012-03-03,44,33,77
2012-03-04,43,33,76
2012-03-05,44,31,75
2012-03-06,35,34,69
2012-03-07,42,34,76
2012-03-08,47,25,72
2012-03-09,41,31,72
2012-03-10,48,32,80
2012-03-11,40,31,71
2012-03-12,50,45,95
2012-03-13,45,33,78
2012-03-14,41,30,71
2012-03-15,52,25,77
2012-03-16,56,39,95
2012-03-17,53,27,80
2012-03-18,36,34,70
2012-03-19,42,43,85
2012-03-20,45,32,77
2012-03-21,43,37,80
2012-03-22,27,30,57
2012-03-23,39,34,73
2012-03-24,45,40,85
2012-03-25,35,28,63
2012-03-26,49,35,84
2012-03-27,42,38,80
2012-03-28,55,26,81
2012-03-29,39,33,72
2012-03-30,43,30,73
2012-03-31,49,36,85
2012-04-01,63,25,88
2012-04-02,48,39,87
2012-04-03,39,41,80
2012-04-04,48,29,77
2012-04-05,34,29,63
2012-04-06,41,25,66
2012-04-07,33,17,50
2012-04-08,36,38,74
2012-04-09,52,28,80
2012-04-10,32,44,76
2012-04-11,40,30,70
2012-04-12,39,37,76
2012-04-13,43,23,66
2012-04-14,40,27,67
2012-04-15,48,34,82
2012-04-16,36,28,64
2012-04-17,37,27,64
2012-04-18,59,30,89
2012-04-19,41,33,74
2012-04-20,42,33,75
2012-04-21,57,29,86
2012-04-22,42,35,77
2012-04-23,46,18,64
2012-04-24,35,25,60
2012-04-25,46,34,80
2012-04-26,41,35,76
2012-04-27,50,31,81
2012-04-28,51,27,78
2012-04-29,41,31,72
2012-04-30,32,28,60
2012-05-01,40,31,71
2012-05-02,47,33,80
2012-05-03,44,36,80
2012-05-04,46,27,73
2012-05-05,37,33,70
2012-05-06,38,28,66
2012-05-07,39,33,72
2012-05-08,50,31,81
2012-05-09,30,29,59
2012-05-10,46,36,82
2012-05-11,47,37,84
2012-05-12,39,29,68
2012-05-13,41,31,72
2012-05-14,39,30,69
2012-05-15,43,31,74
2012-05-16,37,33,70
2012-05-17,34,24,58
2012-05-18,32,22,54
2012-05-19,50,27,77
2012-05-20,34,31,65
2012-05-21,40,25,65
2012-05-22,35,37,72
2012-05-23,42,17,59
2012-05-24,41,22,63
2012-05-25,35,31,66
2012-05-26,42,26,68
2012-05-27,37,28,65
2012-05-28,43,33,76
2012-05-29,50,17,67
2012-05-30,41,29,70
2012-05-31,35,36,71
2012-06-01,40,43,83
2012-06-02,45,43,88
2012-06-03,48,32,80
2012-06-04,39,31,70
2012-06-05,40,25,65
2012-06-06,41,34,75
2012-06-07,42,24,66
2012-06-08,45,34,79
2012-06-09,36,40,76
2012-06-10,50,41,91
2012-06-11,34,33,67
2012-06-12,49,28,77
2012-06-13,39,23,62
2012-06-14,48,27,75
2012-06-15,36,25,61
2012-06-16,37,33,70
2012-06-17,38,9,47
2012-06-18,38,26,64
2012-06-19,29,22,51
2012-06-20,54,29,83
2012-06-21,46,32,78
2012-06-22,47,32,79
2012-06-23,43,24,67
2012-06-24,27,29,56
2012-06-25,35,29,64
2012-06-26,30,16,46
2012-06-27,30,21,51
2012-06-28,37,18,55
2012-06-29,39,28,67
2012-06-30,58,34,92
2012-07-01,47,48,95
2012-07-02,51,34,85
2012-07-03,51,24,75
2012-07-04,48,23,71
2012-07-05,27,24,51
2012-07-06,53,27,80
2012-07-07,42,28,70
2012-07-08,42,32,74
2012-07-09,46,30,76
2012-07-10,38,23,61
2012-07-11,42,31,73
2012-07-12,53,39,92
2012-07-13,39,31,70
2012-07-14,45,26,71
2012-07-15,34,27,61
2012-07-16,35,29,64
2012-07-17,44,18,62
2012-07-18,44,27,71
2012-07-19,55,24,79
2012-07-20,46,28,74
2012-07-21,36,25,61
2012-07-22,32,23,55
2012-07-23,39,21,60
2012-07-24,37,25,62
2012-07-25,35,29,64
2012-07-26,49,22,71
2012-07-27,28,35,63
2012-07-28,36,29,65
2012-07-29,30,31,61
2012-07-30,43,33,76
2012-07-31,50,29,79
2012-08-01,43,30,73
2012-08-02,45,33,78
2012-08-03,44,50,94
2012-08-04,44,32,76
2012-08-05,41,20,61
2012-08-06,42,26,68
2012-08-07,36,30,66
2012-08-08,44,31,75
2012-08-09,53,27,80
2012-08-10,34,23,57
2012-08-11,43,32,75
2012-08-12,49,37,86
2012-08-13,42,38,80
2012-08-14,59,29,88
2012-08-15,51,32,83
2012-08-16,33,28,61
2012-08-17,42,26,68
2012-08-18,43,24,67
2012-08-19,43,36,79
2012-08-20,44,26,70
2012-08-21,60,28,88
2012-08-22,60,39,99
2012-08-23,58,32,90
2012-08-24,44,32,76
2012-08-25,47,31,78
2012-08-26,51,30,81
2012-08-27,44,42,86
2012-08-28,57,39,96
2012-08-29,40,39,79
2012-08-30,41,36,77
2012-08-31,44,31,75
2012-09-01,37,34,71
2012-09-02,38,40,78
2012-09-03,48,40,88
2012-09-04,39,31,70
2012-09-05,42,26,68
2012-09-06,42,38,80
2012-09-07,42,42,84
2012-09-08,59,28,87
2012-09-09,47,34,81
2012-09-10,43,33,76
2012-09-11,30,38,68
2012-09-12,28,36,64
2012-09-13,57,33,90
2012-09-14,50,33,83
2012-09-15,40,36,76
2012-09-16,48,41,89
2012-09-17,45,37,82
2012-09-18,60,33,93
2012-09-19,50,34,84
2012-09-20,54,34,88
2012-09-21,40,40,80
2012-09-22,42,40,82
2012-09-23,35,33,68
2012-09-24,60,40,100
2012-09-25,53,43,96
2012-09-26,52,34,86
2012-09-27,46,25,71
2012-09-28,51,32,83
2012-09-29,40,30,70
2012-09-30,46,27,73
2012-10-01,48,21,69
2012-10-02,53,33,86
2012-10-03,51,22,73
2012-10-04,49,27,76
2012-10-05,46,26,72
2012-10-06,26,29,55
2012-10-07,44,25,69
2012-10-08,36,27,63
2012-10-09,52,37,89
2012-10-10,44,32,76
2012-10-11,44,29,73
2012-10-12,35,23,58
2012-10-13,45,33,78
2012-10-14,37,40,77
2012-10-15,52,30,82
2012-10-16,48,32,80
2012-10-17,48,36,84
2012-10-18,39,30,69
2012-10-19,48,34,82
2012-10-20,43,30,73
2012-10-21,34,25,59
2012-10-22,41,29,70
2012-10-23,44,31,75
2012-10-24,41,27,68
2012-10-25,53,38,91
2012-10-26,32,40,72
2012-10-27,32,27,59
2012-10-28,42,36,78
2012-10-29,39,30,69
2012-10-30,39,24,63
2012-10-31,40,29,69
2012-11-01,61,48,109
2012-11-02,48,33,81
2012-11-03,32,26,58
2012-11-04,51,29,80
2012-11-05,35,31,66
2012-11-06,41,20,61
2012-11-07,33,26,59
2012-11-08,41,28,69
2012-11-09,45,30,75
2012-11-10,49,24,73
2012-11-11,42,28,70
2012-11-12,37,28,65
2012-11-13,49,30,79
2012-11-14,36,28,64
2012-11-15,41,36,77
2012-11-16,48,33,81
2012-11-17,39,25,64
2012-11-18,30,32,62
2012-11-19,45,35,80
2012-11-20,48,25,73
2012-11-21,55,37,92
2012-11-22,48,33,81
2012-11-23,55,31,86
2012-11-24,41,33,74
2012-11-25,52,37,89
2012-11-26,48,38,86
2012-11-27,38,26,64
2012-11-28,36,33,69
2012-11-29,38,26,64
2012-11-30,48,38,86
2012-12-01,43,25,68
2012-12-02,44,31,75
2012-12-03,26,30,56
2012-12-04,43,32,75
2012-12-05,37,33,70
2012-12-06,39,31,70
2012-12-07,42,20,62
2012-12-08,45,23,68
2012-12-09,39,26,65
2012-12-10,41,26,67
2012-12-11,44,31,75
2012-12-12,51,19,70
2012-12-13,35,24,59
2012-12-14,47,30,77
2012-12-15,35,23,58
2012-12-16,26,27,53
2012-12-17,42,31,73
2012-12-18,35,26,61
2012-12-19,46,28,74
2012-12-20,45,23,68
2012-12-21,45,27,72
2012-12-22,54,44,98
2012-12-23,43,40,83
2012-12-24,38,23,61
2012-12-25,49,32,81
2012-12-26,44,28,72
2012-12-27,41,24,65
2012-12-28,52,32,84
2012-12-29,51,34,85
2012-12-30,53,44,97
2012-12-31,60,43,103
2013-01-01,37,36,73
2013-01-02,53,34,87
2013-01-03,26,27,53
2013-01-04,56,35,91
2013-01-05,51,33,84
2013-01-06,44,43,87
2013-01-07,35,23,58
2013-01-08,50,28,78
2013-01-09,29,20,49
2013-01-10,46,33,79
2013-01-11,35,23,58
2013-01-12,52,39,91
2013-01-13,42,27,69
2013-01-14,44,43,87
2013-01-15,53,22,75
2013-01-16,69,31,100
2013-01-17,49,34,83
2013-01-18,42,34,76
2013-01-19,31,36,67
2013-01-20,58,23,81
2013-01-21,52,30,82
2013-01-22,40,34,74
2013-01-23,40,32,72
2013-01-24,38,36,74
2013-01-25,47,43,90
2013-01-26,51,28,79
2013-01-27,44,23,67
2013-01-28,50,28,78
2013-01-29,53,29,82
2013-01-30,44,24,68
2013-01-31,45,36,81
2013-02-01,47,35,82
2013-02-02,55,38,93
2013-02-03,47,32,79
2013-02-04,52,33,85
2013-02-05,46,38,84
2013-02-06,36,22,58
2013-02-07,46,31,77
2013-02-08,41,31,72
2013-02-09,43,36,79
2013-02-10,36,28,64
2013-02-11,49,31,80
2013-02-12,42,26,68
2013-02-13,43,35,78
2013-02-14,42,19,61
2013-02-15,47,32,79
2013-02-16,36,20,56
2013-02-17,41,20,61
2013-02-18,36,20,56
2013-02-19,47,30,77
2013-02-20,37,30,67
2013-02-21,39,33,72
2013-02-22,44,33,77
2013-02-23,53,33,86
2013-02-24,48,35,83
2013-02-25,39,29,68
2013-02-26,45,30,75
2013-02-27,41,27,68
2013-02-28,41,28,69
2013-03-01,42,33,75
2013-03-02,42,40,82
2013-03-03,29,34,63
2013-03-04,39,26,65
2013-03-05,46,26,72
2013-03-06,43,28,71
2013-03-07,46,32,78
2013-03-08,46,36,82
2013-03-09,50,36,86
2013-03-10,37,37,74
2013-03-11,53,33,86
2013-03-12,50,25,75
2013-03-13,53,33,86
2013-03-14,40,27,67
2013-03-15,69,29,98
2013-03-16,37,35,72
2013-03-17,52,37,89
2013-03-18,43,34,77
2013-03-19,39,29,68
2013-03-20,54,35,89
2013-03-21,64,33,97
2013-03-22,44,35,79
2013-03-23,50,37,87
2013-03-24,53,37,90
2013-03-25,32,37,69
2013-03-26,48,35,83
2013-03-27,45,28,73
2013-03-28,48,29,77
2013-03-29,35,29,64
2013-03-30,43,34,77
2013-03-31,52,29,81
2013-04-01,48,44,92
2013-04-02,38,34,72
2013-04-03,46,37,83
2013-04-04,53,33,86
2013-04-05,47,27,74
2013-04-06,40,24,64
2013-04-07,39,23,62
2013-04-08,48,43,91
2013-04-09,50,31,81
2013-04-10,51,31,82
2013-04-11,36,27,63
2013-04-12,42,33,75
2013-04-13,45,39,84
2013-04-14,48,44,92
2013-04-15,50,28,78
2013-04-16,39,31,70
2013-04-17,38,20,58
2013-04-18,36,26,62
2013-04-19,43,27,70
2013-04-20,53,28,81
2013-04-21,40,29,69
2013-04-22,34,25,59
2013-04-23,43,22,65
2013-04-24,39,29,68
2013-04-25,40,31,71
2013-04-26,30,35,65
2013-04-27,34,31,65
2013-04-28,50,37,87
2013-04-29,52,50,102
2013-04-30,43,36,79
2013-05-01,51,40,91
2013-05-02,56,27,83
2013-05-03,39,34,73
2013-05-04,36,39,75
2013-05-05,26,31,57
2013-05-06,55,26,81
2013-05-07,52,23,75
2013-05-08,51,38,89
2013-05-09,44,44,88
2013-05-10,48,31,79
2013-05-11,41,31,72
2013-05-12,37,30,67
2013-05-13,36,28,64
2013-05-14,31,23,54
2013-05-15,45,26,71
2013-05-16,39,23,62
2013-05-17,30,18,48
2013-05-18,42,28,70
2013-05-19,49,30,79
2013-05-20,41,35,76
2013-05-21,45,37,82
2013-05-22,46,27,73
2013-05-23,34,28,62
2013-05-24,51,31,82
2013-05-25,44,30,74
2013-05-26,36,23,59
2013-05-27,31,25,56
2013-05-28,32,30,62
2013-05-29,33,27,60
2013-05-30,27,29,56
2013-05-31,36,32,68
2013-06-01,47,28,75
2013-06-02,48,24,72
2013-06-03,35,29,64
2013-06-04,49,35,84
2013-06-05,36,30,66
2013-06-06,41,29,70
2013-06-07,34,38,72
2013-06-08,47,36,83
2013-06-09,34,41,75
2013-06-10,44,39,83
2013-06-11,45,44,89
2013-06-12,31,31,62
2013-06-13,39,29,68
2013-06-14,41,28,69
2013-06-15,30,19,49
2013-06-16,39,32,71
2013-06-17,46,34,80
2013-06-18,31,26,57
2013-06-19,42,19,61
2013-06-20,39,32,71
2013-06-21,34,25,59
2013-06-22,37,27,64
2013-06-23,46,33,79
2013-06-24,32,25,57
2013-06-25,32,24,56
2013-06-26,35,22,57
2013-06-27,22,27,49
2013-06-28,34,21,55
2013-06-29,45,25,70
2013-06-30,31,23,54
2013-07-01,53,40,93
2013-07-02,37,36,73
2013-07-03,54,26,80
2013-07-04,49,25,74
2013-07-05,41,32,73
2013-07-06,40,27,67
2013-07-07,51,27,78
2013-07-08,45,39,84
2013-07-09,35,37,72
2013-07-10,33,33,66
2013-07-11,24,39,63
2013-07-12,35,27,62
2013-07-13,45,31,76
2013-07-14,39,27,66
2013-07-15,44,33,77
2013-07-16,39,25,64
2013-07-17,51,32,83
2013-07-18,39,31,70
2013-07-19,45,26,71
2013-07-20,37,29,66
2013-07-21,47,21,68
2013-07-22,45,29,74
2013-07-23,50,29,79
2013-07-24,54,29,83
2013-07-25,46,46,92
2013-07-26,46,40,86
2013-07-27,45,29,74
2013-07-28,51,23,74
2013-07-29,68,23,91
2013-07-30,43,36,79
2013-07-31,42,31,73
2013-08-01,48,29,77
2013-08-02,48,26,74
2013-08-03,51,28,79
2013-08-04,42,36,78
2013-08-05,50,23,73
2013-08-06,40,29,69
2013-08-07,32,36,68
2013-08-08,46,21,67
2013-08-09,38,27,65
2013-08-10,38,34,72
2013-08-11,45,34,79
2013-08-12,43,34,77
2013-08-13,49,26,75
2013-08-14,59,29,88
2013-08-15,40,37,77
2013-08-16,46,29,75
2013-08-17,39,25,64
2013-08-18,44,32,76
2013-08-19,57,32,89
2013-08-20,47,39,86
2013-08-21,58,24,82
2013-08-22,52,28,80
2013-08-23,42,33,75
2013-08-24,35,26,61
2013-08-25,52,33,85
2013-08-26,58,36,94
2013-08-27,52,35,87
2013-08-28,48,43,91
2013-08-29,49,31,80
2013-08-30,50,35,85
2013-08-31,55,34,89
2013-09-01,47,26,73
2013-09-02,63,36,99
2013-09-03,35,41,76
2013-09-04,53,43,96
2013-09-05,29,32,61
2013-09-06,37,24,61
2013-09-07,45,30,75
2013-09-08,43,32,75
2013-09-09,32,30,62
2013-09-10,44,22,66
2013-09-11,37,18,55
2013-09-12,47,43,90
2013-09-13,55,30,85
2013-09-14,33,26,59
2013-09-15,55,41,96
2013-09-16,51,29,80
2013-09-17,51,29,80
2013-09-18,37,33,70
2013-09-19,36,33,69
2013-09-20,42,39,81
2013-09-21,51,23,74
2013-09-22,37,27,64
2013-09-23,47,39,86
2013-09-24,47,29,76
2013-09-25,50,26,76
2013-09-26,46,35,81
2013-09-27,49,36,85
2013-09-28,38,37,75
2013-09-29,27,23,50
2013-09-30,38,31,69
2013-10-01,54,36,90
2013-10-02,49,31,80
2013-10-03,44,31,75
2013-10-04,47,36,83
2013-10-05,45,23,68
2013-10-06,47,25,72
2013-10-07,48,24,72
2013-10-08,49,24,73
2013-10-09,61,29,90
2013-10-10,40,35,75
2013-10-11,49,28,77
2013-10-12,60,32,92
2013-10-13,44,35,79
2013-10-14,49,22,71
2013-10-15,43,37,80
2013-10-16,38,27,65
2013-10-17,44,26,70
2013-10-18,53,45,98
2013-10-19,45,36,81
2013-10-20,46,22,68
2013-10-21,43,22,65
2013-10-22,35,34,69
2013-10-23,47,25,72
2013-10-24,37,35,72
2013-10-25,43,25,68
2013-10-26,41,27,68
2013-10-27,39,22,61
2013-10-28,43,31,74
2013-10-29,53,32,85
2013-10-30,37,27,64
2013-10-31,66,30,96
2013-11-01,40,26,66
2013-11-02,45,43,88
2013-11-03,41,32,73
2013-11-04,34,33,67
2013-11-05,38,35,73
2013-11-06,21,24,45
2013-11-07,44,34,78
2013-11-08,41,30,71
2013-11-09,28,35,63
2013-11-10,54,35,89
2013-11-11,43,23,66
2013-11-12,58,34,92
2013-11-13,50,25,75
2013-11-14,47,35,82
2013-11-15,38,17,55
2013-11-16,46,28,74
2013-11-17,51,38,89
2013-11-18,42,34,76
2013-11-19,50,25,75
2013-11-20,50,36,86
2013-11-21,37,46,83
2013-11-22,42,30,72
2013-11-23,43,26,69
2013-11-24,46,24,70
2013-11-25,43,33,76
2013-11-26,36,25,61
2013-11-27,52,33,85
2013-11-28,43,39,82
2013-11-29,64,29,93
2013-11-30,31,24,55
2013-12-01,56,33,89
2013-12-02,52,35,87
2013-12-03,50,53,103
2013-12-04,44,38,82
2013-12-05,32,21,53
2013-12-06,40,30,70
2013-12-07,44,32,76
2013-12-08,44,27,71
2013-12-09,55,30,85
2013-12-10,36,21,57
2013-12-11,48,30,78
2013-12-12,68,42,110
2013-12-13,43,39,82
2013-12-14,47,32,79
2013-12-15,33,30,63
2013-12-16,54,38,92
2013-12-17,50,37,87
2013-12-18,45,41,86
2013-12-19,43,32,75
2013-12-20,63,36,99
2013-12-21,66,33,99
2013-12-22,50,42,92
2013-12-23,56,32,88
2013-12-24,42,39,81
2013-12-25,56,36,92
2013-12-26,48,39,87
2013-12-27,66,27,93
2013-12-28,52,33,85
2013-12-29,51,30,81
2013-12-30,44,38,82
2013-12-31,38,38,76
2014-01-01,53,31,84
2014-01-02,43,31,74
2014-01-03,45,23,68
2014-01-04,47,27,74
2014-01-05,50,30,80
2014-01-06,42,41,83
2014-01-07,57,36,93
2014-01-08,39,29,68
2014-01-09,55,31,86
2014-01-10,40,34,74
2014-01-11,56,28,84
2014-01-12,43,32,75
2014-01-13,49,29,78
2014-01-14,47,33,80
2014-01-15,44,24,68
2014-01-16,38,24,62
2014-01-17,55,35,90
2014-01-18,42,32,74
2014-01-19,52,38,90
2014-01-20,53,35,88
2014-01-21,34,31,65
2014-01-22,48,33,81
2014-01-23,46,33,79
2014-01-24,37,20,57
2014-01-25,39,34,73
2014-01-26,46,30,76
2014-01-27,44,29,73
2014-01-28,47,28,75
2014-01-29,33,24,57
2014-01-30,55,26,81
2014-01-31,48,32,80
2014-02-01,63,39,102
2014-02-02,45,25,70
2014-02-03,43,17,60
2014-02-04,32,32,64
2014-02-05,51,26,77
2014-02-06,44,28,72
2014-02-07,36,34,70
2014-02-08,51,31,82
2014-02-09,65,36,101
2014-02-10,53,25,78
2014-02-11,50,34,84
2014-02-12,61,27,88
2014-02-13,35,30,65
2014-02-14,49,33,82
2014-02-15,33,32,65
2014-02-16,47,27,74
2014-02-17,49,28,77
2014-02-18,41,36,77
2014-02-19,57,35,92
2014-02-20,39,51,90
2014-02-21,52,25,77
2014-02-22,40,30,70
2014-02-23,46,33,79
2014-02-24,62,25,87
2014-02-25,61,38,99
2014-02-26,54,40,94
2014-02-27,45,32,77
2014-02-28,41,34,75
2014-03-01,57,29,86
2014-03-02,43,35,78
2014-03-03,51,23,74
2014-03-04,43,31,74
2014-03-05,48,28,76
2014-03-06,36,27,63
2014-03-07,53,28,81
2014-03-08,44,36,80
2014-03-09,50,40,90
2014-03-10,34,42,76
2014-03-11,63,31,94
2014-03-12,40,25,65
2014-03-13,36,29,65
2014-03-14,51,27,78
2014-03-15,51,34,85
2014-03-16,45,43,88
2014-03-17,48,32,80
2014-03-18,59,22,81
2014-03-19,49,37,86
2014-03-20,39,36,75
2014-03-21,47,29,76
2014-03-22,52,34,86
2014-03-23,40,25,65
2014-03-24,49,32,81
2014-03-25,39,36,75
2014-03-26,33,30,63
2014-03-27,37,30,67
2014-03-28,43,34,77
2014-03-29,35,29,64
2014-03-30,39,31,70
2014-03-31,48,37,85
2014-04-01,69,32,101
2014-04-02,44,36,80
2014-04-03,39,25,64
2014-04-04,45,39,84
2014-04-05,38,32,70
2014-04-06,34,23,57
2014-04-07,37,27,64
2014-04-08,46,40,86
2014-04-09,52,39,91
2014-04-10,55,29,84
2014-04-11,54,33,87
2014-04-12,43,38,81
2014-04-13,47,19,66
2014-04-14,48,28,76
2014-04-15,53,33,86
2014-04-16,46,28,74
2014-04-17,38,33,71
2014-04-18,39,26,65
2014-04-19,45,22,67
2014-04-20,45,32,77
2014-04-21,33,34,67
2014-04-22,40,35,75
2014-04-23,55,39,94
2014-04-24,50,30,80
2014-04-25,42,40,82
2014-04-26,37,25,62
2014-04-27,50,29,79
2014-04-28,42,26,68
2014-04-29,45,25,70
2014-04-30,48,24,72
2014-05-01,57,33,90
2014-05-02,43,44,87
2014-05-03,44,19,63
2014-05-04,32,44,76
2014-05-05,40,25,65
2014-05-06,38,25,63
2014-05-07,41,32,73
2014-05-08,55,30,85
2014-05-09,49,38,87
2014-05-10,49,43,92
2014-05-11,44,23,67
2014-05-12,50,31,81
2014-05-13,53,31,84
2014-05-14,40,36,76
2014-05-15,48,26,74
2014-05-16,40,21,61
2014-05-17,42,30,72
2014-05-18,44,27,71
2014-05-19,38,21,59
2014-05-20,46,28,74
2014-05-21,36,36,72
2014-05-22,32,40,72
2014-05-23,51,27,78
2014-05-24,47,30,77
2014-05-25,45,32,77
2014-05-26,39,19,58
2014-05-27,56,32,88
2014-05-28,35,25,60
2014-05-29,46,30,76
2014-05-30,33,40,73
2014-05-31,33,33,66
2014-06-01,50,37,87
2014-06-02,49,18,67
2014-06-03,41,26,67
2014-06-04,37,28,65
2014-06-05,44,36,80
2014-06-06,49,20,69
2014-06-07,36,43,79
2014-06-08,47,22,69
2014-06-09,34,43,77
2014-06-10,55,27,82
2014-06-11,39,37,76
2014-06-12,59,29,88
2014-06-13,49,31,80
2014-06-14,36,24,60
2014-06-15,40,27,67
2014-06-16,45,32,77
2014-06-17,33,32,65
2014-06-18,55,21,76
2014-06-19,33,24,57
2014-06-20,47,27,74
2014-06-21,40,29,69
2014-06-22,53,22,75
2014-06-23,54,26,80
2014-06-24,46,31,77
2014-06-25,36,38,74
2014-06-26,37,17,54
2014-06-27,37,27,64
2014-06-28,39,17,56
2014-06-29,48,25,73
2014-06-30,36,19,55
2014-07-01,41,27,68
2014-07-02,46,34,80
2014-07-03,60,40,100
2014-07-04,51,32,83
2014-07-05,50,31,81
2014-07-06,47,27,74
2014-07-07,38,44,82
2014-07-08,47,29,76
2014-07-09,58,43,101
2014-07-10,50,37,87
2014-07-11,42,29,71
2014-07-12,37,25,62
2014-07-13,44,28,72
2014-07-14,41,34,75
2014-07-15,44,19,63
2014-07-16,47,31,78
2014-07-17,35,33,68
2014-07-18,50,32,82
2014-07-19,38,29,67
2014-07-20,46,27,73
2014-07-21,46,38,84
2014-07-22,39,35,74
2014-07-23,49,26,75
2014-07-24,45,31,76
2014-07-25,47,29,76
2014-07-26,38,32,70
2014-07-27,43,27,70
2014-07-28,50,27,77
2014-07-29,34,27,61
2014-07-30,56,27,83
2014-07-31,55,39,94
2014-08-01,53,42,95
2014-08-02,35,30,65
2014-08-03,35,34,69
2014-08-04,34,30,64
2014-08-05,40,28,68
2014-08-06,38,32,70
2014-08-07,41,25,66
2014-08-08,49,34,83
2014-08-09,42,43,85
2014-08-10,45,34,79
2014-08-11,48,27,75
2014-08-12,52,36,88
2014-08-13,52,34,86
2014-08-14,55,38,93
2014-08-15,50,39,89
2014-08-16,44,33,77
2014-08-17,49,26,75
2014-08-18,73,33,106
2014-08-19,52,35,87
2014-08-20,57,24,81
2014-08-21,53,35,88
2014-08-22,54,37,91
2014-08-23,52,33,85
2014-08-24,44,47,91
2014-08-25,51,34,85
2014-08-26,47,29,76
2014-08-27,47,28,75
2014-08-28,39,39,78
2014-08-29,34,27,61
2014-08-30,55,26,81
2014-08-31,54,25,79
2014-09-01,36,32,68
2014-09-02,33,30,63
2014-09-03,55,26,81
2014-09-04,43,31,74
2014-09-05,48,14,62
2014-09-06,44,33,77
2014-09-07,33,24,57
2014-09-08,43,33,76
2014-09-09,49,42,91
2014-09-10,52,30,82
2014-09-11,38,41,79
2014-09-12,38,36,74
2014-09-13,47,31,78
2014-09-14,50,33,83
2014-09-15,64,42,106
2014-09-16,49,32,81
2014-09-17,52,33,85
2014-09-18,58,46,104
2014-09-19,50,32,82
2014-09-20,61,42,103
2014-09-21,51,42,93
2014-09-22,55,31,86
2014-09-23,55,35,90
2014-09-24,43,30,73
2014-09-25,56,35,91
2014-09-26,56,44,100
2014-09-27,43,33,76
2014-09-28,46,38,84
2014-09-29,52,40,92
2014-09-30,38,33,71
2014-10-01,49,32,81
2014-10-02,44,36,80
2014-10-03,52,24,76
2014-10-04,45,34,79
2014-10-05,36,30,66
2014-10-06,42,37,79
2014-10-07,47,23,70
2014-10-08,41,28,69
2014-10-09,48,32,80
2014-10-10,44,38,82
2014-10-11,51,32,83
2014-10-12,46,25,71
2014-10-13,41,40,81
2014-10-14,42,35,77
2014-10-15,46,31,77
2014-10-16,39,29,68
2014-10-17,38,35,73
2014-10-18,42,30,72
2014-10-19,38,29,67
2014-10-20,35,29,64
2014-10-21,43,32,75
2014-10-22,50,20,70
2014-10-23,41,31,72
2014-10-24,42,29,71
2014-10-25,49,37,86
2014-10-26,55,32,87
2014-10-27,50,34,84
2014-10-28,51,31,82
2014-10-29,33,32,65
2014-10-30,53,33,86
2014-10-31,47,33,80
2014-11-01,50,32,82
2014-11-02,46,25,71
2014-11-03,48,30,78
2014-11-04,40,31,71
2014-11-05,36,29,65
2014-11-06,37,30,67
2014-11-07,36,31,67
2014-11-08,57,25,82
2014-11-09,52,32,84
2014-11-10,48,31,79
2014-11-11,49,31,80
2014-11-12,47,47,94
2014-11-13,49,27,76
2014-11-14,36,38,74
2014-11-15,42,31,73
2014-11-16,49,25,74
2014-11-17,44,24,68
2014-11-18,49,30,79
2014-11-19,37,29,66
2014-11-20,49,33,82
2014-11-21,42,29,71
2014-11-22,49,33,82
2014-11-23,37,26,63
2014-11-24,59,41,100
2014-11-25,49,36,85
2014-11-26,44,28,72
2014-11-27,49,27,76
2014-11-28,45,28,73
2014-11-29,40,31,71
2014-11-30,42,24,66
2014-12-01,29,31,60
2014-12-02,43,32,75
2014-12-03,46,26,72
2014-12-04,43,32,75
2014-12-05,36,28,64
2014-12-06,43,28,71
2014-12-07,38,27,65
2014-12-08,58,33,91
2014-12-09,58,35,93
2014-12-10,40,37,77
2014-12-11,45,29,74
2014-12-12,38,40,78
2014-12-13,45,36,81
2014-12-14,42,35,77
2014-12-15,56,28,84
2014-12-16,47,35,82
2014-12-17,57,23,80
2014-12-18,40,36,76
2014-12-19,46,41,87
2014-12-20,42,39,81
2014-12-21,62,31,93
2014-12-22,50,40,90
2014-12-23,61,28,89
2014-12-24,47,39,86
2014-12-25,53,30,83
2014-12-26,54,49,103
2014-12-27,57,46,103
2014-12-28,45,44,89
2014-12-29,62,42,104
2014-12-30,68,35,103
2014-12-31,66,34,100
2015-01-01,59,35,94
2015-01-02,44,28,72
2015-01-03,34,29,63
2015-01-04,37,31,68
2015-01-05,36,24,60
2015-01-06,49,33,82
2015-01-07,51,27,78
2015-01-08,47,37,84
2015-01-09,55,31,86
2015-01-10,44,49,93
2015-01-11,54,37,91
2015-01-12,48,36,84
2015-01-13,59,39,98
2015-01-14,53,34,87
2015-01-15,49,32,81
2015-01-16,57,48,105
2015-01-17,39,38,77
2015-01-18,50,35,85
2015-01-19,57,34,91
2015-01-20,57,32,89
2015-01-21,50,36,86
2015-01-22,56,38,94
2015-01-23,48,33,81
2015-01-24,45,33,78
2015-01-25,43,35,78
2015-01-26,47,41,88
2015-01-27,45,34,79
2015-01-28,57,27,84
2015-01-29,47,30,77
2015-01-30,43,28,71
2015-01-31,33,34,67
2015-02-01,54,39,93
2015-02-02,53,29,82
2015-02-03,40,30,70
2015-02-04,40,32,72
2015-02-05,50,43,93
2015-02-06,30,34,64
2015-02-07,37,35,72
2015-02-08,46,21,67
2015-02-09,50,27,77
2015-02-10,51,31,82
2015-02-11,49,39,88
2015-02-12,55,46,101
2015-02-13,47,35,82
2015-02-14,37,46,83
2015-02-15,59,26,85
2015-02-16,56,33,89
2015-02-17,66,35,101
2015-02-18,45,33,78
2015-02-19,55,33,88
2015-02-20,54,35,89
2015-02-21,43,45,88
2015-02-22,38,27,65
2015-02-23,65,36,101
2015-02-24,47,35,82
2015-02-25,35,39,74
2015-02-26,55,34,89
2015-02-27,34,33,67
2015-02-28,40,35,75
2015-03-01,62,39,101
2015-03-02,42,33,75
2015-03-03,42,47,89
2015-03-04,34,17,51
2015-03-05,41,35,76
2015-03-06,32,25,57
2015-03-07,40,31,71
2015-03-08,51,24,75
2015-03-09,41,31,72
2015-03-10,39,39,78
2015-03-11,44,30,74
2015-03-12,42,20,62
2015-03-13,47,30,77
2015-03-14,61,25,86
2015-03-15,66,33,99
2015-03-16,49,24,73
2015-03-17,34,26,60
2015-03-18,58,36,94
2015-03-19,42,39,81
2015-03-20,46,34,80
2015-03-21,58,29,87
2015-03-22,45,26,71
2015-03-23,43,37,80
2015-03-24,57,43,100
2015-03-25,46,43,89
2015-03-26,42,30,72
2015-03-27,51,42,93
2015-03-28,37,35,72
2015-03-29,49,21,70
2015-03-30,41,30,71
2015-03-31,45,33,78
2015-04-01,72,39,111
2015-04-02,48,38,86
2015-04-03,41,36,77
2015-04-04,44,27,71
2015-04-05,38,35,73
2015-04-06,40,33,73
2015-04-07,31,30,61
2015-04-08,49,18,67
2015-04-09,49,31,80
2015-04-10,42,28,70
2015-04-11,54,39,93
2015-04-12,41,32,73
2015-04-13,43,20,63
2015-04-14,46,29,75
2015-04-15,50,22,72
2015-04-16,44,34,78
2015-04-17,45,30,75
2015-04-18,42,30,72
2015-04-19,44,28,72
2015-04-20,47,33,80
2015-04-21,49,36,85
2015-04-22,52,34,86
2015-04-23,52,36,88
2015-04-24,29,34,63
2015-04-25,41,36,77
2015-04-26,47,35,82
2015-04-27,38,32,70
2015-04-28,42,25,67
2015-04-29,53,27,80
2015-04-30,35,34,69
2015-05-01,53,38,91
2015-05-02,46,43,89
2015-05-03,39,22,61
2015-05-04,43,32,75
2015-05-05,41,22,63
2015-05-06,43,30,73
2015-05-07,54,25,79
2015-05-08,47,25,72
2015-05-09,53,39,92
2015-05-10,41,29,70
2015-05-11,55,38,93
2015-05-12,41,31,72
2015-05-13,51,27,78
2015-05-14,29,24,53
2015-05-15,41,31,72
2015-05-16,41,26,67
2015-05-17,39,28,67
2015-05-18,31,21,52
2015-05-19,35,30,65
2015-05-20,47,38,85
2015-05-21,49,41,90
2015-05-22,30,27,57
2015-05-23,47,45,92
2015-05-24,34,25,59
2015-05-25,38,22,60
2015-05-26,34,28,62
2015-05-27,43,21,64
2015-05-28,37,25,62
2015-05-29,41,27,68
2015-05-30,49,26,75
2015-05-31,44,30,74
2015-06-01,51,40,91
2015-06-02,37,20,57
2015-06-03,46,25,71
2015-06-04,41,34,75
2015-06-05,40,34,74
2015-06-06,36,24,60
2015-06-07,49,24,73
2015-06-08,48,26,74
2015-06-09,46,39,85
2015-06-10,51,32,83
2015-06-11,51,34,85
2015-06-12,58,31,89
2015-06-13,50,20,70
2015-06-14,35,32,67
2015-06-15,38,29,67
2015-06-16,35,26,61
2015-06-17,43,27,70
2015-06-18,46,34,80
2015-06-19,33,30,63
2015-06-20,23,27,50
2015-06-21,45,26,71
2015-06-22,33,26,59
2015-06-23,48,32,80
2015-06-24,45,35,80
2015-06-25,33,30,63
2015-06-26,34,23,57
2015-06-27,44,33,77
2015-06-28,39,30,69
2015-06-29,33,23,56
2015-06-30,46,35,81
2015-07-01,51,44,95
2015-07-02,37,34,71
2015-07-03,54,20,74
2015-07-04,46,44,90
2015-07-05,55,30,85
2015-07-06,37,17,54
2015-07-07,42,19,61
2015-07-08,41,38,79
2015-07-09,56,34,90
2015-07-10,47,33,80
2015-07-11,59,31,90
2015-07-12,51,34,85
2015-07-13,45,22,67
2015-07-14,48,24,72
2015-07-15,27,36,63
2015-07-16,38,23,61
2015-07-17,41,28,69
2015-07-18,40,26,66
2015-07-19,45,25,70
2015-07-20,35,45,80
2015-07-21,45,22,67
2015-07-22,46,36,82
2015-07-23,37,27,64
2015-07-24,42,36,78
2015-07-25,47,25,72
2015-07-26,38,30,68
2015-07-27,39,35,74
2015-07-28,43,42,85
2015-07-29,50,24,74
2015-07-30,39,29,68
2015-07-31,43,25,68
2015-08-01,56,31,87
2015-08-02,46,36,82
2015-08-03,50,32,82
2015-08-04,42,21,63
2015-08-05,42,34,76
2015-08-06,39,28,67
2015-08-07,34,30,64
2015-08-08,36,28,64
2015-08-09,43,35,78
2015-08-10,46,38,84
2015-08-11,42,35,77
2015-08-12,48,19,67
2015-08-13,38,24,62
2015-08-14,42,21,63
2015-08-15,41,36,77
2015-08-16,46,20,66
2015-08-17,48,31,79
2015-08-18,34,32,66
2015-08-19,49,44,93
2015-08-20,53,40,93
2015-08-21,45,34,79
2015-08-22,53,37,90
2015-08-23,44,28,72
2015-08-24,44,33,77
2015-08-25,47,40,87
2015-08-26,42,25,67
2015-08-27,58,32,90
2015-08-28,40,20,60
2015-08-29,43,38,81
2015-08-30,47,28,75
2015-08-31,51,26,77
2015-09-01,63,39,102
2015-09-02,46,27,73
2015-09-03,44,42,86
2015-09-04,44,32,76
2015-09-05,47,45,92
2015-09-06,40,26,66
2015-09-07,47,24,71
2015-09-08,61,30,91
2015-09-09,61,41,102
2015-09-10,55,49,104
2015-09-11,50,23,73
2015-09-12,51,25,76
2015-09-13,40,31,71
2015-09-14,46,31,77
2015-09-15,54,35,89
2015-09-16,36,22,58
2015-09-17,50,33,83
2015-09-18,49,35,84
2015-09-19,52,35,87
2015-09-20,38,30,68
2015-09-21,53,30,83
2015-09-22,38,32,70
2015-09-23,49,31,80
2015-09-24,62,36,98
2015-09-25,59,28,87
2015-09-26,65,35,100
2015-09-27,29,34,63
2015-09-28,53,29,82
2015-09-29,49,39,88
2015-09-30,55,44,99
2015-10-01,57,41,98
2015-10-02,54,33,87
2015-10-03,55,32,87
2015-10-04,49,27,76
2015-10-05,39,29,68
2015-10-06,40,37,77
2015-10-07,34,37,71
2015-10-08,54,36,90
2015-10-09,31,29,60
2015-10-10,64,28,92
2015-10-11,49,31,80
2015-10-12,44,37,81
2015-10-13,45,36,81
2015-10-14,31,29,60
2015-10-15,43,27,70
2015-10-16,58,25,83
2015-10-17,40,23,63
2015-10-18,60,42,102
2015-10-19,41,39,80
2015-10-20,48,31,79
2015-10-21,37,37,74
2015-10-22,41,36,77
2015-10-23,48,40,88
2015-10-24,60,35,95
2015-10-25,49,25,74
2015-10-26,53,35,88
2015-10-27,54,27,81
2015-10-28,48,30,78
2015-10-29,41,37,78
2015-10-30,49,28,77
2015-10-31,51,34,85
2015-11-01,48,41,89
2015-11-02,58,35,93
2015-11-03,56,36,92
2015-11-04,32,33,65
2015-11-05,40,36,76
2015-11-06,44,37,81
2015-11-07,41,28,69
2015-11-08,54,37,91
2015-11-09,43,43,86
2015-11-10,43,35,78
2015-11-11,43,24,67
2015-11-12,42,40,82
2015-11-13,61,33,94
2015-11-14,55,44,99
2015-11-15,50,34,84
2015-11-16,55,38,93
2015-11-17,57,40,97
2015-11-18,53,29,82
2015-11-19,52,31,83
2015-11-20,50,39,89
2015-11-21,51,39,90
2015-11-22,36,35,71
2015-11-23,52,26,78
2015-11-24,37,32,69
2015-11-25,66,25,91
2015-11-26,51,34,85
2015-11-27,47,42,89
2015-11-28,45,31,76
2015-11-29,43,30,73
2015-11-30,51,49,100
2015-12-01,38,38,76
2015-12-02,43,38,81
2015-12-03,48,37,85
2015-12-04,40,26,66
2015-12-05,46,32,78
2015-12-06,38,27,65
2015-12-07,37,33,70
2015-12-08,41,31,72
2015-12-09,48,33,81
2015-12-10,49,32,81
2015-12-11,53,42,95
2015-12-12,53,31,84
2015-12-13,46,36,82
2015-12-14,54,42,96
2015-12-15,53,33,86
2015-12-16,47,28,75
2015-12-17,46,33,79
2015-12-18,34,30,64
2015-12-19,39,25,64
2015-12-20,46,35,81
2015-12-21,38,35,73
2015-12-22,42,30,72
2015-12-23,50,21,71
2015-12-24,53,30,83
2015-12-25,44,35,79
2015-12-26,54,34,88
2015-12-27,54,36,90
2015-12-28,66,31,97
2015-12-29,69,41,110
2015-12-30,62,44,106
2015-12-31,65,35,100
2016-01-01,57,30,87
2016-01-02,49,36,85
2016-01-03,50,21,71
2016-01-04,36,24,60
2016-01-05,48,28,76
2016-01-06,58,33,91
2016-01-07,42,33,75
2016-01-08,47,46,93
2016-01-09,48,44,92
2016-01-10,52,35,87
2016-01-11,41,29,70
2016-01-12,48,35,83
2016-01-13,53,38,91
2016-01-14,52,33,85
2016-01-15,64,43,107
2016-01-16,54,40,94
2016-01-17,45,31,76
2016-01-18,61,26,87
2016-01-19,48,39,87
2016-01-20,47,37,84
2016-01-21,47,29,76
2016-01-22,61,36,97
2016-01-23,61,44,105
2016-01-24,48,49,97
2016-01-25,40,26,66
2016-01-26,43,45,88
2016-01-27,57,37,94
2016-01-28,53,46,99
2016-01-29,50,39,89
2016-01-30,59,40,99
2016-01-31,52,32,84
2016-02-01,61,26,87
2016-02-02,45,46,91
2016-02-03,48,20,68
2016-02-04,48,37,85
2016-02-05,50,24,74
2016-02-06,37,28,65
2016-02-07,58,33,91
2016-02-08,69,35,104
2016-02-09,57,42,99
2016-02-10,55,27,82
2016-02-11,57,28,85
2016-02-12,55,46,101
2016-02-13,52,45,97
2016-02-14,53,40,93
2016-02-15,50,32,82
2016-02-16,50,41,91
2016-02-17,54,40,94
2016-02-18,39,27,66
2016-02-19,60,31,91
2016-02-20,43,35,78
2016-02-21,47,27,74
2016-02-22,40,31,71
2016-02-23,56,37,93
2016-02-24,49,34,83
2016-02-25,33,36,69
2016-02-26,37,24,61
2016-02-27,45,28,73
2016-02-28,38,29,67
2016-02-29,50,38,88
2016-03-01,43,31,74
2016-03-02,49,46,95
2016-03-03,48,31,79
2016-03-04,43,35,78
2016-03-05,41,39,80
2016-03-06,37,25,62
2016-03-07,42,30,72
2016-03-08,65,56,121
2016-03-09,55,45,100
2016-03-10,64,36,100
2016-03-11,53,26,79
2016-03-12,52,34,86
2016-03-13,48,36,84
2016-03-14,32,29,61
2016-03-15,37,26,63
2016-03-16,39,34,73
2016-03-17,31,30,61
2016-03-18,39,40,79
2016-03-19,58,27,85
2016-03-20,51,34,85
2016-03-21,53,22,75
2016-03-22,47,28,75
2016-03-23,44,36,80
2016-03-24,55,26,81
2016-03-25,54,34,88
2016-03-26,47,32,79
2016-03-27,40,29,69
2016-03-28,47,30,77
2016-03-29,46,27,73
2016-03-30,47,26,73
2016-03-31,67,31,98
2016-04-01,59,37,96
2016-04-02,53,35,88
2016-04-03,46,33,79
2016-04-04,51,29,80
2016-04-05,44,39,83
2016-04-06,50,37,87
2016-04-07,53,43,96
2016-04-08,57,55,112
2016-04-09,49,36,85
2016-04-10,38,41,79
2016-04-11,42,36,78
2016-04-12,60,41,101
2016-04-13,30,38,68
2016-04-14,54,31,85
2016-04-15,36,26,62
2016-04-16,48,40,88
2016-04-17,42,33,75
2016-04-18,40,34,74
2016-04-19,51,36,87
2016-04-20,46,35,81
2016-04-21,40,31,71
2016-04-22,48,37,85
2016-04-23,41,33,74
2016-04-24,49,25,74
2016-04-25,42,24,66
2016-04-26,48,22,70
2016-04-27,37,17,54
2016-04-28,50,37,87
2016-04-29,51,42,93
2016-04-30,44,34,78
2016-05-01,74,32,106
2016-05-02,55,44,99
2016-05-03,45,34,79
2016-05-04,42,39,81
2016-05-05,40,37,77
2016-05-06,43,27,70
2016-05-07,45,34,79
2016-05-08,62,53,115
2016-05-09,46,53,99
2016-05-10,62,32,94
2016-05-11,61,23,84
2016-05-12,51,30,81
2016-05-13,58,29,87
2016-05-14,55,39,94
2016-05-15,58,32,90
2016-05-16,62,32,94
2016-05-17,47,42,89
2016-05-18,52,37,89
2016-05-19,40,28,68
2016-05-20,46,40,86
2016-05-21,44,37,81
2016-05-22,52,26,78
2016-05-23,39,27,66
2016-05-24,46,32,78
2016-05-25,36,40,76
2016-05-26,42,30,72
2016-05-27,35,27,62
2016-05-28,37,33,70
2016-05-29,42,24,66
2016-05-30,38,33,71
2016-05-31,44,20,64
2016-06-01,54,43,97
2016-06-02,53,50,103
2016-06-03,40,33,73
2016-06-04,53,27,80
2016-06-05,47,26,73
2016-06-06,40,26,66
2016-06-07,51,35,86
2016-06-08,66,41,107
2016-06-09,54,39,93
2016-06-10,59,27,86
2016-06-11,63,31,94
2016-06-12,61,39,100
2016-06-13,32,38,70
2016-06-14,50,20,70
2016-06-15,45,27,72
2016-06-16,49,30,79
2016-06-17,30,21,51
2016-06-18,47,30,77
2016-06-19,43,30,73
2016-06-20,34,21,55
2016-06-21,41,22,63
2016-06-22,47,20,67
2016-06-23,34,32,66
2016-06-24,37,24,61
2016-06-25,39,22,61
2016-06-26,34,29,63
2016-06-27,35,37,72
2016-06-28,47,22,69
2016-06-29,35,26,61
2016-06-30,54,34,88
2016-07-01,58,35,93
2016-07-02,54,35,89
2016-07-03,62,28,90
2016-07-04,50,32,82
2016-07-05,31,22,53
2016-07-06,40,23,63
2016-07-07,49,35,84
2016-07-08,56,39,95
2016-07-09,63,28,91
2016-07-10,50,36,86
2016-07-11,29,38,67
2016-07-12,45,36,81
2016-07-13,46,29,75
2016-07-14,44,35,79
2016-07-15,58,34,92
2016-07-16,60,39,99
2016-07-17,59,26,85
2016-07-18,62,46,108
2016-07-19,45,35,80
2016-07-20,54,32,86
2016-07-21,49,51,100
2016-07-22,58,31,89
2016-07-23,67,45,112
2016-07-24,52,46,98
2016-07-25,56,41,97
2016-07-26,54,36,90
2016-07-27,66,45,111
2016-07-28,64,38,102
2016-07-29,75,35,110
2016-07-30,60,41,101
2016-07-31,63,39,102
2016-08-01,53,32,85
2016-08-02,62,28,90
2016-08-03,53,34,87
2016-08-04,31,30,61
2016-08-05,52,27,79
2016-08-06,52,24,76
2016-08-07,47,24,71
2016-08-08,59,39,98
2016-08-09,63,40,103
2016-08-10,48,33,81
2016-08-11,52,44,96
2016-08-12,52,37,89
2016-08-13,67,49,116
2016-08-14,59,38,97
2016-08-15,64,48,112
2016-08-16,62,46,108
2016-08-17,79,43,122
2016-08-18,40,36,76
2016-08-19,67,43,110
2016-08-20,64,38,102
2016-08-21,67,45,112
2016-08-22,72,31,103
2016-08-23,43,40,83
2016-08-24,66,33,99
2016-08-25,46,41,87
2016-08-26,49,32,81
2016-08-27,63,36,99
2016-08-28,54,62,116
2016-08-29,62,57,119
2016-08-30,58,44,102
2016-08-31,48,40,88
2016-09-01,35,43,78
2016-09-02,64,35,99
2016-09-03,38,20,58
2016-09-04,46,22,68
2016-09-05,42,23,65
2016-09-06,36,28,64
2016-09-07,53,38,91
2016-09-08,72,51,123
2016-09-09,57,39,96
2016-09-10,64,39,103
2016-09-11,59,35,94
2016-09-12,38,27,65
2016-09-13,55,37,92
2016-09-14,61,33,94
2016-09-15,48,41,89
2016-09-16,71,40,111
2016-09-17,65,24,89
2016-09-18,61,34,95
2016-09-19,66,36,102
2016-09-20,53,32,85
2016-09-21,71,29,100
2016-09-22,60,39,99
2016-09-23,68,37,105
2016-09-24,52,24,76
2016-09-25,71,41,112
2016-09-26,41,54,95
2016-09-27,46,33,79
2016-09-28,52,34,86
2016-09-29,45,35,80
2016-09-30,61,36,97
2016-10-01,57,47,104
2016-10-02,51,36,87
2016-10-03,46,34,80
2016-10-04,41,29,70
2016-10-05,39,34,73
2016-10-06,51,19,70
2016-10-07,56,37,93
2016-10-08,48,52,100
2016-10-09,56,39,95
2016-10-10,54,42,96
2016-10-11,54,38,92
2016-10-12,42,34,76
2016-10-13,54,34,88
2016-10-14,50,39,89
2016-10-15,58,44,102
2016-10-16,49,43,92
2016-10-17,53,42,95
2016-10-18,50,29,79
2016-10-19,60,45,105
2016-10-20,55,40,95
2016-10-21,58,37,95
2016-10-22,57,43,100
2016-10-23,61,42,103
2016-10-24,48,29,77
2016-10-25,54,34,88
2016-10-26,60,41,101
2016-10-27,40,41,81
2016-10-28,57,37,94
2016-10-29,38,38,76
2016-10-30,53,39,92
2016-10-31,58,43,101
2016-11-01,50,42,92
2016-11-02,48,33,81
2016-11-03,46,34,80
2016-11-04,47,41,88
2016-11-05,47,32,79
2016-11-06,41,28,69
2016-11-07,63,35,98
2016-11-08,69,38,107
2016-11-09,68,33,101
2016-11-10,52,43,95
2016-11-11,50,36,86
2016-11-12,60,32,92
2016-11-13,55,33,88
2016-11-14,58,32,90
2016-11-15,50,39,89
2016-11-16,52,35,87
2016-11-17,50,27,77
2016-11-18,46,44,90
2016-11-19,48,37,85
2016-11-20,54,29,83
2016-11-21,56,47,103
2016-11-22,52,45,97
2016-11-23,53,43,96
2016-11-24,35,30,65
2016-11-25,47,48,95
2016-11-26,55,33,88
2016-11-27,54,40,94
2016-11-28,57,36,93
2016-11-29,49,40,89
2016-11-30,60,30,90
2016-12-01,43,35,78
2016-12-02,49,29,78
2016-12-03,33,34,67
2016-12-04,57,30,87
2016-12-05,39,29,68
2016-12-06,52,25,77
2016-12-07,44,28,72
2016-12-08,69,41,110
2016-12-09,69,42,111
2016-12-10,49,40,89
2016-12-11,60,44,104
2016-12-12,58,34,92
2016-12-13,58,45,103
2016-12-14,51,39,90
2016-12-15,68,40,108
2016-12-16,44,31,75
2016-12-17,49,36,85
2016-12-18,54,37,91
2016-12-19,53,24,77
2016-12-20,62,26,88
2016-12-21,51,35,86
2016-12-22,45,45,90
2016-12-23,44,25,69
2016-12-24,47,33,80
2016-12-25,49,27,76
2016-12-26,45,30,75
2016-12-27,47,33,80
2016-12-28,56,30,86
2016-12-29,49,34,83
2016-12-30,68,39,107
2016-12-31,43,45,88
2017-01-01,51,54,105
2017-01-02,41,26,67
2017-01-03,40,43,83
2017-01-04,49,35,84
2017-01-05,41,40,81
2017-01-06,57,20,77
2017-01-07,16,8,24
2017-01-08,21,23,44
2017-01-09,72,26,98
2017-01-10,52,39,91
2017-01-11,36,29,65
2017-01-12,46,31,77
2017-01-13,42,41,83
2017-01-14,61,51,112
2017-01-15,38,44,82
2017-01-16,49,41,90
2017-01-17,53,32,85
2017-01-18,49,45,94
2017-01-19,50,27,77
2017-01-20,60,32,92
2017-01-21,55,45,100
2017-01-22,52,34,86
2017-01-23,57,33,90
2017-01-24,53,44,97
2017-01-25,54,41,95
2017-01-26,50,36,86
2017-01-27,49,30,79
2017-01-28,45,33,78
2017-01-29,52,35,87
2017-01-30,44,34,78
2017-01-31,37,26,63
2017-02-01,45,35,80
2017-02-02,49,38,87
2017-02-03,50,31,81
2017-02-04,38,41,79
2017-02-05,49,33,82
2017-02-06,50,32,82
2017-02-07,31,26,57
2017-02-08,31,15,46
2017-02-09,45,34,79
2017-02-10,66,43,109
2017-02-11,55,28,83
2017-02-12,53,31,84
2017-02-13,38,27,65
2017-02-14,43,28,71
2017-02-15,49,30,79
2017-02-16,44,32,76
2017-02-17,53,29,82
2017-02-18,51,34,85
2017-02-19,41,34,75
2017-02-20,50,33,83
2017-02-21,52,28,80
2017-02-22,54,33,87
2017-02-23,56,26,82
2017-02-24,55,27,82
2017-02-25,45,31,76
2017-02-26,48,30,78
2017-02-27,45,36,81
2017-02-28,48,35,83
2017-03-01,69,31,100
2017-03-02,48,37,85
2017-03-03,55,32,87
2017-03-04,55,31,86
2017-03-05,49,42,91
2017-03-06,38,27,65
2017-03-07,30,16,46
2017-03-08,30,26,56
2017-03-09,53,35,88
2017-03-10,57,45,102
2017-03-11,50,31,81
2017-03-12,55,29,84
2017-03-13,44,33,77
2017-03-14,44,35,79
2017-03-15,45,38,83
2017-03-16,43,29,72
2017-03-17,39,36,75
2017-03-18,52,35,87
2017-03-19,42,38,80
2017-03-20,56,39,95
2017-03-21,43,38,81
2017-03-22,62,28,90
2017-03-23,39,41,80
2017-03-24,54,35,89
2017-03-25,53,46,99
2017-03-26,52,40,92
2017-03-27,57,36,93
2017-03-28,48,35,83
2017-03-29,47,30,77
2017-03-30,56,39,95
2017-03-31,45,34,79
2017-04-01,59,34,93
2017-04-02,46,42,88
2017-04-03,46,44,90
2017-04-04,50,36,86
2017-04-05,45,35,80
2017-04-06,44,21,65
2017-04-07,27,23,50
2017-04-08,29,27,56
2017-04-09,46,31,77
2017-04-10,45,42,87
2017-04-11,59,29,88
2017-04-12,48,41,89
2017-04-13,48,26,74
2017-04-14,39,34,73
2017-04-15,62,32,94
2017-04-16,41,30,71
2017-04-17,51,38,89
2017-04-18,54,38,92
2017-04-19,47,40,87
2017-04-20,59,32,91
2017-04-21,54,24,78
2017-04-22,48,36,84
2017-04-23,43,31,74
2017-04-24,48,25,73
2017-04-25,46,31,77
2017-04-26,40,28,68
2017-04-27,51,46,97
2017-04-28,35,32,67
2017-04-29,35,32,67
2017-04-30,37,41,78
2017-05-01,60,40,100
2017-05-02,46,32,78
2017-05-03,45,33,78
2017-05-04,55,31,86
2017-05-05,58,43,101
2017-05-06,40,25,65
2017-05-07,17,5,22
2017-05-08,36,28,64
2017-05-09,47,29,76
2017-05-10,63,41,104
2017-05-11,62,44,106
2017-05-12,41,43,84
2017-05-13,46,30,76
2017-05-14,46,22,68
2017-05-15,40,28,68
2017-05-16,48,28,76
2017-05-17,29,32,61
2017-05-18,40,39,79
2017-05-19,33,29,62
2017-05-20,32,26,58
2017-05-21,35,25,60
2017-05-22,38,36,74
2017-05-23,47,28,75
2017-05-24,52,42,94
2017-05-25,32,31,63
2017-05-26,48,39,87
2017-05-27,35,24,59
2017-05-28,41,30,71
2017-05-29,44,42,86
2017-05-30,38,29,67
2017-05-31,37,29,66
2017-06-01,52,51,103
2017-06-02,45,34,79
2017-06-03,52,27,79
2017-06-04,44,30,74
2017-06-05,39,27,66
2017-06-06,36,30,66
2017-06-07,25,18,43
2017-06-08,29,25,54
2017-06-09,55,43,98
2017-06-10,51,32,83
2017-06-11,67,28,95
2017-06-12,43,43,86
2017-06-13,41,26,67
2017-06-14,48,22,70
2017-06-15,45,26,71
2017-06-16,47,28,75
2017-06-17,40,30,70
2017-06-18,44,33,77
2017-06-19,54,24,78
2017-06-20,47,33,80
2017-06-21,37,29,66
2017-06-22,57,36,93
2017-06-23,44,37,81
2017-06-24,44,31,75
2017-06-25,40,32,72
2017-06-26,38,34,72
2017-06-27,43,28,71
2017-06-28,44,35,79
2017-06-29,52,34,86
2017-06-30,38,32,70
2017-07-01,63,29,92
2017-07-02,53,36,89
2017-07-03,53,44,97
2017-07-04,40,26,66
2017-07-05,39,30,69
2017-07-06,41,25,66
2017-07-07,9,10,19
2017-07-08,23,23,46
2017-07-09,48,39,87
2017-07-10,38,29,67
2017-07-11,57,22,79
2017-07-12,44,36,80
2017-07-13,16,9,25
2017-07-14,21,19,40
2017-07-15,13,14,27
2017-07-16,17,11,28
2017-07-17,18,12,30
2017-07-18,17,15,32
2017-07-19,24,13,37
2017-07-20,20,23,43
2017-07-21,30,16,46
2017-07-22,23,10,33
2017-07-23,28,14,42
2017-07-24,29,24,53
2017-07-25,29,20,49
2017-07-26,25,16,41
2017-07-27,21,15,36
2017-07-28,39,24,63
2017-07-29,27,28,55
2017-07-30,21,19,40
2017-07-31,29,15,44
2017-08-01,60,39,99
2017-08-02,29,37,66
2017-08-03,52,25,77
2017-08-04,47,32,79
2017-08-05,33,30,63
2017-08-06,37,29,66
2017-08-07,15,12,27
2017-08-08,50,22,72
2017-08-09,53,42,95
2017-08-10,56,31,87
2017-08-11,49,34,83
2017-08-12,53,38,91
2017-08-13,32,34,66
2017-08-14,53,23,76
2017-08-15,24,31,55
2017-08-16,37,36,73
2017-08-17,34,30,64
2017-08-18,26,34,60
2017-08-19,44,44,88
2017-08-20,50,34,84
2017-08-21,31,32,63
2017-08-22,42,28,70
2017-08-23,46,32,78
2017-08-24,55,31,86
2017-08-25,37,34,71
2017-08-26,50,46,96
2017-08-27,45,24,69
2017-08-28,42,42,84
2017-08-29,44,27,71
2017-08-30,53,34,87
2017-08-31,55,37,92
2017-09-01,61,46,107
2017-09-02,41,37,78
2017-09-03,47,38,85
2017-09-04,39,29,68
2017-09-05,50,39,89
2017-09-06,49,24,73
2017-09-07,8,14,22
2017-09-08,33,22,55
2017-09-09,65,43,108
2017-09-10,43,22,65
2017-09-11,48,29,77
2017-09-12,52,30,82
2017-09-13,54,40,94
2017-09-14,44,38,82
2017-09-15,53,39,92
2017-09-16,41,30,71
2017-09-17,45,39,84
2017-09-18,52,31,83
2017-09-19,57,30,87
2017-09-20,48,36,84
2017-09-21,49,31,80
2017-09-22,50,31,81
2017-09-23,45,40,85
2017-09-24,61,38,99
2017-09-25,49,32,81
2017-09-26,49,40,89
2017-09-27,65,35,100
2017-09-28,48,32,80
2017-09-29,62,31,93
2017-09-30,47,36,83
2017-10-01,54,47,101
2017-10-02,58,36,94
2017-10-03,50,30,80
2017-10-04,50,44,94
2017-10-05,51,38,89
2017-10-06,37,25,62
2017-10-07,17,12,29
2017-10-08,32,27,59
2017-10-09,49,35,84
2017-10-10,48,36,84
2017-10-11,53,37,90
2017-10-12,46,35,81
2017-10-13,53,34,87
2017-10-14,40,38,78
2017-10-15,41,51,92
2017-10-16,48,30,78
2017-10-17,60,46,106
2017-10-18,44,33,77
2017-10-19,53,38,91
2017-10-20,58,25,83
2017-10-21,49,41,90
2017-10-22,58,49,107
2017-10-23,45,37,82
2017-10-24,64,51,115
2017-10-25,60,46,106
2017-10-26,66,38,104
2017-10-27,58,39,97
2017-10-28,55,29,84
2017-10-29,55,41,96
2017-10-30,65,44,109
2017-10-31,51,33,84
2017-11-01,50,32,82
2017-11-02,44,32,76
2017-11-03,33,29,62
2017-11-04,56,35,91
2017-11-05,51,35,86
2017-11-06,33,27,60
2017-11-07,23,20,43
2017-11-08,34,24,58
2017-11-09,45,37,82
2017-11-10,44,39,83
2017-11-11,63,37,100
2017-11-12,54,29,83
2017-11-13,45,47,92
2017-11-14,56,32,88
2017-11-15,62,52,114
2017-11-16,54,36,90
2017-11-17,53,41,94
2017-11-18,57,35,92
2017-11-19,44,28,72
2017-11-20,60,43,103
2017-11-21,58,43,101
2017-11-22,50,44,94
2017-11-23,58,46,104
2017-11-24,52,47,99
2017-11-25,40,35,75
2017-11-26,44,39,83
2017-11-27,47,36,83
2017-11-28,39,38,77
2017-11-29,53,38,91
2017-11-30,64,24,88
2017-12-01,56,27,83
2017-12-02,45,24,69
2017-12-03,44,25,69
2017-12-04,54,48,102
2017-12-05,45,34,79
2017-12-06,44,26,70
2017-12-07,13,18,31
2017-12-08,28,19,47
2017-12-09,63,45,108
2017-12-10,48,46,94
2017-12-11,50,37,87
2017-12-12,49,26,75
2017-12-13,42,27,69
2017-12-14,53,38,91
2017-12-15,41,31,72
2017-12-16,56,43,99
2017-12-17,52,37,89
2017-12-18,39,44,83
2017-12-19,52,30,82
2017-12-20,53,44,97
2017-12-21,46,35,81
2017-12-22,73,37,110
2017-12-23,52,47,99
2017-12-24,54,31,85
2017-12-25,65,39,104
2017-12-26,71,43,114
2017-12-27,48,32,80
2017-12-28,49,42,91
2017-12-29,61,36,97
2017-12-30,68,34,102
2017-12-31,56,52,108
2018-01-01,70,39,109
2018-01-02,56,32,88
2018-01-03,52,42,94
2018-01-04,48,47,95
2018-01-13,52,39,91
2018-01-14,65,34,99
2018-01-15,54,47,101
2018-01-16,47,36,83
2018-01-17,61,41,102
2018-01-18,51,37,88
2018-01-19,55,38,93
2018-01-20,50,31,81
2018-01-21,62,34,96
2018-01-22,46,33,79
2018-01-23,59,43,102
2018-01-24,49,41,90
2018-01-25,44,21,65
2018-01-26,59,37,96
2018-01-27,34,34,68
2018-01-28,51,32,83
2018-01-29,55,36,91
2018-01-30,49,43,92
2018-01-31,54,25,79
2018-02-01,57,55,112
2018-02-02,61,40,101
2018-02-03,39,39,78
2018-02-04,61,28,89
2018-02-13,51,41,92
2018-02-14,64,43,107
2018-02-15,61,35,96
2018-02-16,50,42,92
2018-02-17,52,46,98
2018-02-18,46,47,93
2018-02-19,51,44,95
2018-02-20,51,35,86
2018-02-21,43,52,95
2018-02-22,48,36,84
2018-02-23,52,37,89
2018-02-24,53,42,95
2018-02-25,60,42,102
2018-02-26,42,48,90
2018-02-27,40,36,76
2018-02-28,44,47,91
2018-03-01,77,46,123
2018-03-02,53,31,84
2018-03-03,68,43,111
2018-03-04,60,39,99
2018-03-13,60,37,97
2018-03-14,45,41,86
2018-03-15,45,38,83
2018-03-16,44,30,74
2018-03-17,32,43,75
2018-03-18,39,25,64
2018-03-19,44,27,71
2018-03-20,42,27,69
2018-03-21,41,31,72
2018-03-22,51,34,85
2018-03-23,50,39,89
2018-03-24,51,26,77
2018-03-25,44,33,77
2018-03-26,61,29,90
2018-03-27,60,26,86
2018-03-28,57,31,88
2018-03-29,48,25,73
2018-03-30,43,23,66
2018-03-31,41,33,74
2018-04-01,59,38,97
2018-04-02,52,36,88
2018-04-03,50,50,100
2018-04-04,44,40,84
2018-04-13,49,34,83
2018-04-14,40,28,68
2018-04-15,44,31,75
2018-04-16,44,26,70
2018-04-17,43,29,72
2018-04-18,55,32,87
2018-04-19,54,27,81
2018-04-20,36,31,67
2018-04-21,37,27,64
2018-04-22,37,31,68
2018-04-23,40,25,65
2018-04-24,43,30,73
2018-04-25,36,28,64
2018-04-26,36,28,64
2018-04-27,31,26,57
2018-04-28,43,25,68
2018-04-29,45,25,70
2018-04-30,40,33,73
