Date,Deceased Males,Deceased Females,Deceased Transgender,Total Deceased
2000-01-01,98,54,0,152
2000-01-02,81,43,0,124
2000-01-03,92,57,0,149
2000-01-04,84,48,0,132
2000-01-05,83,38,0,121
2000-01-06,84,67,0,151
2000-01-07,66,58,0,124
2000-01-08,79,56,0,135
2000-01-09,65,50,0,115
2000-01-10,86,50,0,136
2000-01-11,74,42,0,116
2000-01-12,72,63,0,135
2000-01-13,95,56,0,151
2000-01-14,81,68,0,149
2000-01-15,49,43,0,92
2000-01-16,80,54,0,134
2000-01-17,56,34,0,90
2000-01-18,64,47,0,111
2000-01-19,92,50,0,142
2000-01-20,77,39,0,116
2000-01-21,33,40,0,73
2000-01-22,91,49,0,140
2000-01-23,85,55,0,140
2000-01-24,62,53,0,115
2000-01-25,68,29,0,97
2000-01-26,72,66,0,138
2000-01-27,59,67,0,126
2000-01-28,86,45,0,131
2000-01-29,85,51,0,136
2000-01-30,79,49,0,128
2000-01-31,77,49,0,126
2000-02-01,70,44,0,114
2000-02-02,82,64,0,146
2000-02-03,78,51,0,129
2000-02-04,74,53,0,127
2000-02-05,80,48,0,128
2000-02-06,72,50,0,122
2000-02-07,83,60,0,143
2000-02-08,76,39,0,115
2000-02-09,91,44,0,135
2000-02-10,75,43,0,118
2000-02-11,85,51,0,136
2000-02-12,77,42,0,119
2000-02-13,69,41,0,110
2000-02-14,82,40,0,122
2000-02-15,62,43,0,105
2000-02-16,97,61,0,158
2000-02-17,87,49,0,136
2000-02-18,77,56,0,133
2000-02-19,63,51,0,114
2000-02-20,81,37,0,118
2000-02-21,86,54,0,140
2000-02-22,70,45,0,115
2000-02-23,80,39,0,119
2000-02-24,74,38,0,112
2000-02-25,95,49,0,144
2000-02-26,61,43,0,104
2000-02-27,73,52,0,125
2000-02-28,71,40,0,111
2000-02-29,60,37,0,97
2000-03-01,79,49,0,128
2000-03-02,71,54,0,125
2000-03-03,97,55,0,152
2000-03-04,58,48,0,106
2000-03-05,65,57,0,122
2000-03-06,67,42,0,109
2000-03-07,72,49,0,121
2000-03-08,59,55,0,114
2000-03-09,62,53,0,115
2000-03-10,67,31,0,98
2000-03-11,94,56,0,150
2000-03-12,93,37,0,130
2000-03-13,79,55,0,134
2000-03-14,67,44,0,111
2000-03-15,67,56,0,123
2000-03-16,82,46,0,128
2000-03-17,77,52,0,129
2000-03-18,60,68,0,128
2000-03-19,67,65,0,132
2000-03-20,78,50,0,128
2000-03-21,70,55,0,125
2000-03-22,64,57,0,121
2000-03-23,77,52,0,129
2000-03-24,0,53,0,53
2000-03-25,45,53,0,98
2000-03-26,86,42,0,128
2000-03-27,74,40,0,114
2000-03-28,57,47,0,104
2000-03-29,62,57,0,119
2000-03-30,81,58,0,139
2000-03-31,85,45,0,130
2000-04-01,57,47,0,104
2000-04-02,61,54,0,115
2000-04-03,0,44,0,44
2000-04-04,67,49,0,116
2000-04-05,68,47,0,115
2000-04-06,72,59,0,131
2000-04-07,67,43,0,110
2000-04-08,101,35,0,136
2000-04-09,74,44,0,118
2000-04-10,68,46,0,114
2000-04-11,78,48,0,126
2000-04-12,50,37,0,87
2000-04-13,68,56,0,124
2000-04-14,71,46,0,117
2000-04-15,74,35,0,109
2000-04-16,63,45,0,108
2000-04-17,83,27,0,110
2000-04-18,74,52,0,126
2000-04-19,57,28,0,85
2000-04-20,82,47,0,129
2000-04-21,71,36,0,107
2000-04-22,67,46,0,113
2000-04-23,72,56,0,128
2000-04-24,81,68,0,149
2000-04-25,80,37,0,117
2000-04-26,71,52,0,123
2000-04-27,77,56,0,133
2000-04-28,71,53,0,124
2000-04-29,60,45,0,105
2000-04-30,78,48,0,126
2000-05-01,80,43,0,123
2000-05-02,74,59,0,133
2000-05-03,65,56,0,121
2000-05-04,59,46,0,105
2000-05-05,77,37,0,114
2000-05-06,89,50,0,139
2000-05-07,74,63,0,137
2000-05-08,67,49,0,116
2000-05-09,75,47,0,122
2000-05-10,69,61,0,130
2000-05-11,76,42,0,118
2000-05-12,93,52,0,145
2000-05-13,104,58,0,162
2000-05-14,94,78,0,172
2000-05-15,99,61,0,160
2000-05-16,80,78,0,158
2000-05-17,73,39,0,112
2000-05-18,72,42,0,114
2000-05-19,67,52,0,119
2000-05-20,70,55,0,125
2000-05-21,74,43,0,117
2000-05-22,94,54,0,148
2000-05-23,69,39,0,108
2000-05-24,75,34,0,109
2000-05-25,66,52,0,118
2000-05-26,74,48,0,122
2000-05-27,60,43,0,103
2000-05-28,77,54,0,131
2000-05-29,76,55,0,131
2000-05-30,71,36,0,107
2000-05-31,56,39,0,95
2000-06-01,57,39,0,96
2000-06-02,77,40,0,117
2000-06-03,89,38,0,127
2000-06-04,62,37,0,99
2000-06-05,76,43,0,119
2000-06-06,48,36,0,84
2000-06-07,62,44,0,106
2000-06-08,89,39,0,128
2000-06-09,67,53,0,120
2000-06-10,65,51,0,116
2000-06-11,70,47,0,117
2000-06-12,90,54,0,144
2000-06-13,75,35,0,110
2000-06-14,63,35,0,98
2000-06-15,86,48,0,134
2000-06-16,94,63,0,157
2000-06-17,73,29,0,102
2000-06-18,82,38,0,120
2000-06-19,63,34,0,97
2000-06-20,71,48,0,119
2000-06-21,68,42,0,110
2000-06-22,63,43,0,106
2000-06-23,58,38,0,96
2000-06-24,43,31,0,74
2000-06-25,51,49,0,100
2000-06-26,92,49,0,141
2000-06-27,66,50,0,116
2000-06-28,63,37,0,100
2000-06-29,58,39,0,97
2000-06-30,77,47,0,124
2000-07-01,55,39,0,94
2000-07-02,53,53,0,106
2000-07-03,54,53,0,107
2000-07-04,75,34,0,109
2000-07-05,58,53,0,111
2000-07-06,51,36,0,87
2000-07-07,90,42,0,132
2000-07-08,64,45,0,109
2000-07-09,69,43,0,112
2000-07-10,68,53,0,121
2000-07-11,67,61,0,128
2000-07-12,77,57,0,134
2000-07-13,71,41,0,112
2000-07-14,86,52,0,138
2000-07-15,64,41,0,105
2000-07-16,91,36,0,127
2000-07-17,70,61,0,131
2000-07-18,53,42,0,95
2000-07-19,87,56,0,143
2000-07-20,56,51,0,107
2000-07-21,59,35,0,94
2000-07-22,60,25,0,85
2000-07-23,43,38,0,81
2000-07-24,73,46,0,119
2000-07-25,55,45,0,100
2000-07-26,76,49,0,125
2000-07-27,94,56,0,150
2000-07-28,64,58,0,122
2000-07-29,53,53,0,106
2000-07-30,68,45,0,113
2000-07-31,62,54,0,116
2000-08-01,63,54,0,117
2000-08-02,75,48,0,123
2000-08-03,70,0,0,70
2000-08-04,38,55,0,93
2000-08-05,64,52,0,116
2000-08-06,59,43,0,102
2000-08-07,62,44,0,106
2000-08-08,77,34,0,111
2000-08-09,60,52,0,112
2000-08-10,69,47,0,116
2000-08-11,64,44,0,108
2000-08-12,43,41,0,84
2000-08-13,79,48,0,127
2000-08-14,68,48,0,116
2000-08-15,54,50,0,104
2000-08-16,84,34,0,118
2000-08-17,65,51,0,116
2000-08-18,82,35,0,117
2000-08-19,76,44,0,120
2000-08-20,64,41,0,105
2000-08-21,78,41,0,119
2000-08-22,73,30,0,103
2000-08-23,69,52,0,121
2000-08-24,60,55,0,115
2000-08-25,71,50,0,121
2000-08-26,0,57,0,57
2000-08-27,64,45,0,109
2000-08-28,67,41,0,108
2000-08-29,58,41,0,99
2000-08-30,65,43,0,108
2000-08-31,74,47,0,121
2000-09-01,85,40,0,125
2000-09-02,83,65,0,148
2000-09-03,48,50,0,98
2000-09-04,78,44,0,122
2000-09-05,84,51,0,135
2000-09-06,75,48,0,123
2000-09-07,80,52,0,132
2000-09-08,81,44,0,125
2000-09-09,69,38,0,107
2000-09-10,73,43,0,116
2000-09-11,70,36,0,106
2000-09-12,56,46,0,102
2000-09-13,62,51,0,113
2000-09-14,66,64,0,130
2000-09-15,76,46,0,122
2000-09-16,60,51,0,111
2000-09-17,54,45,0,99
2000-09-18,44,40,0,84
2000-09-19,67,36,0,103
2000-09-20,77,43,0,120
2000-09-21,56,42,0,98
2000-09-22,62,44,0,106
2000-09-23,88,57,0,145
2000-09-24,52,28,0,80
2000-09-25,68,47,0,115
2000-09-26,0,54,0,54
2000-09-27,63,34,0,97
2000-09-28,51,37,0,88
2000-09-29,66,34,0,100
2000-09-30,66,45,0,111
2000-10-01,57,41,0,98
2000-10-02,79,64,0,143
2000-10-03,65,55,0,120
2000-10-04,73,38,0,111
2000-10-05,61,39,0,100
2000-10-06,87,52,0,139
2000-10-07,51,40,0,91
2000-10-08,56,40,0,96
2000-10-09,82,45,0,127
2000-10-10,71,44,0,115
2000-10-11,85,43,0,128
2000-10-12,77,25,0,102
2000-10-13,60,53,0,113
2000-10-14,54,49,0,103
2000-10-15,88,57,0,145
2000-10-16,0,52,0,52
2000-10-17,62,46,0,108
2000-10-18,89,43,0,132
2000-10-19,66,56,0,122
2000-10-20,66,41,0,107
2000-10-21,72,45,0,117
2000-10-22,66,49,0,115
2000-10-23,78,47,0,125
2000-10-24,79,52,0,131
2000-10-25,80,52,0,132
2000-10-26,77,47,0,124
2000-10-27,76,68,0,144
2000-10-28,97,46,0,143
2000-10-29,60,50,0,110
2000-10-30,43,53,0,96
2000-10-31,125,39,0,164
2000-11-01,68,54,0,122
2000-11-02,84,33,0,117
2000-11-03,72,49,0,121
2000-11-04,82,49,0,131
2000-11-05,58,52,0,110
2000-11-06,70,31,0,101
2000-11-07,84,64,0,148
2000-11-08,73,28,0,101
2000-11-09,78,40,0,118
2000-11-10,76,33,0,109
2000-11-11,66,57,0,123
2000-11-12,69,52,0,121
2000-11-13,69,52,0,121
2000-11-14,58,36,0,94
2000-11-15,68,52,0,120
2000-11-16,69,57,0,126
2000-11-17,93,50,0,143
2000-11-18,66,49,0,115
2000-11-19,81,36,0,117
2000-11-20,74,47,0,121
2000-11-21,61,53,0,114
2000-11-22,75,46,0,121
2000-11-23,47,44,0,91
2000-11-24,67,34,0,101
2000-11-25,66,43,0,109
2000-11-26,69,46,0,115
2000-11-27,70,50,0,120
2000-11-28,42,42,0,84
2000-11-29,58,51,0,109
2000-11-30,62,39,0,101
2000-12-01,71,33,0,104
2000-12-02,68,39,0,107
2000-12-03,57,29,0,86
2000-12-04,61,44,0,105
2000-12-05,67,45,0,112
2000-12-06,52,52,0,104
2000-12-07,68,52,0,120
2000-12-08,67,44,0,111
2000-12-09,60,40,0,100
2000-12-10,70,46,0,116
2000-12-11,43,38,0,81
2000-12-12,64,51,0,115
2000-12-13,64,49,0,113
2000-12-14,66,40,0,106
2000-12-15,77,46,0,123
2000-12-16,77,64,0,141
2000-12-17,70,26,0,96
2000-12-18,67,61,0,128
2000-12-19,68,52,0,120
2000-12-20,71,38,0,109
2000-12-21,56,35,0,91
2000-12-22,81,45,0,126
2000-12-23,78,32,0,110
2000-12-24,67,0,0,67
2000-12-25,73,32,0,105
2000-12-26,66,47,0,113
2000-12-27,50,40,0,90
2000-12-28,63,53,0,116
2000-12-29,64,46,0,110
2000-12-30,74,53,0,127
2000-12-31,68,47,0,115
2001-01-01,63,53,0,116
2001-01-02,86,52,0,138
2001-01-03,76,47,0,123
2001-01-04,66,59,0,125
2001-01-05,76,57,0,133
2001-01-06,83,54,0,137
2001-01-07,63,67,0,130
2001-01-08,89,62,0,151
2001-01-09,65,37,0,102
2001-01-10,75,59,0,134
2001-01-11,68,40,0,108
2001-01-12,80,56,0,136
2001-01-13,64,54,0,118
2001-01-14,80,54,0,134
2001-01-15,74,41,0,115
2001-01-16,74,51,0,125
2001-01-17,58,53,0,111
2001-01-18,76,38,0,114
2001-01-19,63,53,0,116
2001-01-20,90,45,0,135
2001-01-21,68,57,0,125
2001-01-22,99,38,0,137
2001-01-23,95,64,0,159
2001-01-24,0,23,0,23
2001-01-25,79,0,0,79
2001-01-26,66,53,0,119
2001-01-27,72,61,0,133
2001-01-28,75,47,0,122
2001-01-29,87,59,0,146
2001-01-30,89,42,0,131
2001-01-31,66,59,0,125
2001-02-01,78,49,0,127
2001-02-02,66,60,0,126
2001-02-03,58,59,0,117
2001-02-04,76,44,0,120
2001-02-05,92,70,0,162
2001-02-06,71,47,0,118
2001-02-07,48,37,0,85
2001-02-08,67,46,0,113
2001-02-09,71,49,0,120
2001-02-10,74,52,0,126
2001-02-11,68,46,0,114
2001-02-12,70,55,0,125
2001-02-13,0,45,0,45
2001-02-14,68,55,0,123
2001-02-15,0,58,0,58
2001-02-16,84,44,0,128
2001-02-17,72,41,0,113
2001-02-18,78,48,0,126
2001-02-19,88,46,0,134
2001-02-20,76,57,0,133
2001-02-21,64,59,0,123
2001-02-22,86,44,0,130
2001-02-23,68,54,0,122
2001-02-24,57,36,0,93
2001-02-25,85,39,0,124
2001-02-26,67,52,0,119
2001-02-27,60,50,0,110
2001-02-28,60,52,0,112
2001-03-01,80,44,0,124
2001-03-02,69,41,0,110
2001-03-03,80,46,0,126
2001-03-04,55,43,0,98
2001-03-05,69,60,0,129
2001-03-06,79,64,0,143
2001-03-07,79,57,0,136
2001-03-08,63,49,0,112
2001-03-09,88,38,0,126
2001-03-10,73,44,0,117
2001-03-11,81,42,0,123
2001-03-12,48,50,0,98
2001-03-13,69,46,0,115
2001-03-14,63,42,0,105
2001-03-15,69,50,0,119
2001-03-16,67,42,0,109
2001-03-17,57,38,0,95
2001-03-18,73,29,0,102
2001-03-19,63,38,0,101
2001-03-20,65,44,0,109
2001-03-21,61,54,0,115
2001-03-22,73,49,0,122
2001-03-23,57,45,0,102
2001-03-24,57,43,0,100
2001-03-25,75,38,0,113
2001-03-26,74,57,0,131
2001-03-27,69,54,0,123
2001-03-28,73,45,0,118
2001-03-29,62,44,0,106
2001-03-30,72,48,0,120
2001-03-31,66,26,0,92
2001-04-01,58,49,0,107
2001-04-02,69,47,0,116
2001-04-03,61,53,0,114
2001-04-04,66,55,0,121
2001-04-05,60,50,0,110
2001-04-06,61,49,0,110
2001-04-07,57,31,0,88
2001-04-08,83,38,0,121
2001-04-09,70,45,0,115
2001-04-10,63,46,0,109
2001-04-11,73,39,0,112
2001-04-12,76,28,0,104
2001-04-13,48,36,0,84
2001-04-14,63,38,0,101
2001-04-15,67,42,0,109
2001-04-16,77,32,0,109
2001-04-17,77,34,0,111
2001-04-18,66,40,0,106
2001-04-19,78,59,0,137
2001-04-20,69,49,0,118
2001-04-21,58,60,0,118
2001-04-22,83,39,0,122
2001-04-23,76,44,0,120
2001-04-24,61,60,0,121
2001-04-25,63,46,0,109
2001-04-26,60,47,0,107
2001-04-27,59,45,0,104
2001-04-28,67,47,0,114
2001-04-29,64,44,0,108
2001-04-30,74,42,0,116
2001-05-01,78,43,0,121
2001-05-02,100,45,0,145
2001-05-03,58,42,0,100
2001-05-04,73,59,0,132
2001-05-05,80,45,0,125
2001-05-06,75,64,0,139
2001-05-07,86,55,0,141
2001-05-08,85,45,0,130
2001-05-09,77,39,0,116
2001-05-10,98,67,0,165
2001-05-11,97,56,0,153
2001-05-12,65,52,0,117
2001-05-13,70,64,0,134
2001-05-14,66,64,0,130
2001-05-15,99,79,0,178
2001-05-16,78,71,0,149
2001-05-17,66,63,0,129
2001-05-18,64,58,0,122
2001-05-19,80,63,0,143
2001-05-20,83,58,0,141
2001-05-21,84,74,0,158
2001-05-22,67,50,0,117
2001-05-23,67,52,0,119
2001-05-24,57,54,0,111
2001-05-25,76,50,0,126
2001-05-26,93,49,0,142
2001-05-27,74,51,0,125
2001-05-28,83,37,0,120
2001-05-29,83,51,0,134
2001-05-30,77,52,0,129
2001-05-31,83,39,0,122
2001-06-01,58,53,0,111
2001-06-02,71,50,0,121
2001-06-03,49,39,0,88
2001-06-04,65,35,0,100
2001-06-05,53,34,0,87
2001-06-06,57,48,0,105
2001-06-07,52,34,0,86
2001-06-08,78,37,0,115
2001-06-09,61,46,0,107
2001-06-10,65,49,0,114
2001-06-11,72,43,0,115
2001-06-12,64,44,0,108
2001-06-13,69,41,0,110
2001-06-14,65,37,0,102
2001-06-15,66,48,0,114
2001-06-16,57,55,0,112
2001-06-17,72,59,0,131
2001-06-18,53,56,0,109
2001-06-19,60,38,0,98
2001-06-20,70,47,0,117
2001-06-21,64,43,0,107
2001-06-22,68,47,0,115
2001-06-23,63,46,0,109
2001-06-24,55,53,0,108
2001-06-25,71,46,0,117
2001-06-26,67,41,0,108
2001-06-27,66,35,0,101
2001-06-28,64,37,0,101
2001-06-29,56,31,0,87
2001-06-30,106,39,0,145
2001-07-01,60,44,0,104
2001-07-02,58,30,0,88
2001-07-03,47,47,0,94
2001-07-04,70,37,0,107
2001-07-05,54,43,0,97
2001-07-06,59,44,0,103
2001-07-07,64,41,0,105
2001-07-08,75,39,0,114
2001-07-09,58,55,0,113
2001-07-10,72,43,0,115
2001-07-11,55,35,0,90
2001-07-12,56,36,0,92
2001-07-13,59,33,0,92
2001-07-14,42,40,0,82
2001-07-15,59,43,0,102
2001-07-16,63,25,0,88
2001-07-17,50,47,0,97
2001-07-18,60,45,0,105
2001-07-19,54,38,0,92
2001-07-20,59,37,0,96
2001-07-21,49,38,0,87
2001-07-22,62,36,0,98
2001-07-23,76,46,0,122
2001-07-24,57,34,0,91
2001-07-25,70,34,0,104
2001-07-26,46,34,0,80
2001-07-27,74,37,0,111
2001-07-28,59,29,0,88
2001-07-29,49,44,0,93
2001-07-30,64,44,0,108
2001-07-31,65,28,0,93
2001-08-01,51,44,0,95
2001-08-02,54,30,0,84
2001-08-03,52,33,0,85
2001-08-04,70,34,0,104
2001-08-05,77,43,0,120
2001-08-06,50,43,0,93
2001-08-07,67,38,0,105
2001-08-08,68,56,0,124
2001-08-09,67,42,0,109
2001-08-10,65,51,0,116
2001-08-11,50,39,0,89
2001-08-12,81,38,0,119
2001-08-13,61,46,0,107
2001-08-14,54,26,0,80
2001-08-15,53,49,0,102
2001-08-16,66,38,0,104
2001-08-17,55,30,0,85
2001-08-18,69,36,0,105
2001-08-19,82,45,0,127
2001-08-20,79,37,0,116
2001-08-21,58,45,0,103
2001-08-22,68,43,0,111
2001-08-23,61,44,0,105
2001-08-24,75,39,0,114
2001-08-25,61,42,0,103
2001-08-26,70,46,0,116
2001-08-27,75,48,0,123
2001-08-28,87,33,0,120
2001-08-29,66,42,0,108
2001-08-30,65,33,0,98
2001-08-31,68,45,0,113
2001-09-01,64,56,0,120
2001-09-02,74,40,0,114
2001-09-03,57,41,0,98
2001-09-04,76,49,0,125
2001-09-05,63,53,0,116
2001-09-06,70,46,0,116
2001-09-07,74,38,0,112
2001-09-08,70,49,0,119
2001-09-09,63,43,0,106
2001-09-10,53,46,0,99
2001-09-11,53,35,0,88
2001-09-12,65,48,0,113
2001-09-13,76,40,0,116
2001-09-14,86,44,0,130
2001-09-15,71,42,0,113
2001-09-16,62,34,0,96
2001-09-17,59,40,0,99
2001-09-18,56,41,0,97
2001-09-19,62,45,0,107
2001-09-20,63,38,0,101
2001-09-21,60,46,0,106
2001-09-22,56,41,0,97
2001-09-23,57,38,0,95
2001-09-24,83,33,0,116
2001-09-25,73,39,0,112
2001-09-26,66,39,0,105
2001-09-27,65,33,0,98
2001-09-28,61,40,0,101
2001-09-29,63,46,0,109
2001-09-30,65,32,0,97
2001-10-01,74,57,0,131
2001-10-02,79,28,0,107
2001-10-03,65,54,0,119
2001-10-04,56,37,0,93
2001-10-05,68,42,0,110
2001-10-06,72,45,0,117
2001-10-07,67,29,0,96
2001-10-08,86,52,0,138
2001-10-09,69,43,0,112
2001-10-10,71,59,0,130
2001-10-11,68,48,0,116
2001-10-12,63,51,0,114
2001-10-13,44,42,0,86
2001-10-14,61,38,0,99
2001-10-15,73,40,0,113
2001-10-16,48,34,0,82
2001-10-17,64,41,0,105
2001-10-18,62,56,0,118
2001-10-19,91,49,0,140
2001-10-20,65,52,0,117
2001-10-21,78,55,0,133
2001-10-22,67,51,0,118
2001-10-23,61,45,0,106
2001-10-24,72,40,0,112
2001-10-25,54,46,0,100
2001-10-26,50,44,0,94
2001-10-27,60,49,0,109
2001-10-28,88,50,0,138
2001-10-29,79,44,0,123
2001-10-30,94,45,0,139
2001-10-31,80,48,0,128
2001-11-01,66,46,0,112
2001-11-02,78,43,0,121
2001-11-03,58,36,0,94
2001-11-04,76,44,0,120
2001-11-05,48,55,0,103
2001-11-06,76,57,0,133
2001-11-07,69,50,0,119
2001-11-08,85,43,0,128
2001-11-09,66,48,0,114
2001-11-10,82,28,0,110
2001-11-11,69,47,0,116
2001-11-12,83,49,0,132
2001-11-13,68,45,0,113
2001-11-14,74,59,0,133
2001-11-15,89,56,0,145
2001-11-16,87,54,0,141
2001-11-17,76,49,0,125
2001-11-18,79,41,0,120
2001-11-19,76,43,0,119
2001-11-20,72,49,0,121
2001-11-21,71,59,0,130
2001-11-22,69,45,0,114
2001-11-23,75,54,0,129
2001-11-24,69,44,0,113
2001-11-25,71,51,0,122
2001-11-26,64,48,0,112
2001-11-27,92,50,0,142
2001-11-28,82,51,0,133
2001-11-29,65,0,0,65
2001-11-30,65,41,0,106
2001-12-01,77,45,0,122
2001-12-02,75,0,0,75
2001-12-03,83,47,0,130
2001-12-04,60,43,0,103
2001-12-05,72,52,0,124
2001-12-06,79,52,0,131
2001-12-07,70,44,0,114
2001-12-08,82,54,0,136
2001-12-09,66,42,0,108
2001-12-10,70,40,0,110
2001-12-11,75,83,0,158
2001-12-12,67,49,0,116
2001-12-13,70,53,0,123
2001-12-14,77,41,0,118
2001-12-15,82,43,0,125
2001-12-16,63,50,0,113
2001-12-17,74,38,0,112
2001-12-18,55,53,0,108
2001-12-19,85,31,0,116
2001-12-20,56,45,0,101
2001-12-21,61,48,0,109
2001-12-22,87,41,0,128
2001-12-23,70,37,0,107
2001-12-24,99,51,0,150
2001-12-25,77,43,0,120
2001-12-26,76,45,0,121
2001-12-27,86,50,0,136
2001-12-28,76,39,0,115
2001-12-29,84,42,0,126
2001-12-30,67,51,0,118
2001-12-31,83,53,0,136
2002-01-01,94,44,0,138
2002-01-02,77,45,0,122
2002-01-03,86,56,0,142
2002-01-04,78,35,0,113
2002-01-05,88,57,0,145
2002-01-06,76,52,0,128
2002-01-07,71,36,0,107
2002-01-08,90,45,0,135
2002-01-09,66,36,0,102
2002-01-10,71,38,0,109
2002-01-11,63,51,0,114
2002-01-12,77,52,0,129
2002-01-13,77,53,0,130
2002-01-14,76,48,0,124
2002-01-15,71,51,0,122
2002-01-16,78,47,0,125
2002-01-17,92,56,0,148
2002-01-18,79,53,0,132
2002-01-19,76,59,0,135
2002-01-20,89,40,0,129
2002-01-21,70,37,0,107
2002-01-22,69,53,0,122
2002-01-23,63,49,0,112
2002-01-24,68,43,0,111
2002-01-25,86,41,0,127
2002-01-26,73,34,0,107
2002-01-27,76,48,0,124
2002-01-28,68,36,0,104
2002-01-29,53,47,0,100
2002-01-30,58,49,0,107
2002-01-31,83,42,0,125
2002-02-01,63,38,0,101
2002-02-02,76,39,0,115
2002-02-03,56,38,0,94
2002-02-04,77,52,0,129
2002-02-05,68,46,0,114
2002-02-06,85,50,0,135
2002-02-07,65,44,0,109
2002-02-08,86,54,0,140
2002-02-09,71,38,0,109
2002-02-10,70,44,0,114
2002-02-11,74,36,0,110
2002-02-12,69,42,0,111
2002-02-13,83,50,0,133
2002-02-14,73,39,0,112
2002-02-15,74,42,0,116
2002-02-16,76,38,0,114
2002-02-17,67,46,0,113
2002-02-18,74,47,0,121
2002-02-19,69,50,0,119
2002-02-20,75,50,0,125
2002-02-21,66,48,0,114
2002-02-22,66,47,0,113
2002-02-23,58,43,0,101
2002-02-24,68,48,0,116
2002-02-25,73,37,0,110
2002-02-26,74,50,0,124
2002-02-27,80,49,0,129
2002-02-28,50,30,0,80
2002-03-01,63,34,0,97
2002-03-02,54,35,0,89
2002-03-03,73,37,0,110
2002-03-04,79,46,0,125
2002-03-05,71,52,0,123
2002-03-06,65,44,0,109
2002-03-07,79,40,0,119
2002-03-08,72,46,0,118
2002-03-09,90,32,0,122
2002-03-10,52,37,0,89
2002-03-11,64,42,0,106
2002-03-12,74,44,0,118
2002-03-13,76,57,0,133
2002-03-14,65,50,0,115
2002-03-15,57,38,0,95
2002-03-16,73,41,0,114
2002-03-17,63,38,0,101
2002-03-18,72,42,0,114
2002-03-19,70,37,0,107
2002-03-20,53,40,0,93
2002-03-21,65,46,0,111
2002-03-22,70,41,0,111
2002-03-23,66,51,0,117
2002-03-24,56,45,0,101
2002-03-25,64,47,0,111
2002-03-26,62,46,0,108
2002-03-27,60,61,0,121
2002-03-28,55,32,0,87
2002-03-29,73,33,0,106
2002-03-30,54,41,0,95
2002-03-31,54,48,0,102
2002-04-01,72,46,0,118
2002-04-02,53,38,0,91
2002-04-03,64,54,0,118
2002-04-04,53,52,0,105
2002-04-05,56,40,0,96
2002-04-06,58,43,0,101
2002-04-07,74,44,0,118
2002-04-08,75,41,0,116
2002-04-09,78,56,0,134
2002-04-10,62,38,0,100
2002-04-11,65,35,0,100
2002-04-12,67,41,0,108
2002-04-13,58,37,0,95
2002-04-14,61,39,0,100
2002-04-15,73,41,0,114
2002-04-16,61,32,0,93
2002-04-17,64,37,0,101
2002-04-18,70,48,0,118
2002-04-19,77,45,0,122
2002-04-20,61,38,0,99
2002-04-21,64,48,0,112
2002-04-22,60,34,0,94
2002-04-23,80,37,0,117
2002-04-24,57,28,0,85
2002-04-25,55,52,0,107
2002-04-26,55,37,0,92
2002-04-27,53,40,0,93
2002-04-28,53,35,0,88
2002-04-29,55,46,0,101
2002-04-30,58,47,0,105
2002-05-01,62,43,0,105
2002-05-02,78,68,0,146
2002-05-03,70,42,0,112
2002-05-04,72,39,0,111
2002-05-05,73,40,0,113
2002-05-06,59,45,0,104
2002-05-07,75,33,0,108
2002-05-08,69,61,0,130
2002-05-09,77,56,0,133
2002-05-10,78,48,0,126
2002-05-11,69,47,0,116
2002-05-12,83,66,0,149
2002-05-13,101,73,0,174
2002-05-14,80,62,0,142
2002-05-15,81,64,0,145
2002-05-16,74,39,0,113
2002-05-17,65,52,0,117
2002-05-18,60,41,0,101
2002-05-19,93,53,0,146
2002-05-20,95,64,0,159
2002-05-21,95,60,0,155
2002-05-22,83,40,0,123
2002-05-23,57,47,0,104
2002-05-24,81,57,0,138
2002-05-25,76,45,0,121
2002-05-26,67,31,0,98
2002-05-27,81,34,0,115
2002-05-28,68,40,0,108
2002-05-29,71,30,0,101
2002-05-30,78,36,0,114
2002-05-31,59,38,0,97
2002-06-01,55,37,0,92
2002-06-02,49,40,0,89
2002-06-03,64,55,0,119
2002-06-04,69,46,0,115
2002-06-05,76,39,0,115
2002-06-06,66,28,0,94
2002-06-07,59,39,0,98
2002-06-08,59,49,0,108
2002-06-09,0,34,0,34
2002-06-10,50,41,0,91
2002-06-11,63,42,0,105
2002-06-12,53,42,0,95
2002-06-13,70,40,0,110
2002-06-14,81,43,0,124
2002-06-15,61,44,0,105
2002-06-16,53,43,0,96
2002-06-17,73,47,0,120
2002-06-18,63,26,0,89
2002-06-19,60,35,0,95
2002-06-20,54,29,0,83
2002-06-21,83,34,0,117
2002-06-22,61,29,0,90
2002-06-23,54,35,0,89
2002-06-24,69,41,0,110
2002-06-25,59,30,0,89
2002-06-26,72,39,0,111
2002-06-27,66,45,0,111
2002-06-28,72,34,0,106
2002-06-29,78,44,0,122
2002-06-30,68,50,0,118
2002-07-01,81,45,0,126
2002-07-02,65,53,0,118
2002-07-03,71,53,0,124
2002-07-04,72,45,0,117
2002-07-05,76,49,0,125
2002-07-06,67,47,0,114
2002-07-07,74,42,0,116
2002-07-08,61,44,0,105
2002-07-09,63,45,0,108
2002-07-10,89,46,0,135
2002-07-11,77,39,0,116
2002-07-12,67,48,0,115
2002-07-13,53,38,0,91
2002-07-14,74,51,0,125
2002-07-15,74,37,0,111
2002-07-16,55,36,0,91
2002-07-17,68,33,0,101
2002-07-18,60,43,0,103
2002-07-19,60,35,0,95
2002-07-20,62,40,0,102
2002-07-21,55,29,0,84
2002-07-22,56,42,0,98
2002-07-23,54,33,0,87
2002-07-24,47,39,0,86
2002-07-25,42,39,0,81
2002-07-26,48,0,0,48
2002-07-27,60,29,0,89
2002-07-28,59,30,0,89
2002-07-29,52,36,0,88
2002-07-30,63,30,0,93
2002-07-31,51,35,0,86
2002-08-01,56,44,0,100
2002-08-02,65,44,0,109
2002-08-03,50,38,0,88
2002-08-04,60,43,0,103
2002-08-05,53,34,0,87
2002-08-06,55,41,0,96
2002-08-07,61,33,0,94
2002-08-08,65,34,0,99
2002-08-09,61,42,0,103
2002-08-10,60,36,0,96
2002-08-11,48,29,0,77
2002-08-12,71,40,0,111
2002-08-13,75,51,0,126
2002-08-14,55,28,0,83
2002-08-15,70,33,0,103
2002-08-16,60,41,0,101
2002-08-17,60,23,0,83
2002-08-18,54,41,0,95
2002-08-19,65,44,0,109
2002-08-20,58,32,0,90
2002-08-21,57,50,0,107
2002-08-22,70,47,0,117
2002-08-23,52,37,0,89
2002-08-24,71,45,0,116
2002-08-25,44,42,0,86
2002-08-26,58,38,0,96
2002-08-27,48,35,0,83
2002-08-28,63,32,0,95
2002-08-29,57,49,0,106
2002-08-30,62,33,0,95
2002-08-31,63,46,0,109
2002-09-01,68,34,0,102
2002-09-02,67,39,0,106
2002-09-03,55,38,0,93
2002-09-04,64,38,0,102
2002-09-05,76,29,0,105
2002-09-06,52,40,0,92
2002-09-07,60,38,0,98
2002-09-08,60,33,0,93
2002-09-09,51,36,0,87
2002-09-10,63,42,0,105
2002-09-11,79,36,0,115
2002-09-12,44,41,0,85
2002-09-13,57,39,0,96
2002-09-14,71,37,0,108
2002-09-15,67,32,0,99
2002-09-16,65,28,0,93
2002-09-17,73,39,0,112
2002-09-18,83,42,0,125
2002-09-19,59,53,0,112
2002-09-20,59,44,0,103
2002-09-21,49,47,0,96
2002-09-22,63,42,0,105
2002-09-23,56,38,0,94
2002-09-24,59,49,0,108
2002-09-25,78,35,0,113
2002-09-26,50,46,0,96
2002-09-27,55,41,0,96
2002-09-28,66,40,0,106
2002-09-29,73,39,0,112
2002-09-30,66,43,0,109
2002-10-01,67,38,0,105
2002-10-02,55,36,0,91
2002-10-03,50,38,0,88
2002-10-04,67,39,0,106
2002-10-05,64,26,0,90
2002-10-06,62,31,0,93
2002-10-07,50,35,0,85
2002-10-08,49,24,0,73
2002-10-09,40,35,0,75
2002-10-10,64,33,0,97
2002-10-11,48,35,0,83
2002-10-12,43,35,0,78
2002-10-13,61,43,0,104
2002-10-14,63,33,0,96
2002-10-15,72,40,0,112
2002-10-16,72,55,0,127
2002-10-17,58,49,0,107
2002-10-18,47,30,0,77
2002-10-19,49,39,0,88
2002-10-20,52,34,0,86
2002-10-21,60,52,0,112
2002-10-22,56,29,0,85
2002-10-23,54,30,0,84
2002-10-24,56,38,0,94
2002-10-25,52,37,0,89
2002-10-26,71,49,0,120
2002-10-27,71,40,0,111
2002-10-28,77,50,0,127
2002-10-29,50,47,0,97
2002-10-30,67,42,0,109
2002-10-31,60,46,0,106
2002-11-01,54,33,0,87
2002-11-02,84,40,0,124
2002-11-03,59,43,0,102
2002-11-04,80,51,0,131
2002-11-05,71,52,0,123
2002-11-06,80,46,0,126
2002-11-07,80,51,0,131
2002-11-08,49,37,0,86
2002-11-09,82,43,0,125
2002-11-10,70,48,0,118
2002-11-11,79,31,0,110
2002-11-12,85,43,0,128
2002-11-13,81,64,0,145
2002-11-14,92,48,0,140
2002-11-15,94,46,0,140
2002-11-16,100,39,0,139
2002-11-17,76,56,0,132
2002-11-18,81,59,0,140
2002-11-19,83,35,0,118
2002-11-20,79,65,0,144
2002-11-21,87,48,0,135
2002-11-22,77,47,0,124
2002-11-23,81,51,0,132
2002-11-24,81,47,0,128
2002-11-25,90,61,0,151
2002-11-26,77,44,0,121
2002-11-27,96,54,0,150
2002-11-28,87,50,0,137
2002-11-29,66,39,0,105
2002-11-30,76,51,0,127
2002-12-01,62,45,0,107
2002-12-02,82,47,0,129
2002-12-03,65,42,0,107
2002-12-04,67,47,0,114
2002-12-05,73,48,0,121
2002-12-06,75,46,0,121
2002-12-07,85,40,0,125
2002-12-08,74,30,0,104
2002-12-09,86,49,0,135
2002-12-10,0,52,0,52
2002-12-11,88,47,0,135
2002-12-12,68,42,0,110
2002-12-13,76,42,0,118
2002-12-14,79,51,0,130
2002-12-15,68,45,0,113
2002-12-16,74,52,0,126
2002-12-17,64,45,0,109
2002-12-18,77,38,0,115
2002-12-19,80,41,0,121
2002-12-20,56,55,0,111
2002-12-21,77,41,0,118
2002-12-22,50,43,0,93
2002-12-23,74,48,0,122
2002-12-24,74,45,0,119
2002-12-25,68,56,0,124
2002-12-26,74,67,0,141
2002-12-27,73,39,0,112
2002-12-28,71,56,0,127
2002-12-29,69,39,0,108
2002-12-30,71,60,0,131
2002-12-31,76,42,0,118
2003-01-01,77,46,0,123
2003-01-02,77,68,0,145
2003-01-03,87,54,0,141
2003-01-04,67,57,0,124
2003-01-05,81,58,0,139
2003-01-06,93,51,0,144
2003-01-07,69,53,0,122
2003-01-08,71,41,0,112
2003-01-09,84,53,0,137
2003-01-10,95,65,0,160
2003-01-11,68,50,0,118
2003-01-12,86,54,0,140
2003-01-13,81,49,0,130
2003-01-14,76,71,0,147
2003-01-15,66,55,0,121
2003-01-16,75,48,0,123
2003-01-17,73,67,0,140
2003-01-18,85,58,0,143
2003-01-19,75,53,0,128
2003-01-20,84,56,0,140
2003-01-21,72,45,0,117
2003-01-22,106,47,0,153
2003-01-23,77,43,0,120
2003-01-24,80,47,0,127
2003-01-25,80,50,0,130
2003-01-26,67,40,0,107
2003-01-27,82,44,0,126
2003-01-28,78,58,0,136
2003-01-29,74,71,0,145
2003-01-30,92,51,0,143
2003-01-31,68,76,0,144
2003-02-01,91,62,0,153
2003-02-02,88,63,0,151
2003-02-03,69,48,0,117
2003-02-04,101,56,0,157
2003-02-05,75,60,0,135
2003-02-06,65,49,0,114
2003-02-07,61,56,0,117
2003-02-08,90,43,0,133
2003-02-09,91,49,0,140
2003-02-10,79,41,0,120
2003-02-11,70,40,0,110
2003-02-12,67,55,0,122
2003-02-13,74,54,0,128
2003-02-14,80,54,0,134
2003-02-15,84,52,0,136
2003-02-16,84,45,0,129
2003-02-17,79,39,0,118
2003-02-18,60,59,0,119
2003-02-19,73,45,0,118
2003-02-20,70,26,0,96
2003-02-21,60,43,0,103
2003-02-22,82,40,0,122
2003-02-23,48,48,0,96
2003-02-24,72,42,0,114
2003-02-25,71,49,0,120
2003-02-26,71,28,0,99
2003-02-27,57,51,0,108
2003-02-28,67,41,0,108
2003-03-01,62,54,0,116
2003-03-02,71,42,0,113
2003-03-03,75,44,0,119
2003-03-04,59,47,0,106
2003-03-05,53,49,0,102
2003-03-06,69,43,0,112
2003-03-07,79,51,0,130
2003-03-08,74,36,0,110
2003-03-09,70,37,0,107
2003-03-10,64,34,0,98
2003-03-11,61,53,0,114
2003-03-12,62,39,0,101
2003-03-13,71,55,0,126
2003-03-14,58,50,0,108
2003-03-15,89,40,0,129
2003-03-16,74,32,0,106
2003-03-17,87,41,0,128
2003-03-18,65,46,0,111
2003-03-19,66,43,0,109
2003-03-20,77,37,0,114
2003-03-21,74,53,0,127
2003-03-22,76,41,0,117
2003-03-23,63,47,0,110
2003-03-24,88,51,0,139
2003-03-25,85,42,0,127
2003-03-26,58,47,0,105
2003-03-27,92,37,0,129
2003-03-28,68,55,0,123
2003-03-29,63,37,0,100
2003-03-30,74,36,0,110
2003-03-31,62,44,0,106
2003-04-01,69,36,0,105
2003-04-02,73,53,0,126
2003-04-03,92,51,0,143
2003-04-04,84,41,0,125
2003-04-05,79,49,0,128
2003-04-06,72,44,0,116
2003-04-07,79,48,0,127
2003-04-08,73,49,0,122
2003-04-09,71,45,0,116
2003-04-10,78,39,0,117
2003-04-11,66,43,0,109
2003-04-12,58,37,0,95
2003-04-13,88,48,0,136
2003-04-14,62,34,0,96
2003-04-15,64,39,0,103
2003-04-16,61,50,0,111
2003-04-17,79,45,0,124
2003-04-18,79,59,0,138
2003-04-19,61,49,0,110
2003-04-20,71,40,0,111
2003-04-21,75,56,0,131
2003-04-22,74,48,0,122
2003-04-23,65,43,0,108
2003-04-24,75,38,0,113
2003-04-25,76,39,0,115
2003-04-26,67,35,0,102
2003-04-27,55,44,0,99
2003-04-28,57,41,0,98
2003-04-29,71,36,0,107
2003-04-30,65,58,0,123
2003-05-01,74,31,0,105
2003-05-02,82,62,0,144
2003-05-03,83,55,0,138
2003-05-04,89,45,0,134
2003-05-05,86,54,0,140
2003-05-06,81,45,0,126
2003-05-07,79,63,0,142
2003-05-08,86,59,0,145
2003-05-09,100,54,0,154
2003-05-10,81,53,0,134
2003-05-11,81,50,0,131
2003-05-12,84,45,0,129
2003-05-13,52,50,0,102
2003-05-14,71,46,0,117
2003-05-15,79,49,0,128
2003-05-16,84,55,0,139
2003-05-17,86,54,0,140
2003-05-18,91,66,0,157
2003-05-19,104,58,0,162
2003-05-20,86,62,0,148
2003-05-21,115,75,0,190
2003-05-22,92,79,0,171
2003-05-23,120,72,0,192
2003-05-24,108,74,0,182
2003-05-25,107,61,0,168
2003-05-26,86,67,0,153
2003-05-27,83,49,0,132
2003-05-28,94,59,0,153
2003-05-29,98,64,0,162
2003-05-30,123,82,0,205
2003-05-31,115,103,0,218
2003-06-01,111,87,0,198
2003-06-02,112,78,0,190
2003-06-03,85,60,0,145
2003-06-04,90,56,0,146
2003-06-05,97,61,0,158
2003-06-06,109,67,0,176
2003-06-07,81,67,0,148
2003-06-08,67,47,0,114
2003-06-09,75,51,0,126
2003-06-10,74,48,0,122
2003-06-11,74,39,0,113
2003-06-12,74,50,0,124
2003-06-13,80,56,0,136
2003-06-14,58,59,0,117
2003-06-15,67,46,0,113
2003-06-16,71,41,0,112
2003-06-17,77,48,0,125
2003-06-18,83,26,0,109
2003-06-19,61,41,0,102
2003-06-20,104,61,0,165
2003-06-21,106,58,0,164
2003-06-22,83,47,0,130
2003-06-23,72,62,0,134
2003-06-24,69,48,0,117
2003-06-25,56,55,0,111
2003-06-26,90,35,0,125
2003-06-27,69,51,0,120
2003-06-28,75,43,0,118
2003-06-29,63,27,0,90
2003-06-30,49,44,0,93
2003-07-01,68,41,0,109
2003-07-02,72,45,0,117
2003-07-03,41,42,0,83
2003-07-04,72,36,0,108
2003-07-05,71,37,0,108
2003-07-06,62,43,0,105
2003-07-07,85,49,0,134
2003-07-08,65,51,0,116
2003-07-09,56,41,0,97
2003-07-10,64,55,0,119
2003-07-11,50,26,0,76
2003-07-12,50,44,0,94
2003-07-13,69,59,0,128
2003-07-14,85,41,0,126
2003-07-15,66,39,0,105
2003-07-16,63,47,0,110
2003-07-17,76,51,0,127
2003-07-18,58,33,0,91
2003-07-19,65,46,0,111
2003-07-20,65,32,0,97
2003-07-21,57,40,0,97
2003-07-22,59,44,0,103
2003-07-23,55,54,0,109
2003-07-24,73,59,0,132
2003-07-25,69,39,0,108
2003-07-26,90,48,0,138
2003-07-27,90,48,0,138
2003-07-28,72,61,0,133
2003-07-29,68,44,0,112
2003-07-30,68,36,0,104
2003-07-31,63,43,0,106
2003-08-01,71,29,0,100
2003-08-02,69,34,0,103
2003-08-03,75,47,0,122
2003-08-04,87,49,0,136
2003-08-05,71,51,0,122
2003-08-06,63,41,0,104
2003-08-07,64,52,0,116
2003-08-08,69,54,0,123
2003-08-09,83,49,0,132
2003-08-10,76,53,0,129
2003-08-11,89,31,0,120
2003-08-12,66,43,0,109
2003-08-13,70,26,0,96
2003-08-14,64,46,0,110
2003-08-15,60,59,0,119
2003-08-16,59,60,0,119
2003-08-17,77,47,0,124
2003-08-18,87,50,0,137
2003-08-19,74,52,0,126
2003-08-20,57,47,0,104
2003-08-21,78,48,0,126
2003-08-22,80,52,0,132
2003-08-23,69,45,0,114
2003-08-24,68,47,0,115
2003-08-25,73,55,0,128
2003-08-26,71,53,0,124
2003-08-27,76,53,0,129
2003-08-28,56,48,0,104
2003-08-29,87,56,0,143
2003-08-30,74,48,0,122
2003-08-31,72,44,0,116
2003-09-01,66,38,0,104
2003-09-02,69,47,0,116
2003-09-03,83,62,0,145
2003-09-04,71,48,0,119
2003-09-05,79,59,0,138
2003-09-06,72,53,0,125
2003-09-07,77,39,0,116
2003-09-08,84,47,0,131
2003-09-09,90,53,0,143
2003-09-10,81,51,0,132
2003-09-11,72,44,0,116
2003-09-12,56,52,0,108
2003-09-13,57,43,0,100
2003-09-14,54,49,0,103
2003-09-15,79,64,0,143
2003-09-16,79,42,0,121
2003-09-17,54,56,0,110
2003-09-18,62,44,0,106
2003-09-19,94,44,0,138
2003-09-20,91,51,0,142
2003-09-21,66,49,0,115
2003-09-22,80,28,0,108
2003-09-23,65,49,0,114
2003-09-24,66,36,0,102
2003-09-25,69,55,0,124
2003-09-26,75,45,0,120
2003-09-27,66,37,0,103
2003-09-28,67,31,0,98
2003-09-29,72,41,0,113
2003-09-30,57,30,0,87
2003-10-01,90,51,0,141
2003-10-02,73,36,0,109
2003-10-03,54,52,0,106
2003-10-04,77,43,0,120
2003-10-05,75,42,0,117
2003-10-06,70,45,0,115
2003-10-07,72,53,0,125
2003-10-08,70,40,0,110
2003-10-09,76,35,0,111
2003-10-10,85,46,0,131
2003-10-11,55,37,0,92
2003-10-12,72,50,0,122
2003-10-13,72,38,0,110
2003-10-14,57,44,0,101
2003-10-15,74,46,0,120
2003-10-16,59,36,0,95
2003-10-17,45,45,0,90
2003-10-18,59,46,0,105
2003-10-19,52,38,0,90
2003-10-20,60,37,0,97
2003-10-21,64,43,0,107
2003-10-22,72,50,0,122
2003-10-23,46,35,0,81
2003-10-24,77,45,0,122
2003-10-25,88,55,0,143
2003-10-26,72,52,0,124
2003-10-27,74,40,0,114
2003-10-28,70,41,0,111
2003-10-29,83,43,0,126
2003-10-30,52,52,0,104
2003-10-31,75,40,0,115
2003-11-01,57,31,0,88
2003-11-02,64,47,0,111
2003-11-03,94,55,0,149
2003-11-04,75,47,0,122
2003-11-05,77,49,0,126
2003-11-06,76,45,0,121
2003-11-07,72,41,0,113
2003-11-08,55,54,0,109
2003-11-09,59,46,0,105
2003-11-10,78,56,0,134
2003-11-11,75,54,0,129
2003-11-12,74,49,0,123
2003-11-13,58,49,0,107
2003-11-14,89,48,0,137
2003-11-15,54,36,0,90
2003-11-16,65,40,0,105
2003-11-17,70,41,0,111
2003-11-18,68,32,0,100
2003-11-19,74,51,0,125
2003-11-20,59,32,0,91
2003-11-21,73,42,0,115
2003-11-22,69,37,0,106
2003-11-23,80,45,0,125
2003-11-24,68,44,0,112
2003-11-25,76,40,0,116
2003-11-26,61,49,0,110
2003-11-27,65,43,0,108
2003-11-28,69,62,0,131
2003-11-29,74,40,0,114
2003-11-30,65,43,0,108
2003-12-01,63,40,0,103
2003-12-02,57,38,0,95
2003-12-03,76,49,0,125
2003-12-04,63,38,0,101
2003-12-05,44,48,0,92
2003-12-06,60,42,0,102
2003-12-07,67,48,0,115
2003-12-08,71,50,0,121
2003-12-09,66,40,0,106
2003-12-10,69,49,0,118
2003-12-11,73,63,0,136
2003-12-12,57,54,0,111
2003-12-13,89,49,0,138
2003-12-14,67,34,0,101
2003-12-15,63,42,0,105
2003-12-16,71,50,0,121
2003-12-17,54,49,0,103
2003-12-18,78,57,0,135
2003-12-19,73,47,0,120
2003-12-20,56,39,0,95
2003-12-21,72,40,0,112
2003-12-22,76,34,0,110
2003-12-23,72,45,0,117
2003-12-24,54,36,0,90
2003-12-25,73,45,0,118
2003-12-26,66,39,0,105
2003-12-27,57,50,0,107
2003-12-28,67,41,0,108
2003-12-29,52,45,0,97
2003-12-30,50,44,0,94
2003-12-31,75,51,0,126
2004-01-01,71,40,0,111
2004-01-02,75,45,0,120
2004-01-03,70,48,0,118
2004-01-04,69,55,0,124
2004-01-05,58,49,0,107
2004-01-06,86,45,0,131
2004-01-07,73,39,0,112
2004-01-08,66,43,0,109
2004-01-09,67,55,0,122
2004-01-10,60,43,0,103
2004-01-11,72,56,0,128
2004-01-12,61,43,0,104
2004-01-13,74,54,0,128
2004-01-14,79,50,0,129
2004-01-15,72,60,0,132
2004-01-16,64,45,0,109
2004-01-17,65,52,0,117
2004-01-18,73,53,0,126
2004-01-19,70,56,0,126
2004-01-20,67,41,0,108
2004-01-21,79,56,0,135
2004-01-22,76,49,0,125
2004-01-23,67,46,0,113
2004-01-24,63,41,0,104
2004-01-25,63,46,0,109
2004-01-26,67,41,0,108
2004-01-27,75,43,0,118
2004-01-28,64,39,0,103
2004-01-29,72,51,0,123
2004-01-30,63,36,0,99
2004-01-31,77,37,0,114
2004-02-01,54,53,0,107
2004-02-02,66,45,0,111
2004-02-03,63,51,0,114
2004-02-04,70,38,0,108
2004-02-05,63,55,0,118
2004-02-06,68,49,0,117
2004-02-07,63,47,0,110
2004-02-08,60,41,0,101
2004-02-09,66,42,0,108
2004-02-10,72,47,0,119
2004-02-11,55,48,0,103
2004-02-12,69,41,0,110
2004-02-13,52,43,0,95
2004-02-14,65,38,0,103
2004-02-15,80,52,0,132
2004-02-16,69,49,0,118
2004-02-17,74,39,0,113
2004-02-18,72,54,0,126
2004-02-19,64,51,0,115
2004-02-20,64,53,0,117
2004-02-21,73,40,0,113
2004-02-22,54,38,0,92
2004-02-23,62,49,0,111
2004-02-24,70,40,0,110
2004-02-25,48,49,0,97
2004-02-26,55,45,0,100
2004-02-27,65,43,0,108
2004-02-28,70,43,0,113
2004-02-29,74,48,0,122
2004-03-01,60,50,0,110
2004-03-02,50,56,0,106
2004-03-03,72,56,0,128
2004-03-04,73,36,0,109
2004-03-05,63,53,0,116
2004-03-06,64,55,0,119
2004-03-07,66,39,0,105
2004-03-08,77,57,0,134
2004-03-09,64,42,0,106
2004-03-10,63,44,0,107
2004-03-11,70,54,0,124
2004-03-12,62,58,0,120
2004-03-13,54,62,0,116
2004-03-14,56,50,0,106
2004-03-15,53,41,0,94
2004-03-16,60,54,0,114
2004-03-17,78,51,0,129
2004-03-18,68,47,0,115
2004-03-19,53,35,0,88
2004-03-20,64,40,0,104
2004-03-21,60,43,0,103
2004-03-22,68,37,0,105
2004-03-23,55,47,0,102
2004-03-24,49,51,0,100
2004-03-25,38,45,0,83
2004-03-26,65,39,0,104
2004-03-27,60,51,0,111
2004-03-28,70,38,0,108
2004-03-29,54,39,0,93
2004-03-30,54,41,0,95
2004-03-31,62,52,0,114
2004-04-01,46,32,0,78
2004-04-02,69,41,0,110
2004-04-03,54,46,0,100
2004-04-04,51,44,0,95
2004-04-05,58,40,0,98
2004-04-06,79,30,0,109
2004-04-07,77,42,0,119
2004-04-08,69,49,0,118
2004-04-09,60,40,0,100
2004-04-10,57,44,0,101
2004-04-11,57,53,0,110
2004-04-12,41,34,0,75
2004-04-13,51,40,0,91
2004-04-14,49,54,0,103
2004-04-15,67,44,0,111
2004-04-16,57,62,0,119
2004-04-17,77,50,0,127
2004-04-18,67,51,0,118
2004-04-19,61,52,0,113
2004-04-20,64,32,0,96
2004-04-21,51,49,0,100
2004-04-22,54,43,0,97
2004-04-23,49,49,0,98
2004-04-24,44,38,0,82
2004-04-25,66,47,0,113
2004-04-26,54,46,0,100
2004-04-27,59,56,0,115
2004-04-28,52,55,0,107
2004-04-29,60,38,0,98
2004-04-30,56,41,0,97
2004-05-01,58,62,0,120
2004-05-02,75,33,0,108
2004-05-03,42,52,0,94
2004-05-04,58,38,0,96
2004-05-05,57,38,0,95
2004-05-06,69,38,0,107
2004-05-07,66,47,0,113
2004-05-08,70,35,0,105
2004-05-09,60,49,0,109
2004-05-10,90,39,0,129
2004-05-11,71,59,0,130
2004-05-12,79,51,0,130
2004-05-13,83,51,0,134
2004-05-14,78,54,0,132
2004-05-15,74,44,0,118
2004-05-16,72,48,0,120
2004-05-17,61,41,0,102
2004-05-18,81,40,0,121
2004-05-19,83,52,0,135
2004-05-20,77,56,0,133
2004-05-21,92,57,0,149
2004-05-22,67,50,0,117
2004-05-23,68,46,0,114
2004-05-24,64,47,0,111
2004-05-25,74,45,0,119
2004-05-26,90,57,0,147
2004-05-27,59,43,0,102
2004-05-28,60,43,0,103
2004-05-29,93,42,0,135
2004-05-30,68,47,0,115
2004-05-31,49,51,0,100
2004-06-01,76,51,0,127
2004-06-02,77,46,0,123
2004-06-03,56,61,0,117
2004-06-04,64,57,0,121
2004-06-05,54,44,0,98
2004-06-06,69,39,0,108
2004-06-07,75,60,0,135
2004-06-08,75,62,0,137
2004-06-09,60,35,0,95
2004-06-10,68,53,0,121
2004-06-11,58,48,0,106
2004-06-12,69,57,0,126
2004-06-13,59,31,0,90
2004-06-14,61,45,0,106
2004-06-15,75,58,0,133
2004-06-16,70,48,0,118
2004-06-17,52,50,0,102
2004-06-18,79,59,0,138
2004-06-19,67,55,0,122
2004-06-20,62,49,0,111
2004-06-21,70,48,0,118
2004-06-22,58,39,0,97
2004-06-23,79,56,0,135
2004-06-24,80,51,0,131
2004-06-25,69,42,0,111
2004-06-26,64,58,0,122
2004-06-27,58,40,0,98
2004-06-28,66,36,0,102
2004-06-29,57,39,0,96
2004-06-30,64,44,0,108
2004-07-01,58,35,0,93
2004-07-02,80,38,0,118
2004-07-03,65,46,0,111
2004-07-04,67,35,0,102
2004-07-05,72,37,0,109
2004-07-06,60,38,0,98
2004-07-07,52,47,0,99
2004-07-08,71,40,0,111
2004-07-09,65,36,0,101
2004-07-10,46,31,0,77
2004-07-11,52,41,0,93
2004-07-12,59,40,0,99
2004-07-13,50,35,0,85
2004-07-14,71,54,0,125
2004-07-15,58,33,0,91
2004-07-16,68,42,0,110
2004-07-17,56,40,0,96
2004-07-18,71,28,0,99
2004-07-19,57,45,0,102
2004-07-20,52,30,0,82
2004-07-21,51,46,0,97
2004-07-22,54,41,0,95
2004-07-23,50,34,0,84
2004-07-24,56,23,0,79
2004-07-25,63,30,0,93
2004-07-26,52,35,0,87
2004-07-27,51,40,0,91
2004-07-28,47,42,0,89
2004-07-29,58,52,0,110
2004-07-30,69,35,0,104
2004-07-31,69,46,0,115
2004-08-01,55,37,0,92
2004-08-02,70,38,0,108
2004-08-03,63,49,0,112
2004-08-04,82,37,0,119
2004-08-05,67,47,0,114
2004-08-06,64,45,0,109
2004-08-07,55,27,0,82
2004-08-08,50,41,0,91
2004-08-09,61,42,0,103
2004-08-10,60,55,0,115
2004-08-11,63,44,0,107
2004-08-12,89,48,0,137
2004-08-13,66,55,0,121
2004-08-14,68,52,0,120
2004-08-15,63,57,0,120
2004-08-16,71,42,0,113
2004-08-17,58,43,0,101
2004-08-18,67,47,0,114
2004-08-19,58,51,0,109
2004-08-20,66,43,0,109
2004-08-21,58,47,0,105
2004-08-22,59,48,0,107
2004-08-23,69,38,0,107
2004-08-24,74,55,0,129
2004-08-25,77,56,0,133
2004-08-26,60,34,0,94
2004-08-27,64,40,0,104
2004-08-28,61,44,0,105
2004-08-29,49,36,0,85
2004-08-30,73,45,0,118
2004-08-31,45,44,0,89
2004-09-01,52,40,0,92
2004-09-02,54,43,0,97
2004-09-03,61,48,0,109
2004-09-04,49,41,0,90
2004-09-05,49,35,0,84
2004-09-06,53,46,0,99
2004-09-07,51,35,0,86
2004-09-08,60,33,0,93
2004-09-09,46,44,0,90
2004-09-10,64,43,0,107
2004-09-11,58,32,0,90
2004-09-12,79,38,0,117
2004-09-13,57,38,0,95
2004-09-14,89,48,0,137
2004-09-15,62,39,0,101
2004-09-16,60,41,0,101
2004-09-17,68,33,0,101
2004-09-18,58,43,0,101
2004-09-19,53,50,0,103
2004-09-20,52,37,0,89
2004-09-21,58,29,0,87
2004-09-22,61,38,0,99
2004-09-23,69,46,0,115
2004-09-24,55,28,0,83
2004-09-25,54,31,0,85
2004-09-26,51,50,0,101
2004-09-27,75,54,0,129
2004-09-28,71,29,0,100
2004-09-29,71,46,0,117
2004-09-30,68,55,0,123
2004-10-01,65,38,0,103
2004-10-02,52,44,0,96
2004-10-03,59,42,0,101
2004-10-04,64,47,0,111
2004-10-05,67,52,0,119
2004-10-06,77,45,0,122
2004-10-07,77,50,0,127
2004-10-08,61,52,0,113
2004-10-09,73,54,0,127
2004-10-10,90,78,0,168
2004-10-11,72,53,0,125
2004-10-12,76,40,0,116
2004-10-13,70,67,0,137
2004-10-14,70,50,0,120
2004-10-15,74,46,0,120
2004-10-16,55,46,0,101
2004-10-17,57,35,0,92
2004-10-18,49,49,0,98
2004-10-19,56,36,0,92
2004-10-20,75,50,0,125
2004-10-21,70,45,0,115
2004-10-22,69,51,0,120
2004-10-23,76,39,0,115
2004-10-24,61,45,0,106
2004-10-25,75,48,0,123
2004-10-26,73,52,0,125
2004-10-27,59,52,0,111
2004-10-28,81,46,0,127
2004-10-29,64,42,0,106
2004-10-30,68,38,0,106
2004-10-31,90,46,0,136
2004-11-01,89,52,0,141
2004-11-02,83,56,0,139
2004-11-03,73,72,0,145
2004-11-04,73,68,0,141
2004-11-05,82,55,0,137
2004-11-06,90,56,0,146
2004-11-07,91,54,0,145
2004-11-08,86,61,0,147
2004-11-09,81,63,0,144
2004-11-10,82,56,0,138
2004-11-11,80,62,0,142
2004-11-12,97,51,0,148
2004-11-13,72,67,0,139
2004-11-14,86,64,0,150
2004-11-15,92,62,0,154
2004-11-16,84,50,0,134
2004-11-17,74,44,0,118
2004-11-18,80,58,0,138
2004-11-19,74,41,0,115
2004-11-20,66,54,0,120
2004-11-21,69,60,0,129
2004-11-22,71,71,0,142
2004-11-23,72,56,0,128
2004-11-24,83,44,0,127
2004-11-25,97,62,0,159
2004-11-26,81,56,0,137
2004-11-27,71,57,0,128
2004-11-28,70,42,0,112
2004-11-29,67,48,0,115
2004-11-30,80,43,0,123
2004-12-01,77,49,0,126
2004-12-02,90,41,0,131
2004-12-03,54,50,0,104
2004-12-04,77,42,0,119
2004-12-05,97,65,0,162
2004-12-06,78,49,0,127
2004-12-07,86,60,0,146
2004-12-08,70,54,0,124
2004-12-09,70,42,0,112
2004-12-10,65,49,0,114
2004-12-11,75,52,0,127
2004-12-12,84,43,0,127
2004-12-13,62,52,0,114
2004-12-14,67,53,0,120
2004-12-15,79,44,0,123
2004-12-16,61,46,0,107
2004-12-17,69,56,0,125
2004-12-18,95,75,0,170
2004-12-19,74,44,0,118
2004-12-20,75,49,0,124
2004-12-21,74,65,0,139
2004-12-22,76,44,0,120
2004-12-23,69,47,0,116
2004-12-24,76,54,0,130
2004-12-25,71,65,0,136
2004-12-26,177,131,0,308
2004-12-27,72,60,0,132
2004-12-28,60,47,0,107
2004-12-29,78,61,0,139
2004-12-30,70,46,0,116
2004-12-31,87,45,0,132
2005-01-01,68,45,0,113
2005-01-02,88,41,0,129
2005-01-03,67,45,0,112
2005-01-04,62,54,0,116
2005-01-05,53,58,0,111
2005-01-06,82,57,0,139
2005-01-07,60,48,0,108
2005-01-08,60,63,0,123
2005-01-09,74,61,0,135
2005-01-10,69,53,0,122
2005-01-11,67,47,0,114
2005-01-12,71,45,0,116
2005-01-13,84,40,0,124
2005-01-14,65,46,0,111
2005-01-15,74,57,0,131
2005-01-16,77,46,0,123
2005-01-17,85,59,0,144
2005-01-18,66,51,0,117
2005-01-19,72,51,0,123
2005-01-20,72,45,0,117
2005-01-21,60,55,0,115
2005-01-22,63,48,0,111
2005-01-23,68,34,0,102
2005-01-24,73,55,0,128
2005-01-25,58,48,0,106
2005-01-26,75,34,0,109
2005-01-27,65,53,0,118
2005-01-28,64,43,0,107
2005-01-29,77,40,0,117
2005-01-30,68,38,0,106
2005-01-31,76,57,0,133
2005-02-01,73,33,0,106
2005-02-02,55,42,0,97
2005-02-03,60,53,0,113
2005-02-04,70,65,0,135
2005-02-05,62,36,0,98
2005-02-06,75,55,0,130
2005-02-07,64,52,0,116
2005-02-08,62,44,0,106
2005-02-09,82,53,0,135
2005-02-10,70,51,0,121
2005-02-11,72,54,0,126
2005-02-12,67,52,0,119
2005-02-13,68,40,0,108
2005-02-14,86,39,0,125
2005-02-15,70,60,0,130
2005-02-16,83,57,0,140
2005-02-17,85,50,0,135
2005-02-18,62,50,0,112
2005-02-19,76,44,0,120
2005-02-20,68,47,0,115
2005-02-21,74,46,0,120
2005-02-22,65,50,0,115
2005-02-23,64,42,0,106
2005-02-24,64,56,0,120
2005-02-25,56,55,0,111
2005-02-26,81,48,0,129
2005-02-27,68,51,0,119
2005-02-28,74,47,0,121
2005-03-01,85,45,0,130
2005-03-02,55,44,0,99
2005-03-03,73,36,0,109
2005-03-04,65,55,0,120
2005-03-05,74,48,0,122
2005-03-06,71,55,0,126
2005-03-07,66,56,0,122
2005-03-08,66,45,0,111
2005-03-09,79,37,0,116
2005-03-10,69,47,0,116
2005-03-11,79,42,0,121
2005-03-12,73,32,0,105
2005-03-13,64,49,0,113
2005-03-14,81,36,0,117
2005-03-15,76,60,0,136
2005-03-16,74,60,0,134
2005-03-17,74,55,0,129
2005-03-18,54,38,0,92
2005-03-19,77,56,0,133
2005-03-20,49,46,0,95
2005-03-21,68,52,0,120
2005-03-22,58,41,0,99
2005-03-23,45,38,0,83
2005-03-24,67,42,0,109
2005-03-25,81,56,0,137
2005-03-26,62,44,0,106
2005-03-27,73,44,0,117
2005-03-28,70,38,0,108
2005-03-29,75,43,0,118
2005-03-30,64,51,0,115
2005-03-31,54,41,0,95
2005-04-01,69,53,0,122
2005-04-02,73,55,0,128
2005-04-03,66,55,0,121
2005-04-04,67,38,0,105
2005-04-05,68,42,0,110
2005-04-06,64,40,0,104
2005-04-07,72,41,0,113
2005-04-08,64,36,0,100
2005-04-09,65,40,0,105
2005-04-10,55,52,0,107
2005-04-11,68,43,0,111
2005-04-12,73,41,0,114
2005-04-13,68,42,0,110
2005-04-14,71,40,0,111
2005-04-15,72,54,0,126
2005-04-16,56,41,0,97
2005-04-17,61,49,0,110
2005-04-18,65,48,0,113
2005-04-19,83,38,0,121
2005-04-20,85,31,0,116
2005-04-21,60,45,0,105
2005-04-22,80,56,0,136
2005-04-23,63,44,0,107
2005-04-24,55,60,0,115
2005-04-25,80,48,0,128
2005-04-26,61,39,0,100
2005-04-27,76,51,0,127
2005-04-28,73,60,0,133
2005-04-29,73,65,0,138
2005-04-30,68,54,0,122
2005-05-01,71,38,0,109
2005-05-02,75,43,0,118
2005-05-03,63,42,0,105
2005-05-04,80,38,0,118
2005-05-05,66,52,0,118
2005-05-06,64,47,0,111
2005-05-07,73,55,0,128
2005-05-08,86,63,0,149
2005-05-09,96,52,0,148
2005-05-10,83,62,0,145
2005-05-11,74,67,0,141
2005-05-12,76,65,0,141
2005-05-13,78,66,0,144
2005-05-14,90,71,0,161
2005-05-15,89,56,0,145
2005-05-16,85,72,0,157
2005-05-17,81,73,0,154
2005-05-18,90,69,0,159
2005-05-19,72,56,0,128
2005-05-20,74,56,0,130
2005-05-21,76,60,0,136
2005-05-22,76,47,0,123
2005-05-23,79,51,0,130
2005-05-24,55,49,0,104
2005-05-25,86,68,0,154
2005-05-26,76,52,0,128
2005-05-27,79,65,0,144
2005-05-28,72,38,0,110
2005-05-29,46,40,0,86
2005-05-30,67,55,0,122
2005-05-31,76,43,0,119
2005-06-01,79,70,0,149
2005-06-02,81,58,0,139
2005-06-03,80,60,0,140
2005-06-04,69,64,0,133
2005-06-05,65,52,0,117
2005-06-06,73,57,0,130
2005-06-07,91,49,0,140
2005-06-08,76,61,0,137
2005-06-09,94,54,0,148
2005-06-10,78,51,0,129
2005-06-11,73,58,0,131
2005-06-12,64,52,0,116
2005-06-13,64,60,0,124
2005-06-14,76,63,0,139
2005-06-15,72,68,0,140
2005-06-16,83,75,0,158
2005-06-17,81,77,0,158
2005-06-18,90,71,0,161
2005-06-19,72,92,0,164
2005-06-20,90,67,0,157
2005-06-21,77,53,0,130
2005-06-22,57,55,0,112
2005-06-23,72,41,0,113
2005-06-24,63,48,0,111
2005-06-25,72,34,0,106
2005-06-26,61,34,0,95
2005-06-27,63,52,0,115
2005-06-28,64,51,0,115
2005-06-29,67,44,0,111
2005-06-30,61,54,0,115
2005-07-01,83,52,0,135
2005-07-02,57,46,0,103
2005-07-03,65,48,0,113
2005-07-04,69,48,0,117
2005-07-05,62,33,0,95
2005-07-06,62,53,0,115
2005-07-07,74,48,0,122
2005-07-08,59,41,0,100
2005-07-09,49,48,0,97
2005-07-10,55,30,0,85
2005-07-11,58,47,0,105
2005-07-12,78,51,0,129
2005-07-13,63,49,0,112
2005-07-14,75,52,0,127
2005-07-15,56,51,0,107
2005-07-16,63,41,0,104
2005-07-17,50,58,0,108
2005-07-18,59,36,0,95
2005-07-19,75,49,0,124
2005-07-20,70,41,0,111
2005-07-21,68,40,0,108
2005-07-22,64,46,0,110
2005-07-23,63,35,0,98
2005-07-24,52,27,0,79
2005-07-25,65,41,0,106
2005-07-26,64,33,0,97
2005-07-27,80,43,0,123
2005-07-28,95,49,0,144
2005-07-29,71,55,0,126
2005-07-30,61,42,0,103
2005-07-31,51,45,0,96
2005-08-01,60,67,0,127
2005-08-02,57,38,0,95
2005-08-03,75,60,0,135
2005-08-04,64,40,0,104
2005-08-05,63,56,0,119
2005-08-06,68,56,0,124
2005-08-07,60,35,0,95
2005-08-08,58,51,0,109
2005-08-09,37,43,0,80
2005-08-10,72,73,0,145
2005-08-11,55,47,0,102
2005-08-12,78,66,0,144
2005-08-13,66,40,0,106
2005-08-14,56,43,0,99
2005-08-15,61,52,0,113
2005-08-16,55,29,0,84
2005-08-17,82,41,0,123
2005-08-18,79,43,0,122
2005-08-19,72,53,0,125
2005-08-20,76,39,0,115
2005-08-21,65,58,0,123
2005-08-22,72,59,0,131
2005-08-23,64,47,0,111
2005-08-24,42,42,0,84
2005-08-25,72,39,0,111
2005-08-26,81,47,0,128
2005-08-27,44,45,0,89
2005-08-28,66,38,0,104
2005-08-29,83,50,0,133
2005-08-30,71,62,0,133
2005-08-31,64,38,0,102
2005-09-01,67,45,0,112
2005-09-02,49,56,0,105
2005-09-03,65,38,0,103
2005-09-04,72,40,0,112
2005-09-05,79,50,0,129
2005-09-06,70,43,0,113
2005-09-07,74,45,0,119
2005-09-08,75,39,0,114
2005-09-09,63,38,0,101
2005-09-10,64,48,0,112
2005-09-11,69,62,0,131
2005-09-12,70,48,0,118
2005-09-13,83,51,0,134
2005-09-14,77,55,0,132
2005-09-15,67,43,0,110
2005-09-16,82,51,0,133
2005-09-17,69,50,0,119
2005-09-18,67,50,0,117
2005-09-19,75,63,0,138
2005-09-20,69,41,0,110
2005-09-21,71,54,0,125
2005-09-22,59,43,0,102
2005-09-23,66,56,0,122
2005-09-24,62,65,0,127
2005-09-25,72,50,0,122
2005-09-26,72,57,0,129
2005-09-27,61,33,0,94
2005-09-28,55,48,0,103
2005-09-29,80,50,0,130
2005-09-30,55,40,0,95
2005-10-01,66,42,0,108
2005-10-02,66,48,0,114
2005-10-03,68,48,0,116
2005-10-04,72,47,0,119
2005-10-05,77,56,0,133
2005-10-06,87,31,0,118
2005-10-07,71,54,0,125
2005-10-08,79,48,0,127
2005-10-09,61,61,0,122
2005-10-10,56,37,0,93
2005-10-11,56,46,0,102
2005-10-12,68,53,0,121
2005-10-13,71,49,0,120
2005-10-14,72,50,0,122
2005-10-15,65,49,0,114
2005-10-16,85,64,0,149
2005-10-17,69,54,0,123
2005-10-18,73,44,0,117
2005-10-19,70,43,0,113
2005-10-20,78,39,0,117
2005-10-21,78,53,0,131
2005-10-22,59,55,0,114
2005-10-23,75,43,0,118
2005-10-24,73,61,0,134
2005-10-25,66,59,0,125
2005-10-26,71,48,0,119
2005-10-27,79,40,0,119
2005-10-28,111,66,0,177
2005-10-29,113,82,0,195
2005-10-30,116,73,0,189
2005-10-31,83,65,0,148
2005-11-01,119,63,0,182
2005-11-02,88,57,0,145
2005-11-03,96,65,0,161
2005-11-04,68,54,0,122
2005-11-05,69,52,0,121
2005-11-06,75,68,0,143
2005-11-07,100,67,0,167
2005-11-08,93,66,0,159
2005-11-09,96,61,0,157
2005-11-10,89,66,0,155
2005-11-11,82,70,0,152
2005-11-12,106,62,0,168
2005-11-13,97,80,0,177
2005-11-14,107,72,0,179
2005-11-15,102,66,0,168
2005-11-16,108,71,0,179
2005-11-17,117,56,0,173
2005-11-18,81,68,0,149
2005-11-19,91,69,0,160
2005-11-20,86,76,0,162
2005-11-21,95,55,0,150
2005-11-22,98,56,0,154
2005-11-23,96,59,0,155
2005-11-24,88,65,0,153
2005-11-25,102,81,0,183
2005-11-26,96,62,0,158
2005-11-27,74,58,0,132
2005-11-28,88,75,0,163
2005-11-29,89,66,0,155
2005-11-30,94,65,0,159
2005-12-01,87,57,0,144
2005-12-02,89,72,0,161
2005-12-03,101,63,0,164
2005-12-04,81,64,0,145
2005-12-05,83,60,0,143
2005-12-06,82,68,0,150
2005-12-07,87,65,0,152
2005-12-08,83,59,0,142
2005-12-09,103,54,0,157
2005-12-10,91,63,0,154
2005-12-11,75,58,0,133
2005-12-12,90,58,0,148
2005-12-13,85,56,0,141
2005-12-14,95,59,0,154
2005-12-15,77,64,0,141
2005-12-16,75,48,0,123
2005-12-17,73,59,0,132
2005-12-18,110,76,0,186
2005-12-19,87,62,0,149
2005-12-20,83,64,0,147
2005-12-21,99,72,0,171
2005-12-22,82,59,0,141
2005-12-23,82,70,0,152
2005-12-24,91,72,0,163
2005-12-25,96,67,0,163
2005-12-26,92,66,0,158
2005-12-27,85,65,0,150
2005-12-28,92,71,0,163
2005-12-29,81,56,0,137
2005-12-30,91,62,0,153
2005-12-31,84,70,0,154
2006-01-01,90,61,0,151
2006-01-02,85,62,0,147
2006-01-03,88,60,0,148
2006-01-04,84,62,0,146
2006-01-05,94,65,0,159
2006-01-06,87,58,0,145
2006-01-07,87,68,0,155
2006-01-08,89,65,0,154
2006-01-09,76,58,0,134
2006-01-10,62,50,0,112
2006-01-11,93,54,0,147
2006-01-12,76,59,0,135
2006-01-13,80,61,0,141
2006-01-14,81,53,0,134
2006-01-15,96,68,0,164
2006-01-16,93,57,0,150
2006-01-17,77,69,0,146
2006-01-18,76,58,0,134
2006-01-19,81,60,0,141
2006-01-20,83,72,0,155
2006-01-21,78,65,0,143
2006-01-22,91,67,0,158
2006-01-23,90,50,0,140
2006-01-24,71,59,0,130
2006-01-25,79,63,0,142
2006-01-26,81,62,0,143
2006-01-27,82,47,0,129
2006-01-28,105,53,0,158
2006-01-29,96,62,0,158
2006-01-30,89,63,0,152
2006-01-31,84,57,0,141
2006-02-01,67,59,0,126
2006-02-02,97,72,0,169
2006-02-03,92,60,0,152
2006-02-04,80,72,0,152
2006-02-05,90,73,0,163
2006-02-06,71,55,0,126
2006-02-07,78,54,0,132
2006-02-08,74,51,0,125
2006-02-09,85,53,0,138
2006-02-10,98,65,0,163
2006-02-11,70,53,0,123
2006-02-12,103,54,0,157
2006-02-13,99,60,0,159
2006-02-14,75,53,0,128
2006-02-15,73,65,0,138
2006-02-16,90,52,0,142
2006-02-17,83,52,0,135
2006-02-18,91,59,0,150
2006-02-19,70,51,0,121
2006-02-20,85,65,0,150
2006-02-21,70,52,0,122
2006-02-22,65,63,0,128
2006-02-23,63,40,0,103
2006-02-24,58,58,0,116
2006-02-25,67,58,0,125
2006-02-26,54,51,0,105
2006-02-27,72,59,0,131
2006-02-28,88,48,0,136
2006-03-01,67,47,0,114
2006-03-02,63,54,0,117
2006-03-03,74,39,0,113
2006-03-04,66,57,0,123
2006-03-05,72,42,0,114
2006-03-06,74,51,0,125
2006-03-07,75,55,0,130
2006-03-08,70,57,0,127
2006-03-09,81,49,0,130
2006-03-10,61,43,0,104
2006-03-11,66,49,0,115
2006-03-12,57,59,0,116
2006-03-13,86,60,0,146
2006-03-14,76,42,0,118
2006-03-15,60,48,0,108
2006-03-16,70,50,0,120
2006-03-17,69,47,0,116
2006-03-18,75,47,0,122
2006-03-19,76,41,0,117
2006-03-20,73,45,0,118
2006-03-21,74,52,0,126
2006-03-22,65,50,0,115
2006-03-23,68,50,0,118
2006-03-24,62,51,0,113
2006-03-25,74,46,0,120
2006-03-26,80,41,0,121
2006-03-27,79,54,0,133
2006-03-28,66,47,0,113
2006-03-29,63,32,0,95
2006-03-30,69,42,0,111
2006-03-31,88,48,0,136
2006-04-01,67,55,0,122
2006-04-02,62,41,0,103
2006-04-03,81,33,0,114
2006-04-04,68,58,0,126
2006-04-05,61,33,0,94
2006-04-06,79,44,0,123
2006-04-07,71,62,0,133
2006-04-08,57,54,0,111
2006-04-09,65,48,0,113
2006-04-10,63,42,0,105
2006-04-11,70,51,0,121
2006-04-12,67,55,0,122
2006-04-13,66,47,0,113
2006-04-14,75,41,0,116
2006-04-15,70,45,0,115
2006-04-16,62,51,0,113
2006-04-17,74,49,0,123
2006-04-18,74,41,0,115
2006-04-19,55,34,0,89
2006-04-20,83,62,0,145
2006-04-21,70,54,0,124
2006-04-22,73,58,0,131
2006-04-23,46,61,0,107
2006-04-24,83,42,0,125
2006-04-25,76,40,0,116
2006-04-26,78,50,0,128
2006-04-27,74,63,0,137
2006-04-28,69,69,0,138
2006-04-29,77,57,0,134
2006-04-30,81,65,0,146
2006-05-01,70,66,0,136
2006-05-02,80,91,0,171
2006-05-03,79,42,0,121
2006-05-04,76,53,0,129
2006-05-05,80,45,0,125
2006-05-06,78,38,0,116
2006-05-07,75,46,0,121
2006-05-08,68,56,0,124
2006-05-09,83,54,0,137
2006-05-10,71,57,0,128
2006-05-11,61,59,0,120
2006-05-12,90,53,0,143
2006-05-13,78,45,0,123
2006-05-14,86,55,0,141
2006-05-15,89,44,0,133
2006-05-16,68,49,0,117
2006-05-17,80,47,0,127
2006-05-18,62,49,0,111
2006-05-19,82,52,0,134
2006-05-20,82,52,0,134
2006-05-21,97,49,0,146
2006-05-22,65,54,0,119
2006-05-23,93,57,0,150
2006-05-24,83,51,0,134
2006-05-25,94,48,0,142
2006-05-26,54,46,0,100
2006-05-27,79,28,0,107
2006-05-28,61,42,0,103
2006-05-29,76,41,0,117
2006-05-30,76,58,0,134
2006-05-31,68,51,0,119
2006-06-01,61,42,0,103
2006-06-02,77,50,0,127
2006-06-03,78,47,0,125
2006-06-04,78,41,0,119
2006-06-05,71,43,0,114
2006-06-06,65,39,0,104
2006-06-07,68,45,0,113
2006-06-08,78,52,0,130
2006-06-09,66,54,0,120
2006-06-10,79,49,0,128
2006-06-11,76,48,0,124
2006-06-12,60,42,0,102
2006-06-13,76,49,0,125
2006-06-14,82,59,0,141
2006-06-15,76,66,0,142
2006-06-16,86,52,0,138
2006-06-17,86,34,0,120
2006-06-18,71,40,0,111
2006-06-19,74,70,0,144
2006-06-20,75,44,0,119
2006-06-21,72,50,0,122
2006-06-22,77,36,0,113
2006-06-23,69,49,0,118
2006-06-24,77,44,0,121
2006-06-25,78,40,0,118
2006-06-26,80,65,0,145
2006-06-27,69,51,0,120
2006-06-28,74,41,0,115
2006-06-29,68,43,0,111
2006-06-30,80,45,0,125
2006-07-01,69,38,0,107
2006-07-02,70,48,0,118
2006-07-03,87,42,0,129
2006-07-04,82,65,0,147
2006-07-05,76,51,0,127
2006-07-06,85,48,0,133
2006-07-07,86,57,0,143
2006-07-08,78,54,0,132
2006-07-09,97,61,0,158
2006-07-10,74,71,0,145
2006-07-11,76,54,0,130
2006-07-12,73,42,0,115
2006-07-13,75,41,0,116
2006-07-14,49,53,0,102
2006-07-15,81,55,0,136
2006-07-16,78,57,0,135
2006-07-17,70,45,0,115
2006-07-18,72,50,0,122
2006-07-19,62,52,0,114
2006-07-20,57,42,0,99
2006-07-21,74,41,0,115
2006-07-22,70,46,0,116
2006-07-23,70,38,0,108
2006-07-24,63,60,0,123
2006-07-25,66,44,0,110
2006-07-26,65,44,0,109
2006-07-27,54,57,0,111
2006-07-28,87,52,0,139
2006-07-29,65,44,0,109
2006-07-30,69,48,0,117
2006-07-31,85,47,0,132
2006-08-01,77,62,0,139
2006-08-02,55,58,0,113
2006-08-03,75,53,0,128
2006-08-04,83,52,0,135
2006-08-05,64,45,0,109
2006-08-06,74,45,0,119
2006-08-07,94,49,0,143
2006-08-08,74,45,0,119
2006-08-09,78,39,0,117
2006-08-10,85,46,0,131
2006-08-11,66,56,0,122
2006-08-12,61,44,0,105
2006-08-13,75,66,0,141
2006-08-14,83,45,0,128
2006-08-15,73,54,0,127
2006-08-16,70,46,0,116
2006-08-17,84,49,0,133
2006-08-18,83,68,0,151
2006-08-19,87,32,0,119
2006-08-20,85,46,0,131
2006-08-21,73,54,0,127
2006-08-22,77,52,0,129
2006-08-23,75,45,0,120
2006-08-24,83,58,0,141
2006-08-25,73,71,0,144
2006-08-26,85,47,0,132
2006-08-27,88,50,0,138
2006-08-28,70,60,0,130
2006-08-29,76,52,0,128
2006-08-30,95,54,0,149
2006-08-31,81,65,0,146
2006-09-01,67,51,0,118
2006-09-02,98,58,0,156
2006-09-03,93,75,0,168
2006-09-04,110,55,0,165
2006-09-05,69,54,0,123
2006-09-06,104,64,0,168
2006-09-07,75,61,0,136
2006-09-08,76,63,0,139
2006-09-09,78,60,0,138
2006-09-10,72,62,0,134
2006-09-11,100,63,0,163
2006-09-12,88,54,0,142
2006-09-13,71,59,0,130
2006-09-14,92,56,0,148
2006-09-15,76,49,0,125
2006-09-16,90,46,0,136
2006-09-17,79,63,0,142
2006-09-18,80,57,0,137
2006-09-19,93,54,0,147
2006-09-20,76,53,0,129
2006-09-21,85,61,0,146
2006-09-22,82,77,0,159
2006-09-23,78,47,0,125
2006-09-24,94,51,0,145
2006-09-25,87,51,0,138
2006-09-26,74,51,0,125
2006-09-27,91,54,0,145
2006-09-28,81,53,0,134
2006-09-29,82,64,0,146
2006-09-30,89,60,0,149
2006-10-01,82,72,0,154
2006-10-02,84,41,0,125
2006-10-03,77,68,0,145
2006-10-04,79,61,0,140
2006-10-05,77,48,0,125
2006-10-06,73,48,0,121
2006-10-07,93,53,0,146
2006-10-08,94,46,0,140
2006-10-09,97,58,0,155
2006-10-10,112,45,0,157
2006-10-11,87,62,0,149
2006-10-12,96,58,0,154
2006-10-13,78,49,0,127
2006-10-14,91,52,0,143
2006-10-15,82,67,0,149
2006-10-16,77,45,0,122
2006-10-17,82,45,0,127
2006-10-18,61,66,0,127
2006-10-19,74,41,0,115
2006-10-20,93,65,0,158
2006-10-21,79,51,0,130
2006-10-22,87,53,0,140
2006-10-23,90,44,0,134
2006-10-24,73,49,0,122
2006-10-25,77,59,0,136
2006-10-26,74,65,0,139
2006-10-27,69,57,0,126
2006-10-28,91,59,0,150
2006-10-29,107,72,0,179
2006-10-30,95,55,0,150
2006-10-31,108,78,0,186
2006-11-01,106,74,0,180
2006-11-02,75,54,0,129
2006-11-03,107,61,0,168
2006-11-04,94,44,0,138
2006-11-05,77,52,0,129
2006-11-06,97,90,0,187
2006-11-07,107,47,0,154
2006-11-08,96,51,0,147
2006-11-09,94,57,0,151
2006-11-10,83,74,0,157
2006-11-11,111,55,0,166
2006-11-12,86,60,0,146
2006-11-13,108,72,0,180
2006-11-14,100,61,0,161
2006-11-15,104,74,0,178
2006-11-16,98,66,0,164
2006-11-17,91,61,0,152
2006-11-18,87,80,0,167
2006-11-19,102,75,0,177
2006-11-20,102,59,0,161
2006-11-21,94,65,0,159
2006-11-22,85,70,0,155
2006-11-23,90,59,0,149
2006-11-24,86,55,0,141
2006-11-25,90,76,0,166
2006-11-26,98,59,0,157
2006-11-27,101,67,0,168
2006-11-28,87,73,0,160
2006-11-29,76,68,0,144
2006-11-30,91,49,0,140
2006-12-01,89,58,0,147
2006-12-02,90,55,0,145
2006-12-03,85,69,0,154
2006-12-04,75,49,0,124
2006-12-05,97,51,0,148
2006-12-06,75,58,0,133
2006-12-07,82,66,0,148
2006-12-08,92,62,0,154
2006-12-09,79,72,0,151
2006-12-10,84,71,0,155
2006-12-11,100,69,0,169
2006-12-12,82,51,0,133
2006-12-13,98,53,0,151
2006-12-14,74,52,0,126
2006-12-15,77,53,0,130
2006-12-16,81,67,0,148
2006-12-17,82,50,0,132
2006-12-18,93,61,0,154
2006-12-19,83,72,0,155
2006-12-20,86,67,0,153
2006-12-21,92,65,0,157
2006-12-22,79,64,0,143
2006-12-23,76,53,0,129
2006-12-24,84,53,0,137
2006-12-25,83,53,0,136
2006-12-26,77,61,0,138
2006-12-27,81,58,0,139
2006-12-28,104,56,0,160
2006-12-29,89,53,0,142
2006-12-30,104,72,0,176
2006-12-31,80,51,0,131
2007-01-01,84,67,0,151
2007-01-02,82,65,0,147
2007-01-03,74,53,0,127
2007-01-04,105,73,0,178
2007-01-05,88,67,0,155
2007-01-06,87,58,0,145
2007-01-07,95,51,0,146
2007-01-08,83,63,0,146
2007-01-09,96,64,0,160
2007-01-10,73,48,0,121
2007-01-11,91,63,0,154
2007-01-12,77,49,0,126
2007-01-13,68,41,0,109
2007-01-14,91,55,0,146
2007-01-15,91,47,0,138
2007-01-16,77,61,0,138
2007-01-17,80,58,0,138
2007-01-18,97,54,0,151
2007-01-19,83,64,0,147
2007-01-20,96,78,0,174
2007-01-21,82,56,0,138
2007-01-22,92,54,0,146
2007-01-23,105,61,0,166
2007-01-24,74,54,0,128
2007-01-25,78,50,0,128
2007-01-26,73,64,0,137
2007-01-27,85,50,0,135
2007-01-28,71,59,0,130
2007-01-29,81,58,0,139
2007-01-30,80,47,0,127
2007-01-31,85,53,0,138
2007-02-01,88,52,0,140
2007-02-02,93,63,0,156
2007-02-03,72,59,0,131
2007-02-04,67,50,0,117
2007-02-05,104,70,0,174
2007-02-06,79,63,0,142
2007-02-07,70,59,0,129
2007-02-08,71,64,0,135
2007-02-09,85,54,0,139
2007-02-10,87,51,0,138
2007-02-11,97,43,0,140
2007-02-12,76,56,0,132
2007-02-13,86,56,0,142
2007-02-14,72,68,0,140
2007-02-15,71,44,0,115
2007-02-16,79,56,0,135
2007-02-17,78,43,0,121
2007-02-18,69,44,0,113
2007-02-19,88,40,0,128
2007-02-20,73,45,0,118
2007-02-21,77,44,0,121
2007-02-22,83,53,0,136
2007-02-23,84,38,0,122
2007-02-24,76,50,0,126
2007-02-25,75,57,0,132
2007-02-26,73,51,0,124
2007-02-27,78,57,0,135
2007-02-28,81,53,0,134
2007-03-01,65,54,0,119
2007-03-02,82,55,0,137
2007-03-03,89,47,0,136
2007-03-04,70,57,0,127
2007-03-05,67,51,0,118
2007-03-06,73,67,0,140
2007-03-07,74,60,0,134
2007-03-08,72,42,0,114
2007-03-09,59,51,0,110
2007-03-10,74,41,0,115
2007-03-11,60,46,0,106
2007-03-12,73,61,0,134
2007-03-13,56,55,0,111
2007-03-14,91,55,0,146
2007-03-15,61,43,0,104
2007-03-16,79,46,0,125
2007-03-17,58,51,0,109
2007-03-18,64,46,0,110
2007-03-19,65,51,0,116
2007-03-20,82,51,0,133
2007-03-21,62,51,0,113
2007-03-22,76,42,0,118
2007-03-23,83,47,0,130
2007-03-24,67,48,0,115
2007-03-25,78,48,0,126
2007-03-26,80,42,0,122
2007-03-27,89,49,0,138
2007-03-28,70,52,0,122
2007-03-29,70,47,0,117
2007-03-30,68,48,0,116
2007-03-31,67,41,0,108
2007-04-01,69,39,0,108
2007-04-02,72,45,0,117
2007-04-03,78,49,0,127
2007-04-04,72,53,0,125
2007-04-05,65,54,0,119
2007-04-06,66,55,0,121
2007-04-07,66,55,0,121
2007-04-08,94,58,0,152
2007-04-09,94,50,0,144
2007-04-10,55,51,0,106
2007-04-11,79,62,0,141
2007-04-12,82,53,0,135
2007-04-13,72,54,0,126
2007-04-14,59,40,0,99
2007-04-15,86,40,0,126
2007-04-16,71,62,0,133
2007-04-17,70,39,0,109
2007-04-18,66,47,0,113
2007-04-19,85,55,0,140
2007-04-20,70,43,0,113
2007-04-21,69,36,0,105
2007-04-22,72,41,0,113
2007-04-23,69,46,0,115
2007-04-24,75,51,0,126
2007-04-25,71,46,0,117
2007-04-26,62,47,0,109
2007-04-27,71,45,0,116
2007-04-28,75,47,0,122
2007-04-29,74,52,0,126
2007-04-30,63,47,0,110
2007-05-01,82,43,0,125
2007-05-02,80,45,0,125
2007-05-03,64,58,0,122
2007-05-04,86,53,0,139
2007-05-05,63,63,0,126
2007-05-06,73,69,0,142
2007-05-07,75,70,0,145
2007-05-08,93,48,0,141
2007-05-09,81,55,0,136
2007-05-10,87,93,0,180
2007-05-11,93,74,0,167
2007-05-12,118,76,0,194
2007-05-13,119,81,0,200
2007-05-14,115,75,0,190
2007-05-15,107,97,0,204
2007-05-16,98,78,0,176
2007-05-17,101,82,0,183
2007-05-18,93,67,0,160
2007-05-19,89,72,0,161
2007-05-20,82,66,0,148
2007-05-21,88,67,0,155
2007-05-22,75,61,0,136
2007-05-23,105,46,0,151
2007-05-24,86,51,0,137
2007-05-25,66,55,0,121
2007-05-26,76,40,0,116
2007-05-27,89,78,0,167
2007-05-28,76,48,0,124
2007-05-29,82,56,0,138
2007-05-30,71,68,0,139
2007-05-31,83,58,0,141
2007-06-01,85,68,0,153
2007-06-02,69,45,0,114
2007-06-03,74,52,0,126
2007-06-04,90,41,0,131
2007-06-05,86,61,0,147
2007-06-06,91,48,0,139
2007-06-07,67,57,0,124
2007-06-08,83,55,0,138
2007-06-09,65,47,0,112
2007-06-10,76,56,0,132
2007-06-11,71,58,0,129
2007-06-12,66,67,0,133
2007-06-13,69,43,0,112
2007-06-14,76,43,0,119
2007-06-15,73,55,0,128
2007-06-16,69,34,0,103
2007-06-17,76,49,0,125
2007-06-18,77,50,0,127
2007-06-19,69,47,0,116
2007-06-20,71,51,0,122
2007-06-21,54,38,0,92
2007-06-22,65,41,0,106
2007-06-23,70,42,0,112
2007-06-24,65,52,0,117
2007-06-25,79,46,0,125
2007-06-26,60,68,0,128
2007-06-27,62,53,0,115
2007-06-28,66,55,0,121
2007-06-29,66,33,0,99
2007-06-30,54,33,0,87
2007-07-01,69,57,0,126
2007-07-02,79,49,0,128
2007-07-03,80,51,0,131
2007-07-04,88,62,0,150
2007-07-05,87,47,0,134
2007-07-06,85,49,0,134
2007-07-07,74,58,0,132
2007-07-08,66,59,0,125
2007-07-09,80,52,0,132
2007-07-10,68,46,0,114
2007-07-11,83,58,0,141
2007-07-12,70,47,0,117
2007-07-13,77,52,0,129
2007-07-14,61,59,0,120
2007-07-15,86,37,0,123
2007-07-16,65,50,0,115
2007-07-17,65,48,0,113
2007-07-18,79,41,0,120
2007-07-19,78,66,0,144
2007-07-20,74,48,0,122
2007-07-21,71,39,0,110
2007-07-22,64,49,0,113
2007-07-23,86,40,0,126
2007-07-24,67,45,0,112
2007-07-25,74,44,0,118
2007-07-26,81,38,0,119
2007-07-27,80,53,0,133
2007-07-28,85,38,0,123
2007-07-29,62,40,0,102
2007-07-30,66,42,0,108
2007-07-31,51,43,0,94
2007-08-01,69,55,0,124
2007-08-02,68,36,0,104
2007-08-03,70,51,0,121
2007-08-04,73,46,0,119
2007-08-05,78,51,0,129
2007-08-06,81,56,0,137
2007-08-07,85,34,0,119
2007-08-08,78,51,0,129
2007-08-09,71,51,0,122
2007-08-10,86,68,0,154
2007-08-11,65,50,0,115
2007-08-12,83,62,0,145
2007-08-13,83,59,0,142
2007-08-14,67,55,0,122
2007-08-15,72,41,0,113
2007-08-16,77,65,0,142
2007-08-17,76,42,0,118
2007-08-18,66,49,0,115
2007-08-19,71,49,0,120
2007-08-20,77,56,0,133
2007-08-21,69,62,0,131
2007-08-22,65,55,0,120
2007-08-23,79,52,0,131
2007-08-24,74,56,0,130
2007-08-25,74,53,0,127
2007-08-26,86,44,0,130
2007-08-27,76,40,0,116
2007-08-28,89,54,0,143
2007-08-29,71,51,0,122
2007-08-30,61,47,0,108
2007-08-31,77,32,0,109
2007-09-01,63,45,0,108
2007-09-02,74,66,0,140
2007-09-03,87,40,0,127
2007-09-04,95,54,0,149
2007-09-05,75,52,0,127
2007-09-06,72,49,0,121
2007-09-07,85,56,0,141
2007-09-08,109,42,0,151
2007-09-09,86,41,0,127
2007-09-10,73,65,0,138
2007-09-11,90,40,0,130
2007-09-12,79,69,0,148
2007-09-13,78,49,0,127
2007-09-14,92,45,0,137
2007-09-15,64,43,0,107
2007-09-16,80,47,0,127
2007-09-17,87,43,0,130
2007-09-18,74,39,0,113
2007-09-19,83,41,0,124
2007-09-20,63,34,0,97
2007-09-21,85,45,0,130
2007-09-22,80,42,0,122
2007-09-23,89,35,0,124
2007-09-24,87,54,0,141
2007-09-25,86,72,0,158
2007-09-26,99,53,0,152
2007-09-27,85,67,0,152
2007-09-28,67,46,0,113
2007-09-29,88,48,0,136
2007-09-30,59,53,0,112
2007-10-01,78,53,0,131
2007-10-02,70,50,0,120
2007-10-03,83,57,0,140
2007-10-04,60,66,0,126
2007-10-05,72,57,0,129
2007-10-06,77,47,0,124
2007-10-07,78,54,0,132
2007-10-08,69,57,0,126
2007-10-09,72,50,0,122
2007-10-10,96,53,0,149
2007-10-11,84,57,0,141
2007-10-12,71,58,0,129
2007-10-13,81,42,0,123
2007-10-14,64,56,0,120
2007-10-15,67,43,0,110
2007-10-16,89,63,0,152
2007-10-17,75,56,0,131
2007-10-18,89,56,0,145
2007-10-19,60,45,0,105
2007-10-20,77,50,0,127
2007-10-21,89,38,0,127
2007-10-22,81,39,0,120
2007-10-23,70,39,0,109
2007-10-24,69,48,0,117
2007-10-25,81,54,0,135
2007-10-26,77,27,0,104
2007-10-27,71,42,0,113
2007-10-28,70,46,0,116
2007-10-29,99,45,0,144
2007-10-30,68,49,0,117
2007-10-31,88,63,0,151
2007-11-01,80,58,0,138
2007-11-02,87,58,0,145
2007-11-03,68,65,0,133
2007-11-04,68,57,0,125
2007-11-05,76,65,0,141
2007-11-06,74,56,0,130
2007-11-07,93,39,0,132
2007-11-08,98,54,0,152
2007-11-09,80,59,0,139
2007-11-10,87,50,0,137
2007-11-11,81,56,0,137
2007-11-12,87,52,0,139
2007-11-13,93,59,0,152
2007-11-14,87,58,0,145
2007-11-15,99,66,0,165
2007-11-16,90,62,0,152
2007-11-17,72,45,0,117
2007-11-18,89,64,0,153
2007-11-19,83,63,0,146
2007-11-20,87,47,0,134
2007-11-21,84,68,0,152
2007-11-22,91,53,0,144
2007-11-23,75,57,0,132
2007-11-24,95,62,0,157
2007-11-25,89,46,0,135
2007-11-26,104,73,0,177
2007-11-27,89,74,0,163
2007-11-28,71,74,0,145
2007-11-29,86,58,0,144
2007-11-30,75,48,0,123
2007-12-01,72,56,0,128
2007-12-02,81,64,0,145
2007-12-03,74,61,0,135
2007-12-04,78,58,0,136
2007-12-05,75,50,0,125
2007-12-06,66,69,0,135
2007-12-07,73,59,0,132
2007-12-08,95,72,0,167
2007-12-09,71,61,0,132
2007-12-10,82,51,0,133
2007-12-11,89,52,0,141
2007-12-12,77,61,0,138
2007-12-13,64,50,0,114
2007-12-14,68,57,0,125
2007-12-15,87,54,0,141
2007-12-16,84,52,0,136
2007-12-17,69,52,0,121
2007-12-18,83,56,0,139
2007-12-19,102,60,0,162
2007-12-20,92,77,0,169
2007-12-21,73,48,0,121
2007-12-22,78,54,0,132
2007-12-23,99,63,0,162
2007-12-24,96,59,0,155
2007-12-25,76,71,0,147
2007-12-26,91,70,0,161
2007-12-27,95,58,0,153
2007-12-28,93,61,0,154
2007-12-29,93,66,0,159
2007-12-30,84,63,0,147
2007-12-31,112,47,0,159
2008-01-01,73,39,0,112
2008-01-02,76,62,0,138
2008-01-03,85,46,0,131
2008-01-04,85,63,0,148
2008-01-05,87,55,0,142
2008-01-06,85,55,0,140
2008-01-07,99,65,0,164
2008-01-08,106,57,0,163
2008-01-09,91,63,0,154
2008-01-10,85,54,0,139
2008-01-11,84,62,0,146
2008-01-12,69,66,0,135
2008-01-13,74,51,0,125
2008-01-14,89,67,0,156
2008-01-15,82,54,0,136
2008-01-16,100,44,0,144
2008-01-17,83,69,0,152
2008-01-18,77,82,0,159
2008-01-19,65,54,0,119
2008-01-20,88,78,0,166
2008-01-21,72,73,0,145
2008-01-22,100,70,0,170
2008-01-23,88,82,0,170
2008-01-24,84,58,0,142
2008-01-25,92,53,0,145
2008-01-26,99,48,0,147
2008-01-27,81,65,0,146
2008-01-28,94,60,0,154
2008-01-29,84,62,0,146
2008-01-30,87,64,0,151
2008-01-31,85,62,0,147
2008-02-01,108,58,0,166
2008-02-02,96,47,0,143
2008-02-03,74,59,0,133
2008-02-04,86,54,0,140
2008-02-05,84,67,0,151
2008-02-06,71,55,0,126
2008-02-07,73,63,0,136
2008-02-08,104,74,0,178
2008-02-09,81,49,0,130
2008-02-10,80,48,0,128
2008-02-11,87,56,0,143
2008-02-12,101,63,0,164
2008-02-13,104,58,0,162
2008-02-14,84,44,0,128
2008-02-15,94,47,0,141
2008-02-16,65,74,0,139
2008-02-17,62,53,0,115
2008-02-18,73,49,0,122
2008-02-19,77,55,0,132
2008-02-20,83,54,0,137
2008-02-21,86,45,0,131
2008-02-22,61,58,0,119
2008-02-23,65,48,0,113
2008-02-24,94,49,0,143
2008-02-25,61,50,0,111
2008-02-26,78,71,0,149
2008-02-27,79,67,0,146
2008-02-28,97,43,0,140
2008-02-29,73,55,0,128
2008-03-01,75,62,0,137
2008-03-02,101,60,0,161
2008-03-03,95,53,0,148
2008-03-04,74,49,0,123
2008-03-05,72,47,0,119
2008-03-06,86,68,0,154
2008-03-07,90,52,0,142
2008-03-08,103,56,0,159
2008-03-09,73,62,0,135
2008-03-10,90,51,0,141
2008-03-11,92,65,0,157
2008-03-12,83,46,0,129
2008-03-13,61,61,0,122
2008-03-14,75,51,0,126
2008-03-15,76,56,0,132
2008-03-16,78,47,0,125
2008-03-17,93,53,0,146
2008-03-18,94,57,0,151
2008-03-19,93,46,0,139
2008-03-20,77,41,0,118
2008-03-21,64,41,0,105
2008-03-22,76,58,0,134
2008-03-23,71,51,0,122
2008-03-24,70,52,0,122
2008-03-25,76,48,0,124
2008-03-26,73,60,0,133
2008-03-27,86,55,0,141
2008-03-28,78,64,0,142
2008-03-29,65,57,0,122
2008-03-30,84,62,0,146
2008-03-31,80,55,0,135
2008-04-01,95,57,0,152
2008-04-02,81,61,0,142
2008-04-03,74,48,0,122
2008-04-04,54,59,0,113
2008-04-05,87,58,0,145
2008-04-06,80,54,0,134
2008-04-07,56,71,0,127
2008-04-08,77,55,0,132
2008-04-09,70,49,0,119
2008-04-10,84,45,0,129
2008-04-11,85,62,0,147
2008-04-12,89,47,0,136
2008-04-13,80,48,0,128
2008-04-14,82,52,0,134
2008-04-15,84,67,0,151
2008-04-16,69,60,0,129
2008-04-17,84,57,0,141
2008-04-18,78,52,0,130
2008-04-19,69,68,0,137
2008-04-20,96,60,0,156
2008-04-21,92,56,0,148
2008-04-22,78,64,0,142
2008-04-23,85,51,0,136
2008-04-24,91,59,0,150
2008-04-25,86,41,0,127
2008-04-26,88,54,0,142
2008-04-27,78,60,0,138
2008-04-28,90,63,0,153
2008-04-29,93,61,0,154
2008-04-30,88,64,0,152
2008-05-01,104,60,0,164
2008-05-02,105,70,0,175
2008-05-03,87,57,0,144
2008-05-04,105,72,0,177
2008-05-05,102,62,0,164
2008-05-06,85,73,0,158
2008-05-07,95,65,0,160
2008-05-08,98,63,0,161
2008-05-09,82,55,0,137
2008-05-10,100,52,0,152
2008-05-11,73,57,0,130
2008-05-12,79,62,0,141
2008-05-13,97,69,0,166
2008-05-14,95,71,0,166
2008-05-15,77,64,0,141
2008-05-16,99,83,0,182
2008-05-17,91,48,0,139
2008-05-18,84,70,0,154
2008-05-19,100,79,0,179
2008-05-20,94,94,0,188
2008-05-21,90,70,0,160
2008-05-22,82,63,0,145
2008-05-23,74,44,0,118
2008-05-24,90,59,0,149
2008-05-25,63,63,0,126
2008-05-26,96,60,0,156
2008-05-27,76,46,0,122
2008-05-28,93,36,0,129
2008-05-29,74,60,0,134
2008-05-30,61,51,0,112
2008-05-31,69,56,0,125
2008-06-01,62,44,0,106
2008-06-02,92,49,0,141
2008-06-03,79,51,0,130
2008-06-04,78,48,0,126
2008-06-05,90,61,0,151
2008-06-06,79,55,0,134
2008-06-07,66,62,0,128
2008-06-08,61,53,0,114
2008-06-09,89,56,0,145
2008-06-10,90,53,0,143
2008-06-11,82,50,0,132
2008-06-12,60,40,0,100
2008-06-13,61,46,0,107
2008-06-14,74,57,0,131
2008-06-15,80,46,0,126
2008-06-16,74,47,0,121
2008-06-17,74,44,0,118
2008-06-18,73,36,0,109
2008-06-19,71,59,0,130
2008-06-20,64,45,0,109
2008-06-21,75,59,0,134
2008-06-22,77,51,0,128
2008-06-23,72,55,0,127
2008-06-24,73,42,0,115
2008-06-25,65,49,0,114
2008-06-26,58,51,0,109
2008-06-27,70,53,0,123
2008-06-28,73,34,0,107
2008-06-29,84,50,0,134
2008-06-30,70,46,0,116
2008-07-01,84,50,0,134
2008-07-02,66,45,0,111
2008-07-03,73,63,0,136
2008-07-04,86,54,0,140
2008-07-05,60,47,0,107
2008-07-06,82,54,0,136
2008-07-07,76,42,0,118
2008-07-08,80,39,0,119
2008-07-09,72,53,0,125
2008-07-10,67,46,0,113
2008-07-11,79,51,0,130
2008-07-12,84,56,0,140
2008-07-13,81,51,0,132
2008-07-14,69,48,0,117
2008-07-15,79,47,0,126
2008-07-16,75,50,0,125
2008-07-17,67,42,0,109
2008-07-18,81,40,0,121
2008-07-19,62,52,0,114
2008-07-20,72,63,0,135
2008-07-21,90,57,0,147
2008-07-22,81,41,0,122
2008-07-23,84,43,0,127
2008-07-24,59,45,0,104
2008-07-25,66,43,0,109
2008-07-26,68,50,0,118
2008-07-27,64,35,0,99
2008-07-28,75,33,0,108
2008-07-29,69,53,0,122
2008-07-30,73,60,0,133
2008-07-31,84,44,0,128
2008-08-01,64,53,0,117
2008-08-02,80,44,0,124
2008-08-03,67,60,0,127
2008-08-04,82,59,0,141
2008-08-05,76,51,0,127
2008-08-06,61,60,0,121
2008-08-07,106,46,0,152
2008-08-08,91,58,0,149
2008-08-09,66,39,0,105
2008-08-10,61,52,0,113
2008-08-11,80,46,0,126
2008-08-12,77,59,0,136
2008-08-13,63,45,0,108
2008-08-14,72,56,0,128
2008-08-15,67,46,0,113
2008-08-16,80,48,0,128
2008-08-17,81,38,0,119
2008-08-18,67,41,0,108
2008-08-19,80,37,0,117
2008-08-20,78,52,0,130
2008-08-21,76,44,0,120
2008-08-22,78,56,0,134
2008-08-23,82,43,0,125
2008-08-24,92,59,0,151
2008-08-25,74,51,0,125
2008-08-26,81,50,0,131
2008-08-27,81,64,0,145
2008-08-28,91,57,0,148
2008-08-29,70,64,0,134
2008-08-30,75,48,0,123
2008-08-31,85,48,0,133
2008-09-01,82,53,0,135
2008-09-02,81,56,0,137
2008-09-03,73,57,0,130
2008-09-04,78,52,0,130
2008-09-05,61,45,0,106
2008-09-06,76,39,0,115
2008-09-07,83,53,0,136
2008-09-08,74,61,0,135
2008-09-09,71,53,0,124
2008-09-10,93,64,0,157
2008-09-11,74,49,0,123
2008-09-12,84,41,0,125
2008-09-13,72,43,0,115
2008-09-14,89,77,0,166
2008-09-15,91,59,0,150
2008-09-16,83,58,0,141
2008-09-17,105,49,0,154
2008-09-18,80,57,0,137
2008-09-19,81,64,0,145
2008-09-20,78,61,0,139
2008-09-21,65,42,0,107
2008-09-22,62,53,0,115
2008-09-23,78,58,0,136
2008-09-24,68,54,0,122
2008-09-25,80,45,0,125
2008-09-26,96,42,0,138
2008-09-27,83,65,0,148
2008-09-28,82,56,0,138
2008-09-29,79,64,0,143
2008-09-30,96,42,0,138
2008-10-01,89,45,0,134
2008-10-02,65,51,0,116
2008-10-03,79,61,0,140
2008-10-04,81,62,0,143
2008-10-05,92,54,0,146
2008-10-06,79,48,0,127
2008-10-07,80,49,0,129
2008-10-08,76,44,0,120
2008-10-09,103,50,0,153
2008-10-10,84,51,0,135
2008-10-11,84,48,0,132
2008-10-12,76,50,0,126
2008-10-13,73,58,0,131
2008-10-14,85,56,0,141
2008-10-15,92,63,0,155
2008-10-16,77,61,0,138
2008-10-17,71,53,0,124
2008-10-18,76,48,0,124
2008-10-19,87,62,0,149
2008-10-20,75,44,0,119
2008-10-21,85,51,0,136
2008-10-22,77,56,0,133
2008-10-23,82,57,0,139
2008-10-24,83,51,0,134
2008-10-25,94,51,0,145
2008-10-26,87,58,0,145
2008-10-27,98,67,0,165
2008-10-28,111,74,0,185
2008-10-29,92,69,0,161
2008-10-30,92,61,0,153
2008-10-31,92,57,0,149
2008-11-01,101,62,0,163
2008-11-02,99,58,0,157
2008-11-03,93,64,0,157
2008-11-04,114,69,0,183
2008-11-05,87,61,0,148
2008-11-06,96,55,0,151
2008-11-07,100,68,0,168
2008-11-08,113,67,0,180
2008-11-09,101,55,0,156
2008-11-10,79,70,0,149
2008-11-11,111,52,0,163
2008-11-12,90,69,0,159
2008-11-13,85,57,0,142
2008-11-14,102,57,0,159
2008-11-15,76,56,0,132
2008-11-16,94,50,0,144
2008-11-17,97,62,0,159
2008-11-18,100,68,0,168
2008-11-19,81,61,0,142
2008-11-20,91,65,0,156
2008-11-21,79,66,0,145
2008-11-22,60,53,0,113
2008-11-23,82,48,0,130
2008-11-24,81,55,0,136
2008-11-25,79,57,0,136
2008-11-26,78,63,0,141
2008-11-27,86,59,0,145
2008-11-28,78,65,0,143
2008-11-29,75,64,0,139
2008-11-30,81,52,0,133
2008-12-01,101,59,0,160
2008-12-02,76,55,0,131
2008-12-03,81,70,0,151
2008-12-04,78,59,0,137
2008-12-05,92,58,0,150
2008-12-06,93,75,0,168
2008-12-07,83,46,0,129
2008-12-08,89,54,0,143
2008-12-09,83,69,0,152
2008-12-10,104,51,0,155
2008-12-11,106,55,0,161
2008-12-12,79,68,0,147
2008-12-13,92,66,0,158
2008-12-14,101,64,0,165
2008-12-15,110,56,0,166
2008-12-16,98,69,0,167
2008-12-17,84,66,0,150
2008-12-18,72,63,0,135
2008-12-19,86,53,0,139
2008-12-20,73,56,0,129
2008-12-21,70,60,0,130
2008-12-22,97,68,0,165
2008-12-23,98,54,0,152
2008-12-24,103,77,0,180
2008-12-25,96,47,0,143
2008-12-26,93,61,0,154
2008-12-27,72,54,0,126
2008-12-28,83,56,0,139
2008-12-29,93,48,0,141
2008-12-30,85,51,0,136
2008-12-31,95,52,0,147
2009-01-01,93,56,0,149
2009-01-02,86,71,0,157
2009-01-03,93,71,0,164
2009-01-04,81,65,0,146
2009-01-05,90,56,0,146
2009-01-06,85,55,0,140
2009-01-07,94,62,0,156
2009-01-08,117,54,0,171
2009-01-09,93,67,0,160
2009-01-10,78,84,0,162
2009-01-11,103,67,0,170
2009-01-12,81,72,0,153
2009-01-13,99,60,0,159
2009-01-14,98,51,0,149
2009-01-15,90,78,0,168
2009-01-16,92,42,0,134
2009-01-17,81,59,0,140
2009-01-18,83,58,0,141
2009-01-19,98,47,0,145
2009-01-20,102,76,0,178
2009-01-21,88,65,0,153
2009-01-22,93,66,0,159
2009-01-23,127,60,0,187
2009-01-24,84,66,0,150
2009-01-25,97,58,0,155
2009-01-26,86,64,0,150
2009-01-27,85,73,0,158
2009-01-28,85,59,0,144
2009-01-29,83,69,0,152
2009-01-30,100,47,0,147
2009-01-31,87,56,0,143
2009-02-01,97,63,0,160
2009-02-02,99,54,0,153
2009-02-03,90,62,0,152
2009-02-04,91,79,0,170
2009-02-05,76,55,0,131
2009-02-06,75,63,0,138
2009-02-07,84,50,0,134
2009-02-08,87,63,0,150
2009-02-09,108,54,0,162
2009-02-10,79,63,0,142
2009-02-11,81,62,0,143
2009-02-12,99,54,0,153
2009-02-13,70,42,0,112
2009-02-14,83,60,0,143
2009-02-15,86,47,0,133
2009-02-16,81,73,0,154
2009-02-17,84,60,0,144
2009-02-18,85,59,0,144
2009-02-19,76,48,0,124
2009-02-20,82,52,0,134
2009-02-21,97,47,0,144
2009-02-22,74,55,0,129
2009-02-23,79,46,0,125
2009-02-24,62,54,0,116
2009-02-25,93,79,0,172
2009-02-26,71,54,0,125
2009-02-27,70,60,0,130
2009-02-28,80,55,0,135
2009-03-01,88,62,0,150
2009-03-02,91,63,0,154
2009-03-03,80,52,0,132
2009-03-04,80,56,0,136
2009-03-05,72,53,0,125
2009-03-06,75,46,0,121
2009-03-07,72,47,0,119
2009-03-08,76,59,0,135
2009-03-09,93,54,0,147
2009-03-10,69,57,0,126
2009-03-11,95,59,0,154
2009-03-12,74,64,0,138
2009-03-13,84,50,0,134
2009-03-14,64,48,0,112
2009-03-15,84,47,0,131
2009-03-16,87,52,0,139
2009-03-17,91,49,0,140
2009-03-18,72,44,0,116
2009-03-19,67,43,0,110
2009-03-20,59,58,0,117
2009-03-21,66,49,0,115
2009-03-22,84,40,0,124
2009-03-23,74,44,0,118
2009-03-24,87,61,0,148
2009-03-25,74,59,0,133
2009-03-26,76,45,0,121
2009-03-27,71,46,0,117
2009-03-28,74,52,0,126
2009-03-29,63,45,0,108
2009-03-30,76,36,0,112
2009-03-31,94,59,0,153
2009-04-01,65,54,0,119
2009-04-02,69,56,0,125
2009-04-03,73,37,0,110
2009-04-04,92,61,0,153
2009-04-05,70,46,0,116
2009-04-06,86,48,0,134
2009-04-07,86,50,0,136
2009-04-08,67,55,0,122
2009-04-09,77,56,0,133
2009-04-10,80,55,0,135
2009-04-11,86,64,0,150
2009-04-12,69,44,0,113
2009-04-13,74,70,0,144
2009-04-14,79,40,0,119
2009-04-15,74,55,0,129
2009-04-16,97,50,0,147
2009-04-17,73,43,0,116
2009-04-18,62,50,0,112
2009-04-19,79,49,0,128
2009-04-20,93,46,0,139
2009-04-21,74,53,0,127
2009-04-22,73,61,0,134
2009-04-23,79,64,0,143
2009-04-24,90,61,0,151
2009-04-25,68,57,0,125
2009-04-26,77,51,0,128
2009-04-27,87,54,0,141
2009-04-28,97,49,0,146
2009-04-29,69,45,0,114
2009-04-30,78,47,0,125
2009-05-01,74,50,0,124
2009-05-02,72,58,0,130
2009-05-03,90,62,0,152
2009-05-04,96,50,0,146
2009-05-05,74,55,0,129
2009-05-06,98,57,0,155
2009-05-07,80,63,0,143
2009-05-08,95,51,0,146
2009-05-09,93,53,0,146
2009-05-10,67,58,0,125
2009-05-11,105,66,0,171
2009-05-12,96,55,0,151
2009-05-13,109,59,0,168
2009-05-14,103,59,0,162
2009-05-15,100,69,0,169
2009-05-16,75,61,0,136
2009-05-17,76,41,0,117
2009-05-18,74,60,0,134
2009-05-19,85,66,0,151
2009-05-20,86,55,0,141
2009-05-21,72,60,0,132
2009-05-22,67,57,0,124
2009-05-23,94,57,0,151
2009-05-24,83,62,0,145
2009-05-25,105,71,0,176
2009-05-26,94,68,0,162
2009-05-27,94,72,0,166
2009-05-28,95,69,0,164
2009-05-29,92,56,0,148
2009-05-30,93,62,0,155
2009-05-31,89,68,0,157
2009-06-01,80,70,0,150
2009-06-02,110,66,0,176
2009-06-03,78,52,0,130
2009-06-04,117,68,0,185
2009-06-05,116,71,0,187
2009-06-06,77,57,0,134
2009-06-07,83,64,0,147
2009-06-08,86,70,0,156
2009-06-09,83,75,0,158
2009-06-10,98,68,0,166
2009-06-11,89,60,0,149
2009-06-12,76,86,0,162
2009-06-13,76,51,0,127
2009-06-14,73,59,0,132
2009-06-15,97,60,0,157
2009-06-16,97,73,0,170
2009-06-17,102,70,0,172
2009-06-18,83,79,0,162
2009-06-19,82,67,0,149
2009-06-20,80,57,0,137
2009-06-21,65,41,0,106
2009-06-22,99,58,0,157
2009-06-23,78,51,0,129
2009-06-24,73,81,0,154
2009-06-25,82,59,0,141
2009-06-26,92,64,0,156
2009-06-27,69,47,0,116
2009-06-28,77,51,0,128
2009-06-29,90,70,0,160
2009-06-30,64,49,0,113
2009-07-01,67,59,0,126
2009-07-02,69,47,0,116
2009-07-03,61,50,0,111
2009-07-04,67,53,0,120
2009-07-05,74,44,0,118
2009-07-06,79,45,0,124
2009-07-07,63,52,0,115
2009-07-08,75,47,0,122
2009-07-09,90,44,0,134
2009-07-10,73,48,0,121
2009-07-11,75,50,0,125
2009-07-12,72,48,0,120
2009-07-13,93,49,0,142
2009-07-14,74,53,0,127
2009-07-15,97,49,0,146
2009-07-16,67,53,0,120
2009-07-17,81,58,0,139
2009-07-18,72,52,0,124
2009-07-19,74,49,0,123
2009-07-20,81,45,0,126
2009-07-21,75,52,0,127
2009-07-22,94,67,0,161
2009-07-23,85,69,0,154
2009-07-24,83,47,0,130
2009-07-25,70,53,0,123
2009-07-26,86,56,0,142
2009-07-27,60,58,0,118
2009-07-28,74,50,0,124
2009-07-29,79,46,0,125
2009-07-30,82,45,0,127
2009-07-31,66,33,0,99
2009-08-01,52,59,0,111
2009-08-02,59,52,0,111
2009-08-03,84,60,0,144
2009-08-04,73,65,0,138
2009-08-05,73,61,0,134
2009-08-06,78,46,0,124
2009-08-07,82,46,0,128
2009-08-08,65,44,0,109
2009-08-09,68,66,0,134
2009-08-10,88,50,0,138
2009-08-11,80,49,0,129
2009-08-12,70,48,0,118
2009-08-13,78,51,0,129
2009-08-14,76,44,0,120
2009-08-15,79,53,0,132
2009-08-16,67,40,0,107
2009-08-17,75,32,0,107
2009-08-18,72,49,0,121
2009-08-19,72,47,0,119
2009-08-20,91,53,0,144
2009-08-21,73,48,0,121
2009-08-22,71,52,0,123
2009-08-23,71,51,0,122
2009-08-24,72,44,0,116
2009-08-25,71,48,0,119
2009-08-26,64,58,0,122
2009-08-27,70,40,0,110
2009-08-28,80,49,0,129
2009-08-29,72,48,0,120
2009-08-30,86,63,0,149
2009-08-31,61,43,0,104
2009-09-01,79,48,0,127
2009-09-02,67,52,0,119
2009-09-03,74,38,0,112
2009-09-04,70,55,0,125
2009-09-05,87,50,0,137
2009-09-06,86,46,0,132
2009-09-07,98,62,0,160
2009-09-08,105,57,0,162
2009-09-09,95,69,0,164
2009-09-10,63,61,0,124
2009-09-11,81,78,0,159
2009-09-12,91,60,0,151
2009-09-13,103,52,0,155
2009-09-14,107,69,0,176
2009-09-15,93,56,0,149
2009-09-16,81,54,0,135
2009-09-17,65,48,0,113
2009-09-18,66,58,0,124
2009-09-19,107,59,0,166
2009-09-20,89,55,0,144
2009-09-21,95,49,0,144
2009-09-22,98,45,0,143
2009-09-23,65,64,0,129
2009-09-24,93,70,0,163
2009-09-25,90,57,0,147
2009-09-26,87,57,0,144
2009-09-27,74,44,0,118
2009-09-28,75,45,0,120
2009-09-29,79,59,0,138
2009-09-30,93,60,0,153
2009-10-01,74,41,0,115
2009-10-02,67,51,0,118
2009-10-03,70,58,0,128
2009-10-04,77,51,0,128
2009-10-05,75,59,0,134
2009-10-06,88,61,0,149
2009-10-07,67,63,0,130
2009-10-08,81,65,0,146
2009-10-09,95,47,0,142
2009-10-10,64,50,0,114
2009-10-11,86,55,0,141
2009-10-12,92,54,0,146
2009-10-13,63,49,0,112
2009-10-14,79,56,0,135
2009-10-15,72,63,0,135
2009-10-16,69,46,0,115
2009-10-17,80,52,0,132
2009-10-18,98,53,0,151
2009-10-19,71,58,0,129
2009-10-20,74,52,0,126
2009-10-21,81,53,0,134
2009-10-22,109,52,0,161
2009-10-23,88,56,0,144
2009-10-24,71,50,0,121
2009-10-25,78,54,0,132
2009-10-26,62,58,0,120
2009-10-27,69,53,0,122
2009-10-28,74,49,0,123
2009-10-29,70,63,0,133
2009-10-30,82,54,0,136
2009-10-31,85,53,0,138
2009-11-01,91,51,0,142
2009-11-02,103,57,0,160
2009-11-03,77,44,0,121
2009-11-04,87,52,0,139
2009-11-05,73,52,0,125
2009-11-06,67,43,0,110
2009-11-07,77,48,0,125
2009-11-08,79,50,0,129
2009-11-09,104,40,0,144
2009-11-10,89,58,0,147
2009-11-11,79,52,0,131
2009-11-12,103,63,0,166
2009-11-13,100,65,0,165
2009-11-14,95,67,0,162
2009-11-15,79,71,0,150
2009-11-16,84,43,0,127
2009-11-17,92,75,0,167
2009-11-18,109,62,0,171
2009-11-19,99,73,0,172
2009-11-20,107,74,0,181
2009-11-21,112,79,0,191
2009-11-22,80,58,0,138
2009-11-23,104,53,0,157
2009-11-24,97,56,0,153
2009-11-25,108,54,0,162
2009-11-26,96,65,0,161
2009-11-27,89,64,0,153
2009-11-28,85,50,0,135
2009-11-29,109,58,0,167
2009-11-30,124,65,0,189
2009-12-01,88,53,0,141
2009-12-02,92,41,0,133
2009-12-03,94,75,0,169
2009-12-04,87,61,0,148
2009-12-05,84,67,0,151
2009-12-06,106,63,0,169
2009-12-07,120,78,0,198
2009-12-08,96,64,0,160
2009-12-09,109,58,0,167
2009-12-10,98,51,0,149
2009-12-11,95,56,0,151
2009-12-12,81,87,0,168
2009-12-13,121,69,0,190
2009-12-14,101,69,0,170
2009-12-15,90,69,0,159
2009-12-16,94,69,0,163
2009-12-17,81,56,0,137
2009-12-18,112,76,0,188
2009-12-19,83,78,0,161
2009-12-20,98,68,0,166
2009-12-21,99,58,0,157
2009-12-22,93,48,0,141
2009-12-23,107,61,0,168
2009-12-24,99,51,0,150
2009-12-25,86,76,0,162
2009-12-26,105,68,0,173
2009-12-27,108,66,0,174
2009-12-28,118,67,0,185
2009-12-29,100,71,0,171
2009-12-30,97,72,0,169
2009-12-31,97,81,0,178
2010-01-01,128,69,0,197
2010-01-02,111,72,0,183
2010-01-03,88,68,0,156
2010-01-04,89,63,0,152
2010-01-05,103,75,0,178
2010-01-06,106,69,0,175
2010-01-07,103,63,0,166
2010-01-08,111,50,0,161
2010-01-09,105,73,0,178
2010-01-10,127,62,0,189
2010-01-11,119,83,0,202
2010-01-12,109,71,0,180
2010-01-13,113,67,0,180
2010-01-14,98,79,0,177
2010-01-15,96,84,0,180
2010-01-16,104,74,0,178
2010-01-17,90,43,0,133
2010-01-18,94,62,0,156
2010-01-19,110,50,0,160
2010-01-20,115,56,0,171
2010-01-21,102,74,0,176
2010-01-22,93,66,0,159
2010-01-23,102,70,0,172
2010-01-24,88,68,0,156
2010-01-25,103,58,0,161
2010-01-26,116,56,0,172
2010-01-27,92,66,0,158
2010-01-28,83,61,0,144
2010-01-29,91,56,0,147
2010-01-30,94,67,0,161
2010-01-31,96,68,0,164
2010-02-01,99,61,0,160
2010-02-02,97,55,0,152
2010-02-03,87,55,0,142
2010-02-04,86,62,0,148
2010-02-05,84,63,0,147
2010-02-06,95,50,0,145
2010-02-07,82,73,0,155
2010-02-08,105,63,0,168
2010-02-09,107,62,0,169
2010-02-10,102,71,0,173
2010-02-11,105,66,0,171
2010-02-12,96,71,0,167
2010-02-13,93,66,0,159
2010-02-14,98,38,0,136
2010-02-15,97,60,0,157
2010-02-16,91,72,0,163
2010-02-17,92,70,0,162
2010-02-18,87,61,0,148
2010-02-19,81,67,0,148
2010-02-20,75,53,0,128
2010-02-21,82,56,0,138
2010-02-22,102,55,0,157
2010-02-23,96,58,0,154
2010-02-24,102,56,0,158
2010-02-25,91,55,0,146
2010-02-26,91,61,0,152
2010-02-27,77,56,0,133
2010-02-28,104,60,0,164
2010-03-01,101,66,0,167
2010-03-02,84,44,0,128
2010-03-03,80,68,0,148
2010-03-04,95,60,0,155
2010-03-05,96,61,0,157
2010-03-06,88,56,0,144
2010-03-07,76,53,0,129
2010-03-08,91,53,0,144
2010-03-09,83,63,0,146
2010-03-10,89,61,0,150
2010-03-11,77,65,0,142
2010-03-12,82,51,0,133
2010-03-13,76,66,0,142
2010-03-14,72,42,0,114
2010-03-15,76,73,0,149
2010-03-16,85,67,0,152
2010-03-17,83,56,0,139
2010-03-18,88,54,0,142
2010-03-19,79,48,0,127
2010-03-20,74,53,0,127
2010-03-21,86,59,0,145
2010-03-22,73,62,0,135
2010-03-23,72,51,0,123
2010-03-24,66,45,0,111
2010-03-25,92,49,0,141
2010-03-26,65,64,0,129
2010-03-27,99,47,0,146
2010-03-28,88,57,0,145
2010-03-29,92,53,0,145
2010-03-30,86,64,0,150
2010-03-31,64,67,0,131
2010-04-01,93,56,0,149
2010-04-02,92,55,0,147
2010-04-03,94,63,0,157
2010-04-04,89,51,0,140
2010-04-05,85,55,0,140
2010-04-06,61,51,0,112
2010-04-07,74,59,0,133
2010-04-08,94,52,0,146
2010-04-09,92,60,0,152
2010-04-10,79,58,0,137
2010-04-11,88,67,0,155
2010-04-12,74,49,0,123
2010-04-13,82,62,0,144
2010-04-14,86,53,0,139
2010-04-15,80,49,0,129
2010-04-16,80,49,0,129
2010-04-17,73,50,0,123
2010-04-18,90,50,0,140
2010-04-19,67,48,0,115
2010-04-20,82,62,0,144
2010-04-21,90,59,0,149
2010-04-22,76,53,0,129
2010-04-23,84,61,0,145
2010-04-24,80,45,0,125
2010-04-25,87,41,0,128
2010-04-26,94,55,0,149
2010-04-27,73,62,0,135
2010-04-28,85,65,0,150
2010-04-29,75,61,0,136
2010-04-30,73,63,0,136
2010-05-01,84,42,0,126
2010-05-02,75,55,0,130
2010-05-03,96,50,0,146
2010-05-04,78,61,0,139
2010-05-05,93,72,0,165
2010-05-06,71,54,0,125
2010-05-07,86,66,0,152
2010-05-08,79,67,0,146
2010-05-09,101,56,0,157
2010-05-10,90,70,0,160
2010-05-11,83,65,0,148
2010-05-12,80,64,0,144
2010-05-13,98,50,0,148
2010-05-14,90,76,0,166
2010-05-15,78,59,0,137
2010-05-16,86,77,0,163
2010-05-17,102,81,0,183
2010-05-18,80,58,0,138
2010-05-19,78,53,0,131
2010-05-20,83,61,0,144
2010-05-21,87,63,0,150
2010-05-22,96,64,0,160
2010-05-23,91,50,0,141
2010-05-24,110,59,0,169
2010-05-25,107,71,0,178
2010-05-26,113,87,0,200
2010-05-27,110,71,0,181
2010-05-28,96,74,0,170
2010-05-29,126,94,0,220
2010-05-30,117,69,0,186
2010-05-31,90,55,0,145
2010-06-01,104,61,0,165
2010-06-02,111,78,0,189
2010-06-03,123,72,0,195
2010-06-04,115,93,0,208
2010-06-05,89,69,0,158
2010-06-06,95,79,0,174
2010-06-07,90,58,0,148
2010-06-08,97,44,0,141
2010-06-09,107,46,0,153
2010-06-10,80,66,0,146
2010-06-11,76,39,0,115
2010-06-12,74,61,0,135
2010-06-13,77,56,0,133
2010-06-14,81,64,0,145
2010-06-15,90,73,0,163
2010-06-16,84,62,0,146
2010-06-17,79,60,0,139
2010-06-18,81,46,0,127
2010-06-19,77,39,0,116
2010-06-20,70,52,0,122
2010-06-21,82,44,0,126
2010-06-22,88,52,0,140
2010-06-23,93,47,0,140
2010-06-24,90,51,0,141
2010-06-25,81,44,0,125
2010-06-26,84,64,0,148
2010-06-27,87,58,0,145
2010-06-28,85,51,0,136
2010-06-29,85,50,0,135
2010-06-30,71,57,0,128
2010-07-01,65,42,0,107
2010-07-02,77,55,0,132
2010-07-03,82,58,0,140
2010-07-04,96,47,0,143
2010-07-05,92,44,0,136
2010-07-06,95,56,0,151
2010-07-07,89,49,0,138
2010-07-08,92,50,0,142
2010-07-09,72,70,0,142
2010-07-10,102,54,0,156
2010-07-11,86,42,0,128
2010-07-12,88,55,0,143
2010-07-13,66,39,0,105
2010-07-14,76,57,0,133
2010-07-15,107,62,0,169
2010-07-16,101,69,0,170
2010-07-17,89,44,0,133
2010-07-18,89,58,0,147
2010-07-19,80,76,0,156
2010-07-20,90,55,0,145
2010-07-21,85,54,0,139
2010-07-22,93,55,0,148
2010-07-23,78,65,0,143
2010-07-24,81,58,0,139
2010-07-25,99,69,0,168
2010-07-26,78,51,0,129
2010-07-27,88,64,0,152
2010-07-28,95,71,0,166
2010-07-29,74,49,0,123
2010-07-30,93,57,0,150
2010-07-31,121,50,0,171
2010-08-01,89,65,0,154
2010-08-02,94,70,0,164
2010-08-03,99,52,0,151
2010-08-04,104,49,0,153
2010-08-05,93,77,0,170
2010-08-06,90,56,0,146
2010-08-07,99,48,0,147
2010-08-08,108,70,0,178
2010-08-09,98,69,0,167
2010-08-10,83,61,0,144
2010-08-11,94,58,0,152
2010-08-12,88,78,0,166
2010-08-13,86,53,0,139
2010-08-14,94,67,0,161
2010-08-15,78,69,0,147
2010-08-16,106,58,0,164
2010-08-17,91,53,0,144
2010-08-18,89,46,0,135
2010-08-19,99,52,0,151
2010-08-20,90,57,0,147
2010-08-21,88,61,0,149
2010-08-22,84,50,0,134
2010-08-23,95,50,0,145
2010-08-24,88,48,0,136
2010-08-25,91,57,0,148
2010-08-26,107,60,0,167
2010-08-27,90,61,0,151
2010-08-28,95,62,0,157
2010-08-29,79,58,0,137
2010-08-30,103,57,0,160
2010-08-31,90,64,0,154
2010-09-01,99,62,0,161
2010-09-02,104,65,0,169
2010-09-03,94,47,0,141
2010-09-04,89,65,0,154
2010-09-05,93,44,0,137
2010-09-06,116,50,0,166
2010-09-07,111,72,0,183
2010-09-08,94,70,0,164
2010-09-09,86,71,0,157
2010-09-10,115,50,0,165
2010-09-11,90,63,0,153
2010-09-12,94,60,0,154
2010-09-13,110,58,0,168
2010-09-14,114,52,0,166
2010-09-15,93,58,0,151
2010-09-16,87,70,0,157
2010-09-17,96,59,0,155
2010-09-18,99,67,0,166
2010-09-19,98,89,0,187
2010-09-20,117,65,0,182
2010-09-21,103,77,0,180
2010-09-22,86,65,0,151
2010-09-23,99,53,0,152
2010-09-24,110,57,0,167
2010-09-25,90,61,0,151
2010-09-26,108,62,0,170
2010-09-27,80,60,0,140
2010-09-28,85,64,0,149
2010-09-29,84,58,0,142
2010-09-30,106,50,0,156
2010-10-01,87,52,0,139
2010-10-02,84,54,0,138
2010-10-03,69,60,0,129
2010-10-04,75,68,0,143
2010-10-05,91,57,0,148
2010-10-06,89,55,0,144
2010-10-07,87,63,0,150
2010-10-08,101,60,0,161
2010-10-09,68,68,0,136
2010-10-10,98,78,0,176
2010-10-11,85,72,0,157
2010-10-12,102,65,0,167
2010-10-13,100,65,0,165
2010-10-14,106,63,0,169
2010-10-15,93,70,0,163
2010-10-16,96,56,0,152
2010-10-17,75,60,0,135
2010-10-18,89,69,0,158
2010-10-19,98,65,0,163
2010-10-20,102,65,0,167
2010-10-21,96,53,0,149
2010-10-22,88,59,0,147
2010-10-23,100,53,0,153
2010-10-24,86,52,0,138
2010-10-25,91,52,0,143
2010-10-26,94,57,0,151
2010-10-27,88,58,0,146
2010-10-28,86,63,0,149
2010-10-29,81,45,0,126
2010-10-30,89,39,0,128
2010-10-31,87,55,0,142
2010-11-01,96,60,0,156
2010-11-02,92,65,0,157
2010-11-03,83,54,0,137
2010-11-04,92,51,0,143
2010-11-05,95,66,0,161
2010-11-06,91,54,0,145
2010-11-07,85,58,0,143
2010-11-08,119,65,0,184
2010-11-09,106,72,0,178
2010-11-10,88,57,0,145
2010-11-11,96,59,0,155
2010-11-12,119,53,0,172
2010-11-13,101,48,0,149
2010-11-14,80,65,0,145
2010-11-15,104,63,0,167
2010-11-16,85,62,0,147
2010-11-17,86,60,0,146
2010-11-18,77,63,0,140
2010-11-19,101,67,0,168
2010-11-20,65,53,0,118
2010-11-21,105,61,0,166
2010-11-22,98,59,0,157
2010-11-23,97,60,0,157
2010-11-24,95,72,0,167
2010-11-25,83,49,0,132
2010-11-26,84,75,0,159
2010-11-27,91,50,0,141
2010-11-28,102,51,0,153
2010-11-29,85,58,0,143
2010-11-30,90,61,0,151
2010-12-01,88,62,0,150
2010-12-02,88,50,0,138
2010-12-03,95,60,0,155
2010-12-04,74,59,0,133
2010-12-05,99,52,0,151
2010-12-06,92,58,0,150
2010-12-07,104,55,0,159
2010-12-08,99,65,0,164
2010-12-09,99,65,0,164
2010-12-10,95,66,0,161
2010-12-11,85,75,0,160
2010-12-12,100,55,0,155
2010-12-13,96,58,0,154
2010-12-14,96,60,0,156
2010-12-15,85,50,0,135
2010-12-16,98,60,0,158
2010-12-17,89,68,0,157
2010-12-18,103,51,0,154
2010-12-19,100,52,0,152
2010-12-20,118,64,0,182
2010-12-21,103,66,0,169
2010-12-22,106,66,0,172
2010-12-23,99,62,0,161
2010-12-24,111,68,0,179
2010-12-25,107,73,0,180
2010-12-26,118,63,0,181
2010-12-27,121,82,0,203
2010-12-28,93,80,0,173
2010-12-29,109,75,0,184
2010-12-30,99,72,0,171
2010-12-31,91,71,0,162
2011-01-01,117,77,0,194
2011-01-02,117,58,0,175
2011-01-03,106,64,0,170
2011-01-04,97,73,0,170
2011-01-05,103,48,0,151
2011-01-06,87,73,0,160
2011-01-07,81,60,0,141
2011-01-08,104,55,0,159
2011-01-09,115,74,0,189
2011-01-10,107,94,0,201
2011-01-11,115,72,0,187
2011-01-12,109,71,0,180
2011-01-13,118,72,0,190
2011-01-14,99,50,0,149
2011-01-15,99,57,0,156
2011-01-16,116,57,0,173
2011-01-17,112,42,0,154
2011-01-18,103,61,0,164
2011-01-19,108,65,0,173
2011-01-20,117,73,0,190
2011-01-21,100,63,0,163
2011-01-22,99,79,0,178
2011-01-23,103,79,0,182
2011-01-24,116,60,0,176
2011-01-25,96,73,0,169
2011-01-26,119,58,0,177
2011-01-27,105,60,0,165
2011-01-28,100,71,0,171
2011-01-29,86,60,0,146
2011-01-30,100,55,0,155
2011-01-31,108,67,0,175
2011-02-01,106,66,0,172
2011-02-02,90,74,0,164
2011-02-03,101,65,0,166
2011-02-04,80,68,0,148
2011-02-05,81,66,0,147
2011-02-06,90,65,0,155
2011-02-07,95,68,0,163
2011-02-08,107,64,0,171
2011-02-09,95,83,0,178
2011-02-10,79,72,0,151
2011-02-11,101,69,0,170
2011-02-12,97,76,0,173
2011-02-13,88,75,0,163
2011-02-14,107,59,0,166
2011-02-15,97,54,0,151
2011-02-16,100,55,0,155
2011-02-17,92,56,0,148
2011-02-18,78,60,0,138
2011-02-19,88,62,0,150
2011-02-20,96,65,0,161
2011-02-21,105,67,0,172
2011-02-22,89,45,0,134
2011-02-23,85,55,0,140
2011-02-24,86,53,0,139
2011-02-25,95,53,0,148
2011-02-26,74,56,0,130
2011-02-27,99,69,0,168
2011-02-28,96,57,0,153
2011-03-01,113,71,0,184
2011-03-02,80,68,0,148
2011-03-03,91,61,0,152
2011-03-04,97,75,0,172
2011-03-05,103,64,0,167
2011-03-06,93,63,0,156
2011-03-07,110,53,0,163
2011-03-08,111,51,0,162
2011-03-09,93,78,0,171
2011-03-10,90,63,0,153
2011-03-11,104,72,0,176
2011-03-12,90,67,0,157
2011-03-13,92,57,0,149
2011-03-14,92,49,0,141
2011-03-15,74,51,0,125
2011-03-16,109,47,0,156
2011-03-17,83,60,0,143
2011-03-18,90,45,0,135
2011-03-19,78,38,0,116
2011-03-20,75,63,0,138
2011-03-21,97,65,0,162
2011-03-22,85,66,0,151
2011-03-23,84,66,0,150
2011-03-24,72,59,0,131
2011-03-25,73,50,0,123
2011-03-26,70,58,0,128
2011-03-27,78,57,0,135
2011-03-28,98,41,0,139
2011-03-29,75,75,0,150
2011-03-30,98,45,0,143
2011-03-31,90,62,0,152
2011-04-01,72,64,0,136
2011-04-02,67,50,0,117
2011-04-03,88,66,0,154
2011-04-04,102,79,0,181
2011-04-05,55,52,0,107
2011-04-06,83,53,0,136
2011-04-07,96,49,0,145
2011-04-08,83,64,0,147
2011-04-09,84,56,0,140
2011-04-10,96,69,0,165
2011-04-11,77,64,0,141
2011-04-12,86,59,0,145
2011-04-13,79,48,0,127
2011-04-14,94,81,0,175
2011-04-15,74,66,0,140
2011-04-16,79,48,0,127
2011-04-17,95,56,0,151
2011-04-18,75,52,0,127
2011-04-19,86,42,0,128
2011-04-20,98,68,0,166
2011-04-21,79,60,0,139
2011-04-22,83,46,0,129
2011-04-23,98,57,0,155
2011-04-24,91,54,0,145
2011-04-25,88,53,0,141
2011-04-26,87,48,0,135
2011-04-27,94,52,0,146
2011-04-28,81,66,0,147
2011-04-29,99,69,0,168
2011-04-30,86,55,0,141
2011-05-01,81,53,0,134
2011-05-02,91,65,0,156
2011-05-03,102,77,0,179
2011-05-04,117,73,0,190
2011-05-05,96,63,0,159
2011-05-06,98,66,0,164
2011-05-07,115,95,0,210
2011-05-08,120,88,0,208
2011-05-09,108,84,0,192
2011-05-10,94,64,0,158
2011-05-11,90,68,0,158
2011-05-12,107,53,0,160
2011-05-13,99,60,0,159
2011-05-14,81,69,0,150
2011-05-15,82,60,0,142
2011-05-16,80,55,0,135
2011-05-17,97,52,0,149
2011-05-18,89,66,0,155
2011-05-19,94,60,0,154
2011-05-20,77,70,0,147
2011-05-21,95,50,0,145
2011-05-22,95,51,0,146
2011-05-23,105,60,0,165
2011-05-24,105,59,0,164
2011-05-25,88,57,0,145
2011-05-26,81,62,0,143
2011-05-27,83,50,0,133
2011-05-28,95,61,0,156
2011-05-29,98,55,0,153
2011-05-30,104,59,0,163
2011-05-31,89,54,0,143
2011-06-01,82,48,0,130
2011-06-02,70,72,0,142
2011-06-03,76,68,0,144
2011-06-04,95,58,0,153
2011-06-05,86,54,0,140
2011-06-06,104,59,0,163
2011-06-07,92,75,0,167
2011-06-08,85,67,0,152
2011-06-09,90,59,0,149
2011-06-10,90,64,0,154
2011-06-11,87,50,0,137
2011-06-12,82,55,0,137
2011-06-13,73,62,0,135
2011-06-14,99,46,0,145
2011-06-15,88,49,0,137
2011-06-16,89,57,0,146
2011-06-17,87,55,0,142
2011-06-18,93,70,0,163
2011-06-19,108,61,0,169
2011-06-20,113,68,0,181
2011-06-21,97,64,0,161
2011-06-22,89,58,0,147
2011-06-23,88,39,0,127
2011-06-24,84,64,0,148
2011-06-25,69,55,0,124
2011-06-26,72,58,0,130
2011-06-27,83,57,0,140
2011-06-28,91,58,0,149
2011-06-29,73,60,0,133
2011-06-30,97,64,0,161
2011-07-01,91,53,0,144
2011-07-02,88,34,0,122
2011-07-03,84,58,0,142
2011-07-04,101,43,0,144
2011-07-05,89,51,0,140
2011-07-06,77,56,0,133
2011-07-07,71,45,0,116
2011-07-08,94,65,0,159
2011-07-09,107,62,0,169
2011-07-10,111,62,0,173
2011-07-11,87,66,0,153
2011-07-12,81,55,0,136
2011-07-13,82,71,0,153
2011-07-14,80,55,0,135
2011-07-15,87,47,0,134
2011-07-16,65,60,0,125
2011-07-17,79,45,0,124
2011-07-18,77,56,0,133
2011-07-19,80,54,0,134
2011-07-20,79,49,0,128
2011-07-21,83,55,0,138
2011-07-22,86,48,0,134
2011-07-23,79,65,0,144
2011-07-24,113,55,0,168
2011-07-25,91,47,0,138
2011-07-26,75,48,0,123
2011-07-27,90,34,0,124
2011-07-28,86,51,0,137
2011-07-29,81,49,0,130
2011-07-30,86,57,0,143
2011-07-31,83,48,0,131
2011-08-01,86,46,0,132
2011-08-02,92,58,0,150
2011-08-03,92,49,0,141
2011-08-04,79,48,0,127
2011-08-05,83,62,0,145
2011-08-06,84,49,0,133
2011-08-07,104,54,0,158
2011-08-08,90,72,0,162
2011-08-09,93,60,0,153
2011-08-10,84,60,0,144
2011-08-11,91,49,0,140
2011-08-12,111,45,0,156
2011-08-13,75,57,0,132
2011-08-14,84,65,0,149
2011-08-15,100,52,0,152
2011-08-16,92,51,0,143
2011-08-17,83,54,0,137
2011-08-18,100,60,0,160
2011-08-19,101,46,0,147
2011-08-20,78,51,0,129
2011-08-21,86,57,0,143
2011-08-22,88,54,0,142
2011-08-23,84,53,0,137
2011-08-24,82,59,0,141
2011-08-25,92,55,0,147
2011-08-26,86,53,0,139
2011-08-27,89,58,0,147
2011-08-28,86,49,0,135
2011-08-29,103,57,0,160
2011-08-30,92,46,0,138
2011-08-31,77,53,0,130
2011-09-01,79,45,0,124
2011-09-02,106,65,0,171
2011-09-03,100,50,0,150
2011-09-04,96,62,0,158
2011-09-05,83,72,0,155
2011-09-06,92,57,0,149
2011-09-07,99,47,0,146
2011-09-08,87,68,0,155
2011-09-09,97,57,0,154
2011-09-10,105,46,0,151
2011-09-11,105,65,0,170
2011-09-12,113,72,0,185
2011-09-13,88,55,0,143
2011-09-14,100,55,0,155
2011-09-15,99,70,0,169
2011-09-16,113,55,0,168
2011-09-17,86,55,0,141
2011-09-18,107,51,0,158
2011-09-19,88,60,0,148
2011-09-20,72,63,0,135
2011-09-21,98,67,0,165
2011-09-22,99,46,0,145
2011-09-23,80,41,0,121
2011-09-24,91,45,0,136
2011-09-25,82,55,0,137
2011-09-26,103,53,0,156
2011-09-27,79,54,0,133
2011-09-28,86,49,0,135
2011-09-29,91,51,0,142
2011-09-30,70,39,0,109
2011-10-01,85,49,0,134
2011-10-02,84,68,0,152
2011-10-03,88,47,0,135
2011-10-04,103,69,0,172
2011-10-05,90,50,0,140
2011-10-06,86,57,0,143
2011-10-07,84,67,0,151
2011-10-08,90,57,0,147
2011-10-09,98,49,0,147
2011-10-10,94,50,0,144
2011-10-11,73,47,0,120
2011-10-12,82,45,0,127
2011-10-13,87,54,0,141
2011-10-14,108,56,0,164
2011-10-15,88,61,0,149
2011-10-16,79,41,0,120
2011-10-17,70,47,0,117
2011-10-18,91,53,0,144
2011-10-19,93,57,0,150
2011-10-20,97,58,0,155
2011-10-21,84,46,0,130
2011-10-22,78,58,0,136
2011-10-23,73,53,0,126
2011-10-24,57,44,0,101
2011-10-25,87,54,0,141
2011-10-26,68,52,0,120
2011-10-27,90,58,0,148
2011-10-28,84,62,0,146
2011-10-29,86,56,0,142
2011-10-30,82,50,0,132
2011-10-31,90,65,0,155
2011-11-01,97,42,0,139
2011-11-02,96,51,0,147
2011-11-03,92,49,0,141
2011-11-04,97,64,0,161
2011-11-05,70,55,0,125
2011-11-06,107,53,0,160
2011-11-07,111,70,0,181
2011-11-08,106,66,0,172
2011-11-09,120,76,0,196
2011-11-10,100,68,0,168
2011-11-11,93,71,0,164
2011-11-12,103,69,0,172
2011-11-13,98,56,0,154
2011-11-14,113,68,0,181
2011-11-15,101,76,0,177
2011-11-16,130,82,0,212
2011-11-17,128,83,0,211
2011-11-18,85,63,0,148
2011-11-19,98,59,0,157
2011-11-20,104,60,0,164
2011-11-21,82,61,0,143
2011-11-22,84,57,0,141
2011-11-23,105,58,0,163
2011-11-24,95,68,0,163
2011-11-25,99,59,0,158
2011-11-26,87,66,0,153
2011-11-27,92,55,0,147
2011-11-28,88,67,0,155
2011-11-29,92,75,0,167
2011-11-30,98,51,0,149
2011-12-01,95,57,0,152
2011-12-02,108,64,0,172
2011-12-03,90,71,0,161
2011-12-04,94,46,0,140
2011-12-05,96,65,0,161
2011-12-06,77,60,0,137
2011-12-07,99,74,0,173
2011-12-08,85,57,0,142
2011-12-09,103,58,0,161
2011-12-10,89,67,0,156
2011-12-11,90,70,0,160
2011-12-12,92,63,0,155
2011-12-13,87,74,0,161
2011-12-14,101,42,0,143
2011-12-15,100,61,0,161
2011-12-16,97,70,0,167
2011-12-17,97,68,0,165
2011-12-18,112,62,0,174
2011-12-19,105,72,0,177
2011-12-20,81,77,0,158
2011-12-21,102,65,0,167
2011-12-22,100,71,0,171
2011-12-23,79,83,0,162
2011-12-24,91,70,0,161
2011-12-25,97,59,0,156
2011-12-26,106,76,0,182
2011-12-27,105,62,0,167
2011-12-28,93,53,0,146
2011-12-29,93,83,0,176
2011-12-30,92,53,0,145
2011-12-31,108,57,0,165
2012-01-01,126,60,0,186
2012-01-02,128,73,0,201
2012-01-03,115,72,0,187
2012-01-04,120,62,0,182
2012-01-05,125,66,0,191
2012-01-06,114,77,0,191
2012-01-07,98,72,0,170
2012-01-08,78,59,0,137
2012-01-09,113,80,0,193
2012-01-10,113,61,0,174
2012-01-11,97,68,0,165
2012-01-12,94,69,0,163
2012-01-13,81,57,0,138
2012-01-14,92,55,0,147
2012-01-15,108,63,0,171
2012-01-16,110,56,0,166
2012-01-17,96,75,0,171
2012-01-18,111,81,0,192
2012-01-19,109,76,0,185
2012-01-20,113,59,0,172
2012-01-21,88,63,0,151
2012-01-22,104,67,0,171
2012-01-23,111,64,0,175
2012-01-24,116,58,0,174
2012-01-25,110,72,0,182
2012-01-26,99,68,0,167
2012-01-27,94,68,0,162
2012-01-28,99,66,0,165
2012-01-29,108,65,0,173
2012-01-30,98,57,0,155
2012-01-31,108,78,0,186
2012-02-01,100,73,0,173
2012-02-02,86,59,0,145
2012-02-03,90,66,0,156
2012-02-04,96,66,0,162
2012-02-05,91,66,0,157
2012-02-06,108,69,0,177
2012-02-07,80,57,0,137
2012-02-08,89,58,0,147
2012-02-09,109,62,0,171
2012-02-10,83,58,0,141
2012-02-11,83,80,0,163
2012-02-12,108,68,0,176
2012-02-13,114,56,0,170
2012-02-14,96,73,0,169
2012-02-15,99,77,0,176
2012-02-16,100,53,0,153
2012-02-17,102,73,0,175
2012-02-18,93,57,0,150
2012-02-19,92,59,0,151
2012-02-20,90,55,0,145
2012-02-21,86,65,0,151
2012-02-22,81,72,0,153
2012-02-23,92,66,0,158
2012-02-24,84,62,0,146
2012-02-25,97,50,0,147
2012-02-26,113,55,0,168
2012-02-27,93,58,0,151
2012-02-28,81,62,0,143
2012-02-29,77,49,0,126
2012-03-01,86,53,0,139
2012-03-02,99,54,0,153
2012-03-03,97,60,0,157
2012-03-04,101,75,0,176
2012-03-05,93,58,0,151
2012-03-06,84,68,0,152
2012-03-07,93,76,0,169
2012-03-08,101,49,0,150
2012-03-09,103,47,0,150
2012-03-10,100,54,0,154
2012-03-11,88,63,0,151
2012-03-12,105,77,0,182
2012-03-13,99,64,0,163
2012-03-14,94,50,0,144
2012-03-15,101,55,0,156
2012-03-16,99,59,0,158
2012-03-17,98,67,0,165
2012-03-18,82,55,0,137
2012-03-19,80,55,0,135
2012-03-20,87,45,0,132
2012-03-21,79,51,0,130
2012-03-22,86,58,0,144
2012-03-23,79,40,0,119
2012-03-24,85,65,0,150
2012-03-25,84,36,0,120
2012-03-26,87,60,0,147
2012-03-27,104,60,0,164
2012-03-28,89,64,0,153
2012-03-29,93,55,0,148
2012-03-30,90,40,0,130
2012-03-31,79,52,0,131
2012-04-01,99,52,0,151
2012-04-02,72,36,0,108
2012-04-03,89,61,0,150
2012-04-04,94,60,0,154
2012-04-05,92,50,0,142
2012-04-06,80,55,0,135
2012-04-07,85,61,0,146
2012-04-08,78,48,0,126
2012-04-09,88,53,0,141
2012-04-10,78,56,0,134
2012-04-11,111,51,0,162
2012-04-12,83,53,0,136
2012-04-13,82,57,0,139
2012-04-14,101,64,0,165
2012-04-15,97,66,0,163
2012-04-16,107,59,0,166
2012-04-17,88,52,0,140
2012-04-18,92,70,0,162
2012-04-19,77,54,0,131
2012-04-20,80,67,0,147
2012-04-21,90,46,0,136
2012-04-22,86,66,0,152
2012-04-23,103,53,0,156
2012-04-24,105,63,0,168
2012-04-25,89,64,0,153
2012-04-26,90,63,0,153
2012-04-27,103,50,0,153
2012-04-28,79,57,0,136
2012-04-29,92,68,0,160
2012-04-30,107,52,0,159
2012-05-01,85,54,0,139
2012-05-02,80,57,0,137
2012-05-03,79,53,0,132
2012-05-04,99,71,0,170
2012-05-05,98,74,0,172
2012-05-06,90,52,0,142
2012-05-07,84,58,0,142
2012-05-08,90,61,0,151
2012-05-09,91,57,0,148
2012-05-10,83,55,0,138
2012-05-11,90,59,0,149
2012-05-12,91,52,0,143
2012-05-13,100,70,0,170
2012-05-14,102,64,0,166
2012-05-15,99,61,0,160
2012-05-16,94,66,0,160
2012-05-17,113,75,0,188
2012-05-18,109,70,0,179
2012-05-19,102,71,0,173
2012-05-20,96,72,0,168
2012-05-21,117,68,0,185
2012-05-22,94,77,0,171
2012-05-23,121,82,0,203
2012-05-24,122,84,0,206
2012-05-25,143,102,0,245
2012-05-26,147,116,0,263
2012-05-27,166,100,0,266
2012-05-28,147,135,0,282
2012-05-29,150,124,0,274
2012-05-30,153,151,0,304
2012-05-31,158,135,0,293
2012-06-01,153,117,0,270
2012-06-02,131,115,0,246
2012-06-03,142,111,0,253
2012-06-04,131,103,0,234
2012-06-05,132,96,0,228
2012-06-06,125,100,0,225
2012-06-07,103,92,0,195
2012-06-08,124,94,0,218
2012-06-09,112,59,0,171
2012-06-10,131,90,0,221
2012-06-11,117,87,0,204
2012-06-12,105,71,0,176
2012-06-13,81,66,0,147
2012-06-14,101,63,0,164
2012-06-15,83,51,0,134
2012-06-16,74,62,0,136
2012-06-17,95,69,0,164
2012-06-18,94,62,0,156
2012-06-19,96,42,0,138
2012-06-20,67,55,0,122
2012-06-21,94,50,0,144
2012-06-22,94,67,0,161
2012-06-23,82,59,0,141
2012-06-24,81,51,0,132
2012-06-25,98,56,0,154
2012-06-26,69,41,0,110
2012-06-27,63,59,0,122
2012-06-28,73,63,0,136
2012-06-29,69,52,0,121
2012-06-30,84,54,0,138
2012-07-01,76,39,0,115
2012-07-02,76,46,0,122
2012-07-03,84,47,0,131
2012-07-04,100,50,0,150
2012-07-05,101,73,0,174
2012-07-06,75,52,0,127
2012-07-07,87,50,0,137
2012-07-08,71,55,0,126
2012-07-09,86,53,0,139
2012-07-10,90,60,0,150
2012-07-11,93,65,0,158
2012-07-12,89,52,0,141
2012-07-13,90,54,0,144
2012-07-14,75,40,0,115
2012-07-15,90,56,0,146
2012-07-16,88,59,0,147
2012-07-17,73,51,0,124
2012-07-18,99,55,0,154
2012-07-19,103,45,0,148
2012-07-20,74,61,0,135
2012-07-21,95,54,0,149
2012-07-22,99,51,0,150
2012-07-23,90,64,0,154
2012-07-24,106,72,0,178
2012-07-25,88,60,0,148
2012-07-26,76,52,0,128
2012-07-27,91,46,0,137
2012-07-28,84,51,0,135
2012-07-29,87,49,0,136
2012-07-30,82,57,0,139
2012-07-31,69,49,0,118
2012-08-01,89,59,0,148
2012-08-02,73,60,0,133
2012-08-03,108,56,0,164
2012-08-04,78,57,0,135
2012-08-05,80,54,0,134
2012-08-06,95,68,0,163
2012-08-07,93,43,0,136
2012-08-08,93,59,0,152
2012-08-09,99,38,0,137
2012-08-10,93,56,0,149
2012-08-11,83,61,0,144
2012-08-12,85,54,0,139
2012-08-13,102,53,0,155
2012-08-14,98,48,0,146
2012-08-15,92,72,0,164
2012-08-16,94,36,0,130
2012-08-17,96,65,0,161
2012-08-18,97,44,0,141
2012-08-19,100,62,0,162
2012-08-20,92,65,0,157
2012-08-21,86,66,0,152
2012-08-22,90,60,0,150
2012-08-23,84,64,0,148
2012-08-24,87,53,0,140
2012-08-25,93,54,0,147
2012-08-26,91,41,0,132
2012-08-27,89,51,0,140
2012-08-28,74,54,0,128
2012-08-29,98,45,0,143
2012-08-30,83,49,0,132
2012-08-31,80,69,0,149
2012-09-01,103,60,0,163
2012-09-02,89,46,0,135
2012-09-03,94,65,0,159
2012-09-04,104,59,0,163
2012-09-05,98,55,0,153
2012-09-06,93,64,0,157
2012-09-07,96,45,0,141
2012-09-08,90,58,0,148
2012-09-09,95,56,0,151
2012-09-10,100,50,0,150
2012-09-11,101,62,0,163
2012-09-12,109,63,0,172
2012-09-13,102,55,0,157
2012-09-14,91,47,0,138
2012-09-15,86,44,0,130
2012-09-16,73,60,0,133
2012-09-17,94,70,0,164
2012-09-18,96,47,0,143
2012-09-19,93,58,0,151
2012-09-20,98,69,0,167
2012-09-21,87,74,0,161
2012-09-22,80,53,0,133
2012-09-23,93,61,0,154
2012-09-24,104,46,0,150
2012-09-25,101,65,0,166
2012-09-26,94,73,0,167
2012-09-27,80,60,0,140
2012-09-28,90,57,0,147
2012-09-29,99,45,0,144
2012-09-30,80,53,0,133
2012-10-01,103,56,0,159
2012-10-02,93,66,0,159
2012-10-03,98,63,0,161
2012-10-04,87,62,0,149
2012-10-05,91,54,0,145
2012-10-06,93,65,0,158
2012-10-07,74,65,0,139
2012-10-08,93,59,0,152
2012-10-09,96,62,0,158
2012-10-10,97,53,0,150
2012-10-11,107,58,0,165
2012-10-12,98,57,0,155
2012-10-13,81,50,0,131
2012-10-14,89,59,0,148
2012-10-15,85,59,0,144
2012-10-16,111,60,0,171
2012-10-17,87,63,0,150
2012-10-18,99,73,0,172
2012-10-19,86,49,0,135
2012-10-20,89,62,0,151
2012-10-21,88,57,0,145
2012-10-22,102,57,0,159
2012-10-23,87,55,0,142
2012-10-24,94,64,0,158
2012-10-25,104,69,0,173
2012-10-26,94,69,0,163
2012-10-27,104,49,0,153
2012-10-28,114,60,0,174
2012-10-29,113,59,0,172
2012-10-30,91,59,0,150
2012-10-31,109,77,0,186
2012-11-01,105,55,0,160
2012-11-02,139,56,0,195
2012-11-03,89,73,0,162
2012-11-04,107,66,0,173
2012-11-05,125,71,0,196
2012-11-06,90,80,0,170
2012-11-07,116,71,0,187
2012-11-08,92,67,0,159
2012-11-09,95,74,0,169
2012-11-10,105,68,0,173
2012-11-11,97,56,0,153
2012-11-12,95,62,0,157
2012-11-13,109,52,0,161
2012-11-14,106,51,0,157
2012-11-15,118,80,0,198
2012-11-16,106,74,0,180
2012-11-17,119,81,0,200
2012-11-18,103,73,0,176
2012-11-19,118,75,0,193
2012-11-20,96,67,0,163
2012-11-21,91,78,0,169
2012-11-22,99,61,0,160
2012-11-23,84,66,0,150
2012-11-24,116,62,0,178
2012-11-25,99,50,0,149
2012-11-26,97,62,0,159
2012-11-27,85,62,0,147
2012-11-28,98,56,0,154
2012-11-29,124,68,0,192
2012-11-30,97,68,0,165
2012-12-01,93,66,0,159
2012-12-02,100,65,0,165
2012-12-03,90,74,0,164
2012-12-04,92,54,0,146
2012-12-05,103,57,0,160
2012-12-06,94,58,0,152
2012-12-07,90,61,0,151
2012-12-08,106,62,0,168
2012-12-09,99,62,0,161
2012-12-10,111,66,0,177
2012-12-11,101,76,0,177
2012-12-12,112,76,0,188
2012-12-13,104,64,0,168
2012-12-14,105,54,0,159
2012-12-15,88,47,0,135
2012-12-16,74,64,0,138
2012-12-17,97,70,0,167
2012-12-18,95,67,0,162
2012-12-19,102,47,0,149
2012-12-20,110,70,0,180
2012-12-21,99,57,0,156
2012-12-22,93,72,0,165
2012-12-23,81,59,0,140
2012-12-24,107,54,0,161
2012-12-25,106,57,0,163
2012-12-26,86,59,0,145
2012-12-27,98,61,0,159
2012-12-28,103,45,0,148
2012-12-29,85,58,0,143
2012-12-30,105,74,0,179
2012-12-31,96,61,0,157
2013-01-01,102,53,0,155
2013-01-02,93,57,0,150
2013-01-03,96,59,0,155
2013-01-04,107,69,0,176
2013-01-05,89,54,0,143
2013-01-06,100,63,0,163
2013-01-07,90,64,0,154
2013-01-08,99,62,0,161
2013-01-09,93,49,0,142
2013-01-10,99,58,0,157
2013-01-11,96,70,0,166
2013-01-12,94,51,0,145
2013-01-13,96,65,0,161
2013-01-14,80,61,0,141
2013-01-15,92,55,0,147
2013-01-16,99,61,0,160
2013-01-17,93,56,0,149
2013-01-18,97,52,0,149
2013-01-19,111,57,0,168
2013-01-20,112,70,0,182
2013-01-21,107,82,0,189
2013-01-22,86,62,0,148
2013-01-23,120,54,0,174
2013-01-24,94,62,0,156
2013-01-25,116,69,0,185
2013-01-26,107,67,0,174
2013-01-27,97,66,0,163
2013-01-28,105,65,0,170
2013-01-29,79,62,0,141
2013-01-30,112,66,0,178
2013-01-31,109,56,0,165
2013-02-01,92,74,0,166
2013-02-02,75,69,0,144
2013-02-03,94,64,0,158
2013-02-04,108,66,0,174
2013-02-05,104,64,0,168
2013-02-06,104,55,0,159
2013-02-07,107,66,0,173
2013-02-08,105,63,0,168
2013-02-09,92,56,0,148
2013-02-10,104,54,0,158
2013-02-11,96,75,0,171
2013-02-12,95,60,0,155
2013-02-13,101,66,0,167
2013-02-14,98,79,0,177
2013-02-15,101,51,0,152
2013-02-16,92,58,0,150
2013-02-17,101,70,0,171
2013-02-18,98,56,0,154
2013-02-19,85,69,0,154
2013-02-20,88,65,0,153
2013-02-21,80,78,0,158
2013-02-22,88,59,0,147
2013-02-23,81,47,0,128
2013-02-24,83,63,0,146
2013-02-25,100,49,0,149
2013-02-26,95,59,0,154
2013-02-27,99,62,0,161
2013-02-28,97,55,0,152
2013-03-01,78,81,0,159
2013-03-02,97,60,0,157
2013-03-03,99,55,0,154
2013-03-04,84,59,0,143
2013-03-05,116,73,0,189
2013-03-06,81,60,0,141
2013-03-07,95,67,0,162
2013-03-08,99,52,0,151
2013-03-09,95,71,0,166
2013-03-10,97,61,0,158
2013-03-11,88,77,0,165
2013-03-12,86,55,0,141
2013-03-13,77,53,0,130
2013-03-14,104,49,0,153
2013-03-15,92,68,0,160
2013-03-16,84,56,0,140
2013-03-17,101,63,0,164
2013-03-18,110,51,0,161
2013-03-19,83,63,0,146
2013-03-20,96,60,0,156
2013-03-21,86,57,0,143
2013-03-22,94,40,0,134
2013-03-23,101,60,0,161
2013-03-24,101,58,0,159
2013-03-25,81,58,0,139
2013-03-26,83,56,0,139
2013-03-27,105,54,0,159
2013-03-28,82,78,0,160
2013-03-29,80,52,0,132
2013-03-30,64,52,0,116
2013-03-31,84,56,0,140
2013-04-01,93,65,0,158
2013-04-02,97,59,0,156
2013-04-03,112,56,0,168
2013-04-04,79,65,0,144
2013-04-05,87,71,0,158
2013-04-06,115,59,0,174
2013-04-07,82,62,0,144
2013-04-08,92,63,0,155
2013-04-09,108,63,0,171
2013-04-10,92,63,0,155
2013-04-11,99,72,0,171
2013-04-12,96,54,0,150
2013-04-13,84,72,0,156
2013-04-14,94,63,0,157
2013-04-15,91,53,0,144
2013-04-16,106,68,0,174
2013-04-17,94,58,0,152
2013-04-18,100,65,0,165
2013-04-19,105,60,0,165
2013-04-20,106,60,0,166
2013-04-21,78,71,0,149
2013-04-22,111,80,0,191
2013-04-23,90,51,0,141
2013-04-24,101,71,0,172
2013-04-25,72,59,0,131
2013-04-26,105,67,0,172
2013-04-27,86,65,0,151
2013-04-28,114,61,0,175
2013-04-29,99,74,0,173
2013-04-30,85,73,0,158
2013-05-01,99,80,0,179
2013-05-02,93,55,0,148
2013-05-03,107,76,0,183
2013-05-04,93,59,0,152
2013-05-05,120,81,0,201
2013-05-06,107,67,0,174
2013-05-07,111,69,0,180
2013-05-08,130,73,0,203
2013-05-09,112,62,0,174
2013-05-10,121,67,0,188
2013-05-11,101,83,0,184
2013-05-12,127,66,0,193
2013-05-13,104,70,0,174
2013-05-14,97,56,0,153
2013-05-15,98,67,0,165
2013-05-16,104,79,0,183
2013-05-17,113,78,0,191
2013-05-18,102,64,0,166
2013-05-19,110,51,0,161
2013-05-20,81,61,0,142
2013-05-21,107,70,0,177
2013-05-22,100,61,0,161
2013-05-23,118,58,0,176
2013-05-24,108,71,0,179
2013-05-25,121,68,0,189
2013-05-26,119,92,0,211
2013-05-27,101,83,0,184
2013-05-28,110,78,0,188
2013-05-29,103,66,0,169
2013-05-30,111,62,0,173
2013-05-31,107,59,0,166
2013-06-01,81,55,0,136
2013-06-02,88,47,0,135
2013-06-03,111,67,0,178
2013-06-04,94,57,0,151
2013-06-05,105,61,0,166
2013-06-06,87,49,0,136
2013-06-07,80,60,0,140
2013-06-08,80,48,0,128
2013-06-09,99,58,0,157
2013-06-10,101,72,0,173
2013-06-11,100,60,0,160
2013-06-12,92,56,0,148
2013-06-13,83,44,0,127
2013-06-14,99,53,0,152
2013-06-15,100,68,0,168
2013-06-16,105,58,0,163
2013-06-17,91,77,0,168
2013-06-18,120,72,0,192
2013-06-19,100,89,0,189
2013-06-20,115,70,0,185
2013-06-21,104,61,0,165
2013-06-22,95,61,0,156
2013-06-23,89,59,0,148
2013-06-24,82,52,0,134
2013-06-25,94,58,0,152
2013-06-26,109,61,0,170
2013-06-27,93,55,0,148
2013-06-28,106,59,0,165
2013-06-29,83,44,0,127
2013-06-30,106,50,0,156
2013-07-01,88,50,0,138
2013-07-02,81,50,0,131
2013-07-03,97,50,0,147
2013-07-04,87,60,0,147
2013-07-05,85,48,0,133
2013-07-06,79,36,0,115
2013-07-07,91,36,0,127
2013-07-08,75,44,0,119
2013-07-09,90,47,0,137
2013-07-10,81,50,0,131
2013-07-11,97,46,0,143
2013-07-12,79,67,0,146
2013-07-13,92,57,0,149
2013-07-14,82,71,0,153
2013-07-15,112,55,0,167
2013-07-16,98,56,0,154
2013-07-17,83,56,0,139
2013-07-18,88,61,0,149
2013-07-19,102,41,0,143
2013-07-20,67,60,0,127
2013-07-21,84,41,0,125
2013-07-22,91,61,0,152
2013-07-23,91,51,0,142
2013-07-24,96,58,0,154
2013-07-25,76,54,0,130
2013-07-26,92,58,0,150
2013-07-27,105,72,0,177
2013-07-28,85,72,0,157
2013-07-29,104,79,0,183
2013-07-30,80,57,0,137
2013-07-31,91,67,0,158
2013-08-01,109,79,0,188
2013-08-02,94,69,0,163
2013-08-03,110,70,0,180
2013-08-04,101,54,0,155
2013-08-05,86,60,0,146
2013-08-06,78,60,0,138
2013-08-07,88,49,0,137
2013-08-08,69,57,0,126
2013-08-09,79,50,0,129
2013-08-10,82,44,0,126
2013-08-11,102,59,0,161
2013-08-12,102,53,0,155
2013-08-13,87,53,0,140
2013-08-14,102,48,0,150
2013-08-15,79,53,0,132
2013-08-16,84,55,0,139
2013-08-17,102,78,0,180
2013-08-18,99,68,0,167
2013-08-19,114,55,0,169
2013-08-20,95,47,0,142
2013-08-21,105,64,0,169
2013-08-22,110,47,0,157
2013-08-23,89,63,0,152
2013-08-24,87,45,0,132
2013-08-25,87,62,0,149
2013-08-26,124,57,0,181
2013-08-27,106,61,0,167
2013-08-28,93,63,0,156
2013-08-29,107,53,0,160
2013-08-30,106,55,0,161
2013-08-31,86,46,0,132
2013-09-01,88,52,0,140
2013-09-02,110,70,0,180
2013-09-03,89,52,0,141
2013-09-04,94,57,0,151
2013-09-05,88,52,0,140
2013-09-06,88,54,0,142
2013-09-07,92,56,0,148
2013-09-08,84,56,0,140
2013-09-09,67,62,0,129
2013-09-10,92,53,0,145
2013-09-11,108,53,0,161
2013-09-12,101,52,0,153
2013-09-13,91,55,0,146
2013-09-14,98,46,0,144
2013-09-15,111,63,0,174
2013-09-16,88,62,0,150
2013-09-17,121,68,0,189
2013-09-18,123,68,0,191
2013-09-19,100,55,0,155
2013-09-20,74,60,0,134
2013-09-21,101,58,0,159
2013-09-22,87,58,0,145
2013-09-23,119,69,0,188
2013-09-24,119,71,0,190
2013-09-25,102,73,0,175
2013-09-26,106,61,0,167
2013-09-27,92,51,0,143
2013-09-28,99,63,0,162
2013-09-29,79,48,0,127
2013-09-30,93,62,0,155
2013-10-01,100,66,0,166
2013-10-02,96,69,0,165
2013-10-03,79,65,0,144
2013-10-04,105,60,0,165
2013-10-05,100,74,0,174
2013-10-06,87,65,0,152
2013-10-07,87,55,0,142
2013-10-08,97,62,0,159
2013-10-09,107,50,0,157
2013-10-10,93,63,0,156
2013-10-11,102,70,0,172
2013-10-12,92,60,0,152
2013-10-13,90,64,0,154
2013-10-14,87,56,0,143
2013-10-15,85,71,0,156
2013-10-16,87,73,0,160
2013-10-17,112,59,0,171
2013-10-18,93,60,0,153
2013-10-19,91,48,0,139
2013-10-20,96,54,0,150
2013-10-21,80,56,0,136
2013-10-22,107,59,0,166
2013-10-23,99,60,0,159
2013-10-24,133,69,0,202
2013-10-25,134,68,0,202
2013-10-26,89,71,0,160
2013-10-27,86,64,0,150
2013-10-28,85,56,0,141
2013-10-29,96,69,0,165
2013-10-30,91,70,0,161
2013-10-31,100,63,0,163
2013-11-01,82,58,0,140
2013-11-02,104,45,0,149
2013-11-03,104,57,0,161
2013-11-04,104,62,0,166
2013-11-05,90,61,0,151
2013-11-06,119,80,0,199
2013-11-07,104,65,0,169
2013-11-08,111,48,0,159
2013-11-09,100,50,0,150
2013-11-10,111,53,0,164
2013-11-11,99,62,0,161
2013-11-12,100,70,0,170
2013-11-13,97,60,0,157
2013-11-14,96,84,0,180
2013-11-15,85,57,0,142
2013-11-16,102,64,0,166
2013-11-17,93,74,0,167
2013-11-18,89,61,0,150
2013-11-19,95,71,0,166
2013-11-20,116,67,0,183
2013-11-21,116,75,0,191
2013-11-22,112,60,0,172
2013-11-23,100,66,0,166
2013-11-24,90,63,0,153
2013-11-25,96,60,0,156
2013-11-26,113,62,0,175
2013-11-27,92,61,0,153
2013-11-28,91,63,0,154
2013-11-29,96,58,0,154
2013-11-30,78,55,0,133
2013-12-01,93,66,0,159
2013-12-02,88,70,0,158
2013-12-03,89,59,0,148
2013-12-04,118,81,0,199
2013-12-05,119,69,0,188
2013-12-06,116,57,0,173
2013-12-07,87,60,0,147
2013-12-08,108,63,0,171
2013-12-09,107,62,0,169
2013-12-10,106,80,0,186
2013-12-11,134,80,0,214
2013-12-12,117,68,0,185
2013-12-13,98,66,0,164
2013-12-14,105,68,0,173
2013-12-15,81,70,0,151
2013-12-16,108,76,0,184
2013-12-17,112,66,0,178
2013-12-18,114,81,0,195
2013-12-19,98,72,0,170
2013-12-20,86,62,0,148
2013-12-21,114,80,0,194
2013-12-22,116,77,0,193
2013-12-23,98,85,0,183
2013-12-24,88,64,0,152
2013-12-25,101,72,0,173
2013-12-26,108,71,0,179
2013-12-27,94,70,0,164
2013-12-28,103,82,0,185
2013-12-29,97,79,0,176
2013-12-30,102,63,0,165
2013-12-31,101,70,0,171
2014-01-01,105,78,0,183
2014-01-02,112,62,0,174
2014-01-03,104,67,0,171
2014-01-04,99,75,0,174
2014-01-05,112,72,0,184
2014-01-06,110,60,0,170
2014-01-07,111,57,0,168
2014-01-08,86,75,0,161
2014-01-09,91,76,0,167
2014-01-10,91,52,0,143
2014-01-11,94,66,0,160
2014-01-12,89,71,0,160
2014-01-13,111,47,0,158
2014-01-14,91,61,0,152
2014-01-15,104,57,0,161
2014-01-16,108,75,0,183
2014-01-17,108,65,0,173
2014-01-18,97,84,0,181
2014-01-19,88,48,0,136
2014-01-20,106,44,0,150
2014-01-21,98,59,0,157
2014-01-22,99,84,0,183
2014-01-23,80,85,0,165
2014-01-24,102,62,0,164
2014-01-25,93,67,0,160
2014-01-26,91,72,0,163
2014-01-27,102,60,0,162
2014-01-28,112,56,0,168
2014-01-29,93,69,0,162
2014-01-30,96,69,0,165
2014-01-31,104,72,0,176
2014-02-01,87,62,0,149
2014-02-02,94,57,0,151
2014-02-03,105,73,0,178
2014-02-04,103,57,0,160
2014-02-05,88,60,0,148
2014-02-06,90,68,0,158
2014-02-07,113,67,0,180
2014-02-08,92,58,0,150
2014-02-09,95,52,0,147
2014-02-10,103,63,0,166
2014-02-11,89,75,0,164
2014-02-12,114,50,0,164
2014-02-13,95,68,0,163
2014-02-14,82,70,0,152
2014-02-15,81,64,0,145
2014-02-16,88,62,0,150
2014-02-17,110,79,0,189
2014-02-18,76,73,0,149
2014-02-19,96,70,0,166
2014-02-20,113,58,0,171
2014-02-21,82,52,0,134
2014-02-22,96,43,0,139
2014-02-23,95,60,0,155
2014-02-24,111,72,0,183
2014-02-25,103,48,0,151
2014-02-26,79,64,0,143
2014-02-27,94,67,0,161
2014-02-28,81,50,0,131
2014-03-01,104,58,0,162
2014-03-02,96,54,0,150
2014-03-03,105,74,0,179
2014-03-04,104,74,0,178
2014-03-05,78,58,0,136
2014-03-06,84,60,0,144
2014-03-07,83,60,0,143
2014-03-08,71,67,0,138
2014-03-09,99,62,0,161
2014-03-10,88,55,0,143
2014-03-11,83,54,0,137
2014-03-12,115,62,0,177
2014-03-13,105,65,0,170
2014-03-14,96,74,0,170
2014-03-15,91,60,0,151
2014-03-16,85,47,0,132
2014-03-17,104,48,0,152
2014-03-18,80,61,0,141
2014-03-19,82,57,0,139
2014-03-20,75,48,0,123
2014-03-21,90,54,0,144
2014-03-22,83,50,0,133
2014-03-23,89,64,0,153
2014-03-24,73,52,0,125
2014-03-25,83,66,0,149
2014-03-26,78,63,0,141
2014-03-27,84,44,0,128
2014-03-28,72,51,0,123
2014-03-29,110,66,0,176
2014-03-30,98,62,0,160
2014-03-31,86,56,0,142
2014-04-01,84,59,0,143
2014-04-02,109,54,0,163
2014-04-03,73,62,0,135
2014-04-04,85,47,0,132
2014-04-05,89,53,0,142
2014-04-06,80,51,0,131
2014-04-07,87,57,0,144
2014-04-08,99,50,0,149
2014-04-09,82,57,0,139
2014-04-10,85,64,0,149
2014-04-11,102,68,0,170
2014-04-12,103,73,0,176
2014-04-13,93,44,0,137
2014-04-14,71,49,0,120
2014-04-15,86,72,0,158
2014-04-16,93,56,0,149
2014-04-17,92,54,0,146
2014-04-18,75,59,0,134
2014-04-19,85,64,0,149
2014-04-20,72,54,0,126
2014-04-21,93,62,0,155
2014-04-22,87,46,0,133
2014-04-23,71,40,0,111
2014-04-24,103,51,0,154
2014-04-25,101,55,0,156
2014-04-26,103,68,0,171
2014-04-27,88,54,0,142
2014-04-28,89,49,0,138
2014-04-29,92,62,0,154
2014-04-30,79,72,0,151
2014-05-01,86,58,0,144
2014-05-02,83,52,0,135
2014-05-03,66,70,0,136
2014-05-04,81,72,0,153
2014-05-05,77,48,0,125
2014-05-06,80,46,0,126
2014-05-07,115,55,0,170
2014-05-08,74,52,0,126
2014-05-09,98,72,0,170
2014-05-10,84,61,0,145
2014-05-11,90,77,0,167
2014-05-12,107,71,0,178
2014-05-13,117,85,0,202
2014-05-14,98,68,0,166
2014-05-15,121,69,0,190
2014-05-16,115,74,0,189
2014-05-17,94,73,0,167
2014-05-18,105,84,0,189
2014-05-19,108,73,0,181
2014-05-20,86,72,0,158
2014-05-21,115,72,0,187
2014-05-22,95,77,0,172
2014-05-23,136,88,0,224
2014-05-24,140,77,0,217
2014-05-25,131,83,0,214
2014-05-26,128,105,0,233
2014-05-27,109,77,0,186
2014-05-28,98,56,0,154
2014-05-29,87,80,0,167
2014-05-30,126,79,0,205
2014-05-31,115,67,0,182
2014-06-01,123,83,0,206
2014-06-02,121,66,0,187
2014-06-03,111,66,0,177
2014-06-04,114,70,0,184
2014-06-05,139,90,0,229
2014-06-06,114,90,0,204
2014-06-07,109,67,0,176
2014-06-08,125,86,0,211
2014-06-09,92,67,0,159
2014-06-10,95,69,0,164
2014-06-11,109,81,0,190
2014-06-12,117,66,0,183
2014-06-13,105,69,0,174
2014-06-14,98,60,0,158
2014-06-15,106,84,0,190
2014-06-16,112,85,0,197
2014-06-17,125,89,0,214
2014-06-18,123,102,0,225
2014-06-19,120,90,0,210
2014-06-20,101,95,0,196
2014-06-21,101,75,0,176
2014-06-22,96,63,0,159
2014-06-23,90,84,0,174
2014-06-24,90,64,0,154
2014-06-25,118,77,0,195
2014-06-26,124,77,0,201
2014-06-27,111,71,0,182
2014-06-28,88,57,0,145
2014-06-29,96,46,0,142
2014-06-30,85,53,0,138
2014-07-01,96,59,0,155
2014-07-02,73,55,0,128
2014-07-03,126,66,0,192
2014-07-04,99,64,0,163
2014-07-05,104,62,0,166
2014-07-06,81,45,0,126
2014-07-07,88,63,0,151
2014-07-08,87,66,0,153
2014-07-09,89,69,0,158
2014-07-10,95,51,0,146
2014-07-11,96,50,0,146
2014-07-12,72,52,0,124
2014-07-13,99,60,0,159
2014-07-14,94,72,0,166
2014-07-15,95,55,0,150
2014-07-16,90,60,0,150
2014-07-17,95,69,0,164
2014-07-18,107,59,0,166
2014-07-19,85,66,0,151
2014-07-20,103,59,0,162
2014-07-21,105,45,0,150
2014-07-22,76,59,0,135
2014-07-23,95,48,0,143
2014-07-24,96,77,0,173
2014-07-25,86,60,0,146
2014-07-26,83,42,0,125
2014-07-27,84,59,0,143
2014-07-28,96,58,0,154
2014-07-29,74,48,0,122
2014-07-30,87,61,0,148
2014-07-31,82,63,0,145
2014-08-01,86,68,0,154
2014-08-02,71,66,0,137
2014-08-03,77,51,0,128
2014-08-04,83,58,0,141
2014-08-05,94,58,0,152
2014-08-06,88,56,0,144
2014-08-07,87,52,0,139
2014-08-08,100,52,0,152
2014-08-09,88,38,0,126
2014-08-10,79,45,0,124
2014-08-11,82,52,0,134
2014-08-12,127,49,0,176
2014-08-13,88,54,0,142
2014-08-14,91,54,0,145
2014-08-15,95,50,0,145
2014-08-16,99,54,0,153
2014-08-17,90,71,0,161
2014-08-18,113,60,0,173
2014-08-19,90,68,0,158
2014-08-20,99,65,0,164
2014-08-21,108,57,0,165
2014-08-22,81,57,0,138
2014-08-23,90,48,0,138
2014-08-24,87,46,0,133
2014-08-25,74,55,0,129
2014-08-26,85,43,0,128
2014-08-27,90,67,0,157
2014-08-28,89,58,0,147
2014-08-29,83,60,0,143
2014-08-30,103,42,0,145
2014-08-31,105,54,0,159
2014-09-01,125,71,0,196
2014-09-02,90,74,0,164
2014-09-03,82,61,0,143
2014-09-04,96,52,0,148
2014-09-05,98,59,0,157
2014-09-06,77,46,0,123
2014-09-07,84,49,0,133
2014-09-08,99,53,0,152
2014-09-09,100,60,0,160
2014-09-10,105,79,0,184
2014-09-11,90,63,0,153
2014-09-12,105,58,0,163
2014-09-13,89,56,0,145
2014-09-14,94,68,0,162
2014-09-15,97,53,0,150
2014-09-16,91,55,0,146
2014-09-17,90,60,0,150
2014-09-18,97,66,0,163
2014-09-19,88,70,0,158
2014-09-20,79,70,0,149
2014-09-21,107,56,0,163
2014-09-22,72,59,0,131
2014-09-23,92,70,0,162
2014-09-24,71,62,0,133
2014-09-25,95,74,0,169
2014-09-26,99,45,0,144
2014-09-27,104,56,0,160
2014-09-28,96,54,0,150
2014-09-29,93,65,0,158
2014-09-30,95,60,0,155
2014-10-01,94,65,0,159
2014-10-02,86,50,0,136
2014-10-03,68,67,0,135
2014-10-04,91,63,0,154
2014-10-05,86,64,0,150
2014-10-06,84,60,0,144
2014-10-07,98,55,0,153
2014-10-08,95,62,0,157
2014-10-09,81,60,0,141
2014-10-10,101,57,0,158
2014-10-11,80,50,0,130
2014-10-12,106,46,0,152
2014-10-13,113,69,0,182
2014-10-14,101,70,0,171
2014-10-15,93,32,0,125
2014-10-16,96,48,0,144
2014-10-17,99,41,0,140
2014-10-18,78,58,0,136
2014-10-19,83,56,0,139
2014-10-20,96,53,0,149
2014-10-21,104,50,0,154
2014-10-22,87,59,0,146
2014-10-23,114,56,0,170
2014-10-24,96,48,0,144
2014-10-25,102,60,0,162
2014-10-26,85,69,0,154
2014-10-27,100,77,0,177
2014-10-28,93,76,0,169
2014-10-29,112,63,0,175
2014-10-30,103,75,0,178
2014-10-31,106,54,0,160
2014-11-01,111,71,0,182
2014-11-02,92,62,0,154
2014-11-03,91,49,0,140
2014-11-04,112,74,0,186
2014-11-05,105,62,0,167
2014-11-06,115,69,0,184
2014-11-07,106,82,0,188
2014-11-08,106,58,0,164
2014-11-09,92,68,0,160
2014-11-10,114,75,0,189
2014-11-11,113,56,0,169
2014-11-12,86,77,0,163
2014-11-13,107,71,0,178
2014-11-14,101,69,0,170
2014-11-15,104,69,0,173
2014-11-16,117,71,0,188
2014-11-17,138,67,0,205
2014-11-18,108,66,0,174
2014-11-19,108,77,0,185
2014-11-20,112,78,0,190
2014-11-21,92,64,0,156
2014-11-22,101,69,0,170
2014-11-23,107,82,0,189
2014-11-24,103,71,0,174
2014-11-25,85,78,0,163
2014-11-26,103,62,0,165
2014-11-27,108,76,0,184
2014-11-28,108,65,0,173
2014-11-29,93,74,0,167
2014-11-30,91,77,0,168
2014-12-01,86,64,0,150
2014-12-02,122,60,0,182
2014-12-03,101,70,0,171
2014-12-04,112,72,0,184
2014-12-05,123,74,0,197
2014-12-06,101,93,0,194
2014-12-07,92,71,0,163
2014-12-08,120,71,0,191
2014-12-09,112,75,0,187
2014-12-10,113,83,0,196
2014-12-11,108,70,0,178
2014-12-12,118,76,0,194
2014-12-13,100,62,0,162
2014-12-14,99,67,0,166
2014-12-15,108,75,0,183
2014-12-16,103,66,0,169
2014-12-17,94,81,0,175
2014-12-18,95,70,0,165
2014-12-19,85,65,0,150
2014-12-20,104,66,0,170
2014-12-21,99,56,0,155
2014-12-22,100,61,0,161
2014-12-23,109,81,0,190
2014-12-24,99,80,0,179
2014-12-25,84,63,0,147
2014-12-26,116,73,0,189
2014-12-27,87,64,0,151
2014-12-28,108,66,0,174
2014-12-29,105,79,0,184
2014-12-30,100,80,0,180
2014-12-31,111,78,0,189
2015-01-01,110,77,0,187
2015-01-02,96,77,0,173
2015-01-03,127,79,0,206
2015-01-04,97,52,0,149
2015-01-05,99,65,0,164
2015-01-06,111,67,0,178
2015-01-07,115,72,0,187
2015-01-08,80,69,0,149
2015-01-09,101,79,0,180
2015-01-10,100,68,0,168
2015-01-11,113,63,0,176
2015-01-12,111,74,0,185
2015-01-13,112,64,0,176
2015-01-14,99,72,0,171
2015-01-15,100,65,0,165
2015-01-16,85,75,0,160
2015-01-17,84,61,0,145
2015-01-18,111,69,0,180
2015-01-19,105,71,0,176
2015-01-20,96,71,0,167
2015-01-21,95,85,0,180
2015-01-22,123,93,0,216
2015-01-23,110,83,0,193
2015-01-24,112,96,0,208
2015-01-25,116,69,0,185
2015-01-26,100,80,0,180
2015-01-27,104,76,0,180
2015-01-28,105,57,0,162
2015-01-29,98,61,0,159
2015-01-30,103,80,0,183
2015-01-31,105,77,0,182
2015-02-01,105,49,0,154
2015-02-02,93,66,0,159
2015-02-03,102,69,0,171
2015-02-04,85,58,0,143
2015-02-05,108,80,0,188
2015-02-06,102,68,0,170
2015-02-07,115,73,0,188
2015-02-08,75,81,0,156
2015-02-09,100,84,0,184
2015-02-10,105,67,0,172
2015-02-11,101,79,0,180
2015-02-12,101,80,0,181
2015-02-13,108,76,0,184
2015-02-14,76,64,0,140
2015-02-15,97,76,0,173
2015-02-16,109,84,0,193
2015-02-17,118,52,0,170
2015-02-18,115,64,0,179
2015-02-19,103,71,0,174
2015-02-20,94,64,0,158
2015-02-21,86,66,0,152
2015-02-22,91,68,0,159
2015-02-23,110,69,0,179
2015-02-24,107,62,0,169
2015-02-25,100,72,0,172
2015-02-26,100,59,0,159
2015-02-27,112,59,0,171
2015-02-28,91,66,0,157
2015-03-01,82,90,0,172
2015-03-02,118,47,0,165
2015-03-03,99,55,0,154
2015-03-04,107,75,0,182
2015-03-05,93,77,0,170
2015-03-06,111,66,0,177
2015-03-07,98,58,0,156
2015-03-08,113,74,0,187
2015-03-09,112,65,0,177
2015-03-10,87,73,0,160
2015-03-11,97,75,0,172
2015-03-12,89,81,0,170
2015-03-13,104,75,0,179
2015-03-14,90,72,0,162
2015-03-15,88,57,0,145
2015-03-16,80,53,0,133
2015-03-17,101,59,0,160
2015-03-18,108,72,0,180
2015-03-19,86,69,0,155
2015-03-20,87,70,0,157
2015-03-21,104,62,0,166
2015-03-22,89,54,0,143
2015-03-23,85,68,0,153
2015-03-24,87,50,0,137
2015-03-25,90,65,0,155
2015-03-26,101,54,0,155
2015-03-27,72,68,0,140
2015-03-28,101,60,0,161
2015-03-29,103,65,0,168
2015-03-30,114,65,0,179
2015-03-31,76,57,0,133
2015-04-01,88,65,0,153
2015-04-02,85,52,0,137
2015-04-03,78,50,0,128
2015-04-04,85,63,0,148
2015-04-05,91,58,0,149
2015-04-06,84,76,0,160
2015-04-07,103,61,0,164
2015-04-08,82,55,0,137
2015-04-09,104,69,0,173
2015-04-10,82,56,0,138
2015-04-11,100,47,0,147
2015-04-12,70,54,0,124
2015-04-13,89,54,0,143
2015-04-14,88,46,0,134
2015-04-15,85,67,0,152
2015-04-16,89,56,0,145
2015-04-17,102,62,0,164
2015-04-18,95,55,0,150
2015-04-19,92,50,0,142
2015-04-20,106,67,0,173
2015-04-21,105,80,0,185
2015-04-22,81,63,0,144
2015-04-23,96,50,0,146
2015-04-24,83,71,0,154
2015-04-25,83,60,0,143
2015-04-26,88,65,0,153
2015-04-27,103,60,0,163
2015-04-28,84,55,0,139
2015-04-29,98,48,0,146
2015-04-30,79,55,0,134
2015-05-01,85,72,0,157
2015-05-02,96,59,0,155
2015-05-03,98,54,0,152
2015-05-04,71,60,0,131
2015-05-05,93,75,0,168
2015-05-06,85,62,0,147
2015-05-07,97,68,0,165
2015-05-08,91,69,0,160
2015-05-09,92,71,0,163
2015-05-10,96,67,0,163
2015-05-11,82,63,0,145
2015-05-12,82,73,0,155
2015-05-13,88,75,0,163
2015-05-14,88,48,0,136
2015-05-15,97,56,0,153
2015-05-16,65,70,0,135
2015-05-17,83,56,0,139
2015-05-18,89,63,0,152
2015-05-19,95,65,0,160
2015-05-20,80,70,0,150
2015-05-21,90,68,0,158
2015-05-22,108,84,0,192
2015-05-23,117,64,0,181
2015-05-24,129,105,0,234
2015-05-25,138,83,0,221
2015-05-26,120,114,0,234
2015-05-27,103,79,0,182
2015-05-28,87,57,0,144
2015-05-29,100,71,0,171
2015-05-30,94,62,0,156
2015-05-31,96,68,0,164
2015-06-01,107,64,0,171
2015-06-02,90,62,0,152
2015-06-03,80,61,0,141
2015-06-04,64,63,0,127
2015-06-05,90,56,0,146
2015-06-06,101,59,0,160
2015-06-07,89,70,0,159
2015-06-08,95,61,0,156
2015-06-09,101,60,0,161
2015-06-10,97,62,0,159
2015-06-11,97,62,0,159
2015-06-12,89,51,0,140
2015-06-13,88,58,0,146
2015-06-14,93,58,0,151
2015-06-15,114,63,0,177
2015-06-16,107,74,0,181
2015-06-17,90,63,0,153
2015-06-18,97,55,0,152
2015-06-19,78,65,0,143
2015-06-20,84,51,0,135
2015-06-21,90,68,0,158
2015-06-22,124,61,0,185
2015-06-23,90,71,0,161
2015-06-24,100,69,0,169
2015-06-25,109,61,0,170
2015-06-26,103,71,0,174
2015-06-27,90,71,0,161
2015-06-28,88,51,0,139
2015-06-29,90,55,0,145
2015-06-30,96,61,0,157
2015-07-01,90,73,0,163
2015-07-02,76,52,0,128
2015-07-03,97,51,0,148
2015-07-04,103,73,0,176
2015-07-05,92,72,0,164
2015-07-06,87,71,0,158
2015-07-07,116,57,0,173
2015-07-08,102,67,0,169
2015-07-09,103,48,0,151
2015-07-10,106,64,0,170
2015-07-11,86,57,0,143
2015-07-12,89,58,0,147
2015-07-13,90,58,0,148
2015-07-14,91,56,0,147
2015-07-15,73,54,0,127
2015-07-16,89,60,0,149
2015-07-17,87,57,0,144
2015-07-18,68,49,0,117
2015-07-19,57,46,0,103
2015-07-20,93,50,0,143
2015-07-21,81,44,0,125
2015-07-22,74,58,0,132
2015-07-23,89,39,0,128
2015-07-24,87,49,0,136
2015-07-25,75,55,0,130
2015-07-26,88,44,0,132
2015-07-27,94,76,0,170
2015-07-28,104,57,0,161
2015-07-29,93,66,0,159
2015-07-30,87,66,0,153
2015-07-31,79,47,0,126
2015-08-01,93,63,0,156
2015-08-02,83,53,0,136
2015-08-03,94,48,0,142
2015-08-04,77,47,0,124
2015-08-05,82,55,0,137
2015-08-06,83,61,0,144
2015-08-07,84,60,0,144
2015-08-08,102,53,0,155
2015-08-09,72,60,0,132
2015-08-10,94,60,0,154
2015-08-11,92,65,0,157
2015-08-12,87,60,0,147
2015-08-13,85,64,0,149
2015-08-14,78,53,0,131
2015-08-15,90,60,0,150
2015-08-16,82,53,0,135
2015-08-17,96,68,0,164
2015-08-18,76,59,0,135
2015-08-19,97,48,0,145
2015-08-20,88,55,0,143
2015-08-21,88,49,0,137
2015-08-22,75,47,0,122
2015-08-23,87,51,0,138
2015-08-24,85,62,0,147
2015-08-25,100,67,0,167
2015-08-26,84,71,0,155
2015-08-27,81,62,0,143
2015-08-28,90,52,0,142
2015-08-29,89,62,0,151
2015-08-30,81,63,0,144
2015-08-31,87,74,0,161
2015-09-01,89,56,0,145
2015-09-02,86,50,0,136
2015-09-03,89,68,0,157
2015-09-04,104,58,0,162
2015-09-05,81,57,0,138
2015-09-06,93,51,0,144
2015-09-07,92,55,0,147
2015-09-08,81,48,0,129
2015-09-09,99,65,0,164
2015-09-10,87,54,0,141
2015-09-11,85,52,0,137
2015-09-12,94,56,0,150
2015-09-13,95,42,0,137
2015-09-14,94,41,0,135
2015-09-15,85,72,0,157
2015-09-16,102,66,0,168
2015-09-17,108,60,0,168
2015-09-18,115,66,0,181
2015-09-19,92,54,0,146
2015-09-20,94,46,0,140
2015-09-21,96,52,0,148
2015-09-22,102,44,0,146
2015-09-23,92,62,0,154
2015-09-24,103,61,0,164
2015-09-25,85,52,0,137
2015-09-26,96,50,0,146
2015-09-27,91,58,0,149
2015-09-28,95,61,0,156
2015-09-29,82,59,0,141
2015-09-30,85,53,0,138
2015-10-01,91,63,0,154
2015-10-02,86,51,0,137
2015-10-03,76,66,0,142
2015-10-04,75,56,0,131
2015-10-05,82,54,0,136
2015-10-06,80,54,0,134
2015-10-07,74,60,0,134
2015-10-08,79,63,0,142
2015-10-09,89,57,0,146
2015-10-10,78,67,0,145
2015-10-11,95,57,0,152
2015-10-12,107,75,0,182
2015-10-13,85,61,0,146
2015-10-14,117,73,0,190
2015-10-15,101,61,0,162
2015-10-16,85,53,0,138
2015-10-17,114,52,0,166
2015-10-18,96,85,0,181
2015-10-19,95,66,0,161
2015-10-20,104,75,0,179
2015-10-21,107,58,0,165
2015-10-22,103,58,0,161
2015-10-23,109,72,0,181
2015-10-24,108,54,0,162
2015-10-25,104,79,0,183
2015-10-26,113,84,0,197
2015-10-27,116,62,0,178
2015-10-28,85,81,0,166
2015-10-29,107,61,0,168
2015-10-30,121,78,0,199
2015-10-31,94,73,0,167
2015-11-01,89,81,0,170
2015-11-02,105,80,0,185
2015-11-03,115,72,0,187
2015-11-04,119,65,0,184
2015-11-05,114,82,0,196
2015-11-06,124,72,0,196
2015-11-07,114,74,0,188
2015-11-08,109,77,0,186
2015-11-09,111,79,0,190
2015-11-10,109,98,0,207
2015-11-11,116,77,0,193
2015-11-12,125,86,0,211
2015-11-13,110,78,0,188
2015-11-14,97,82,0,179
2015-11-15,123,86,0,209
2015-11-16,135,93,0,228
2015-11-17,134,82,0,216
2015-11-18,127,77,0,204
2015-11-19,126,90,0,216
2015-11-20,134,90,0,224
2015-11-21,104,100,0,204
2015-11-22,140,90,0,230
2015-11-23,109,91,0,200
2015-11-24,119,79,0,198
2015-11-25,145,84,0,229
2015-11-26,143,82,0,225
2015-11-27,119,87,0,206
2015-11-28,98,64,0,162
2015-11-29,114,88,0,202
2015-11-30,122,83,0,205
2015-12-01,122,74,0,196
2015-12-02,156,102,0,258
2015-12-03,126,89,0,215
2015-12-04,139,103,0,242
2015-12-05,98,90,0,188
2015-12-06,105,63,0,168
2015-12-07,108,77,0,185
2015-12-08,98,84,0,182
2015-12-09,106,80,0,186
2015-12-10,117,85,0,202
2015-12-11,112,87,0,199
2015-12-12,119,90,0,209
2015-12-13,105,85,0,190
2015-12-14,121,85,0,206
2015-12-15,121,91,0,212
2015-12-16,122,81,0,203
2015-12-17,122,76,0,198
2015-12-18,144,85,0,229
2015-12-19,116,77,0,193
2015-12-20,129,67,0,196
2015-12-21,117,95,0,212
2015-12-22,116,83,0,199
2015-12-23,107,68,0,175
2015-12-24,106,91,0,197
2015-12-25,112,68,0,180
2015-12-26,102,74,0,176
2015-12-27,129,76,0,205
2015-12-28,98,77,0,175
2015-12-29,105,67,0,172
2015-12-30,110,80,0,190
2015-12-31,115,96,0,211
2016-01-01,130,55,0,185
2016-01-02,109,77,0,186
2016-01-03,97,97,0,194
2016-01-04,110,80,0,190
2016-01-05,114,76,0,190
2016-01-06,108,80,0,188
2016-01-07,108,76,0,184
2016-01-08,93,72,0,165
2016-01-09,101,81,0,182
2016-01-10,103,83,0,186
2016-01-11,118,72,0,190
2016-01-12,123,59,0,182
2016-01-13,121,58,0,179
2016-01-14,112,76,0,188
2016-01-15,98,69,0,167
2016-01-16,134,73,0,207
2016-01-17,96,85,0,181
2016-01-18,113,89,0,202
2016-01-19,135,82,0,217
2016-01-20,129,72,0,201
2016-01-21,100,72,0,172
2016-01-22,94,80,0,174
2016-01-23,106,70,0,176
2016-01-24,100,75,0,175
2016-01-25,111,80,0,191
2016-01-26,114,83,0,197
2016-01-27,85,66,0,151
2016-01-28,100,64,0,164
2016-01-29,102,54,0,156
2016-01-30,95,66,0,161
2016-01-31,107,67,0,174
2016-02-01,104,59,0,163
2016-02-02,122,64,0,186
2016-02-03,83,86,0,169
2016-02-04,117,69,0,186
2016-02-05,105,68,0,173
2016-02-06,109,56,0,165
2016-02-07,98,56,0,154
2016-02-08,100,60,0,160
2016-02-09,101,64,0,165
2016-02-10,90,68,0,158
2016-02-11,98,67,0,165
2016-02-12,85,65,0,150
2016-02-13,97,63,0,160
2016-02-14,113,60,0,173
2016-02-15,108,67,0,175
2016-02-16,111,68,0,179
2016-02-17,98,59,0,157
2016-02-18,100,77,0,177
2016-02-19,90,64,0,154
2016-02-20,112,65,0,177
2016-02-21,82,56,0,138
2016-02-22,101,76,0,177
2016-02-23,99,56,0,155
2016-02-24,100,73,0,173
2016-02-25,103,71,0,174
2016-02-26,80,56,0,136
2016-02-27,92,63,0,155
2016-02-28,115,61,0,176
2016-02-29,80,66,0,146
2016-03-01,92,50,0,142
2016-03-02,85,60,0,145
2016-03-03,97,79,0,176
2016-03-04,99,60,0,159
2016-03-05,105,52,0,157
2016-03-06,106,63,0,169
2016-03-07,84,64,0,148
2016-03-08,81,52,0,133
2016-03-09,97,57,0,154
2016-03-10,104,58,0,162
2016-03-11,86,52,0,138
2016-03-12,97,69,0,166
2016-03-13,80,60,0,140
2016-03-14,97,62,0,159
2016-03-15,102,64,0,166
2016-03-16,96,65,0,161
2016-03-17,100,61,0,161
2016-03-18,82,63,0,145
2016-03-19,80,47,0,127
2016-03-20,79,60,0,139
2016-03-21,109,40,0,149
2016-03-22,84,49,0,133
2016-03-23,98,67,0,165
2016-03-24,107,50,0,157
2016-03-25,81,58,0,139
2016-03-26,90,50,0,140
2016-03-27,86,47,0,133
2016-03-28,81,60,0,141
2016-03-29,97,66,0,163
2016-03-30,75,55,0,130
2016-03-31,77,75,0,152
2016-04-01,87,54,0,141
2016-04-02,107,70,0,177
2016-04-03,89,74,0,163
2016-04-04,91,60,0,151
2016-04-05,95,59,0,154
2016-04-06,87,72,0,159
2016-04-07,84,69,0,153
2016-04-08,86,62,0,148
2016-04-09,82,52,0,134
2016-04-10,96,58,0,154
2016-04-11,103,60,0,163
2016-04-12,90,55,0,145
2016-04-13,94,70,0,164
2016-04-14,86,60,0,146
2016-04-15,103,48,0,151
2016-04-16,82,67,0,149
2016-04-17,98,69,0,167
2016-04-18,75,72,0,147
2016-04-19,91,51,0,142
2016-04-20,83,57,0,140
2016-04-21,66,55,0,121
2016-04-22,106,56,0,162
2016-04-23,92,80,0,172
2016-04-24,95,71,0,166
2016-04-25,104,80,0,184
2016-04-26,96,56,0,152
2016-04-27,107,63,0,170
2016-04-28,106,50,0,156
2016-04-29,78,73,0,151
2016-04-30,88,69,0,157
2016-05-01,91,67,0,158
2016-05-02,86,60,0,146
2016-05-03,92,68,0,160
2016-05-04,99,63,0,162
2016-05-05,88,43,0,131
2016-05-06,82,63,0,145
2016-05-07,99,66,0,165
2016-05-08,77,59,0,136
2016-05-09,87,77,0,164
2016-05-10,82,56,0,138
2016-05-11,104,60,0,164
2016-05-12,122,67,0,189
2016-05-13,114,81,0,195
2016-05-14,120,61,0,181
2016-05-15,89,67,0,156
2016-05-16,105,75,0,180
2016-05-17,91,55,0,146
2016-05-18,80,57,0,137
2016-05-19,77,44,0,121
2016-05-20,90,53,0,143
2016-05-21,127,63,0,190
2016-05-22,107,66,0,173
2016-05-23,105,62,0,167
2016-05-24,101,79,0,180
2016-05-25,104,75,0,179
2016-05-26,122,90,0,212
2016-05-27,110,80,0,190
2016-05-28,102,71,0,173
2016-05-29,116,77,0,193
2016-05-30,105,72,0,177
2016-05-31,89,66,0,155
2016-06-01,77,69,0,146
2016-06-02,103,64,0,167
2016-06-03,94,66,0,160
2016-06-04,78,51,0,129
2016-06-05,90,54,0,144
2016-06-06,82,81,0,163
2016-06-07,104,64,0,168
2016-06-08,74,65,0,139
2016-06-09,104,65,0,169
2016-06-10,89,63,0,152
2016-06-11,92,55,0,147
2016-06-12,91,52,0,143
2016-06-13,107,66,0,173
2016-06-14,121,71,0,192
2016-06-15,103,80,0,183
2016-06-16,95,75,0,170
2016-06-17,92,61,0,153
2016-06-18,75,67,0,142
2016-06-19,92,56,0,148
2016-06-20,96,54,0,150
2016-06-21,95,82,0,177
2016-06-22,76,49,0,125
2016-06-23,93,60,0,153
2016-06-24,85,57,0,142
2016-06-25,96,64,0,160
2016-06-26,99,48,0,147
2016-06-27,83,64,0,147
2016-06-28,83,64,0,147
2016-06-29,110,60,0,170
2016-06-30,90,56,0,146
2016-07-01,95,58,0,153
2016-07-02,94,63,0,157
2016-07-03,87,62,0,149
2016-07-04,99,60,0,159
2016-07-05,107,60,0,167
2016-07-06,92,57,0,149
2016-07-07,104,53,0,157
2016-07-08,92,65,0,157
2016-07-09,82,63,0,145
2016-07-10,118,66,0,184
2016-07-11,108,76,0,184
2016-07-12,101,79,0,180
2016-07-13,100,74,0,174
2016-07-14,82,64,0,146
2016-07-15,125,85,0,210
2016-07-16,87,59,0,146
2016-07-17,104,65,0,169
2016-07-18,82,61,0,143
2016-07-19,86,63,0,149
2016-07-20,87,43,0,130
2016-07-21,106,64,0,170
2016-07-22,82,58,0,140
2016-07-23,79,71,0,150
2016-07-24,65,60,0,125
2016-07-25,84,59,0,143
2016-07-26,92,52,0,144
2016-07-27,92,52,0,144
2016-07-28,66,70,0,136
2016-07-29,76,57,0,133
2016-07-30,83,52,0,135
2016-07-31,77,61,0,138
2016-08-01,90,65,0,155
2016-08-02,81,39,0,120
2016-08-03,99,57,0,156
2016-08-04,93,58,0,151
2016-08-05,87,58,0,145
2016-08-06,81,72,0,153
2016-08-07,95,62,0,157
2016-08-08,110,75,0,185
2016-08-09,95,70,0,165
2016-08-10,86,58,0,144
2016-08-11,90,73,0,163
2016-08-12,107,52,0,159
2016-08-13,90,51,0,141
2016-08-14,91,68,0,159
2016-08-15,80,65,0,145
2016-08-16,96,70,0,166
2016-08-17,100,57,0,157
2016-08-18,96,68,0,164
2016-08-19,91,73,0,164
2016-08-20,79,75,0,154
2016-08-21,101,69,0,170
2016-08-22,87,63,0,150
2016-08-23,85,64,0,149
2016-08-24,90,57,0,147
2016-08-25,85,49,0,134
2016-08-26,73,56,0,129
2016-08-27,88,61,0,149
2016-08-28,79,55,0,134
2016-08-29,104,57,0,161
2016-08-30,85,55,0,140
2016-08-31,89,54,0,143
2016-09-01,88,54,0,142
2016-09-02,90,52,0,142
2016-09-03,86,48,0,134
2016-09-04,100,64,0,164
2016-09-05,89,58,0,147
2016-09-06,85,64,0,149
2016-09-07,93,54,0,147
2016-09-08,92,77,0,169
2016-09-09,103,60,0,163
2016-09-10,101,57,0,158
2016-09-11,89,63,0,152
2016-09-12,83,55,0,138
2016-09-13,80,76,0,156
2016-09-14,94,57,0,151
2016-09-15,86,52,0,138
2016-09-16,78,52,0,130
2016-09-17,97,70,0,167
2016-09-18,96,71,0,167
2016-09-19,93,80,0,173
2016-09-20,88,56,0,144
2016-09-21,95,48,0,143
2016-09-22,111,57,0,168
2016-09-23,103,63,0,166
2016-09-24,84,67,0,151
2016-09-25,87,66,0,153
2016-09-26,116,77,0,193
2016-09-27,86,54,0,140
2016-09-28,99,55,0,154
2016-09-29,99,46,0,145
2016-09-30,93,76,0,169
2016-10-01,102,53,0,155
2016-10-02,72,54,0,126
2016-10-03,101,58,0,159
2016-10-04,91,62,0,153
2016-10-05,100,54,0,154
2016-10-06,105,60,0,165
2016-10-07,89,69,0,158
2016-10-08,81,55,0,136
2016-10-09,89,48,0,137
2016-10-10,89,77,0,166
2016-10-11,83,60,0,143
2016-10-12,74,64,0,138
2016-10-13,103,65,0,168
2016-10-14,88,64,0,152
2016-10-15,87,58,0,145
2016-10-16,84,60,0,144
2016-10-17,89,56,0,145
2016-10-18,77,59,0,136
2016-10-19,84,50,0,134
2016-10-20,77,47,0,124
2016-10-21,83,52,0,135
2016-10-22,77,48,0,125
2016-10-23,87,56,0,143
2016-10-24,82,68,0,150
2016-10-25,89,54,0,143
2016-10-26,94,63,0,157
2016-10-27,87,55,0,142
2016-10-28,70,70,0,140
2016-10-29,99,52,0,151
2016-10-30,105,63,0,168
2016-10-31,83,53,0,136
2016-11-01,91,67,0,158
2016-11-02,93,51,0,144
2016-11-03,87,57,0,144
2016-11-04,105,61,0,166
2016-11-05,87,74,0,161
2016-11-06,89,70,0,159
2016-11-07,91,56,0,147
2016-11-08,90,54,0,144
2016-11-09,98,56,1,155
2016-11-10,99,64,0,163
2016-11-11,102,80,0,182
2016-11-12,100,63,0,163
2016-11-13,98,54,0,152
2016-11-14,96,66,0,162
2016-11-15,89,60,0,149
2016-11-16,95,65,0,160
2016-11-17,98,72,0,170
2016-11-18,86,65,0,151
2016-11-19,100,46,0,146
2016-11-20,94,64,0,158
2016-11-21,115,66,0,181
2016-11-22,94,56,0,150
2016-11-23,95,69,0,164
2016-11-24,87,72,0,159
2016-11-25,87,65,0,152
2016-11-26,99,60,0,159
2016-11-27,78,59,0,137
2016-11-28,98,65,0,163
2016-11-29,90,64,0,154
2016-11-30,93,70,0,163
2016-12-01,81,64,0,145
2016-12-02,95,64,0,159
2016-12-03,92,71,0,163
2016-12-04,109,64,0,173
2016-12-05,99,59,0,158
2016-12-06,88,70,0,158
2016-12-07,107,67,0,174
2016-12-08,90,57,0,147
2016-12-09,112,69,0,181
2016-12-10,114,64,0,178
2016-12-11,91,75,0,166
2016-12-12,131,69,1,201
2016-12-13,106,78,0,184
2016-12-14,97,81,0,178
2016-12-15,115,72,0,187
2016-12-16,96,69,0,165
2016-12-17,103,75,0,178
2016-12-18,83,71,0,154
2016-12-19,101,73,0,174
2016-12-20,111,76,0,187
2016-12-21,122,68,0,190
2016-12-22,97,70,0,167
2016-12-23,85,59,0,144
2016-12-24,113,57,0,170
2016-12-25,108,69,0,177
2016-12-26,108,74,0,182
2016-12-27,123,75,0,198
2016-12-28,116,80,0,196
2016-12-29,108,84,0,192
2016-12-30,115,81,0,196
2016-12-31,100,76,0,176
2017-01-01,109,75,0,184
2017-01-02,127,83,0,210
2017-01-03,133,76,0,209
2017-01-04,95,73,0,168
2017-01-05,119,81,0,200
2017-01-06,100,68,0,168
2017-01-07,104,91,0,195
2017-01-08,103,71,0,174
2017-01-09,117,66,0,183
2017-01-10,111,60,0,171
2017-01-11,105,67,0,172
2017-01-12,102,85,0,187
2017-01-13,92,69,0,161
2017-01-14,115,61,0,176
2017-01-15,109,72,0,181
2017-01-16,111,72,0,183
2017-01-17,109,67,0,176
2017-01-18,125,72,0,197
2017-01-19,103,86,0,189
2017-01-20,110,77,0,187
2017-01-21,114,89,0,203
2017-01-22,105,88,0,193
2017-01-23,104,90,0,194
2017-01-24,107,83,0,190
2017-01-25,120,91,0,211
2017-01-26,114,79,0,193
2017-01-27,115,82,0,197
2017-01-28,118,71,0,189
2017-01-29,104,94,0,198
2017-01-30,113,67,0,180
2017-01-31,110,74,0,184
2017-02-01,116,80,0,196
2017-02-02,104,58,0,162
2017-02-03,113,62,0,175
2017-02-04,97,61,2,160
2017-02-05,111,72,0,183
2017-02-06,103,86,0,189
2017-02-07,114,59,0,173
2017-02-08,106,61,0,167
2017-02-09,99,71,0,170
2017-02-10,103,68,0,171
2017-02-11,95,56,0,151
2017-02-12,132,67,0,199
2017-02-13,96,80,0,176
2017-02-14,107,59,0,166
2017-02-15,96,65,0,161
2017-02-16,90,77,0,167
2017-02-17,105,70,0,175
2017-02-18,116,85,0,201
2017-02-19,96,75,0,171
2017-02-20,106,89,0,195
2017-02-21,104,87,0,191
2017-02-22,113,66,0,179
2017-02-23,104,64,0,168
2017-02-24,106,82,0,188
2017-02-25,107,61,0,168
2017-02-26,118,89,0,207
2017-02-27,88,70,0,158
2017-02-28,102,69,0,171
2017-03-01,104,53,0,157
2017-03-02,94,66,1,161
2017-03-03,95,59,0,154
2017-03-04,90,70,0,160
2017-03-05,106,77,0,183
2017-03-06,99,71,0,170
2017-03-07,102,76,0,178
2017-03-08,104,77,0,181
2017-03-09,90,66,0,156
2017-03-10,90,69,0,159
2017-03-11,106,63,0,169
2017-03-12,103,76,0,179
2017-03-13,95,89,0,184
2017-03-14,92,57,0,149
2017-03-15,101,61,1,163
2017-03-16,84,73,0,157
2017-03-17,101,64,0,165
2017-03-18,91,65,0,156
2017-03-19,74,67,0,141
2017-03-20,82,52,0,134
2017-03-21,107,56,0,163
2017-03-22,89,53,0,142
2017-03-23,89,60,0,149
2017-03-24,87,64,0,151
2017-03-25,101,66,0,167
2017-03-26,95,51,0,146
2017-03-27,102,63,0,165
2017-03-28,92,50,0,142
2017-03-29,96,60,0,156
2017-03-30,93,67,0,160
2017-03-31,94,76,0,170
2017-04-01,95,57,0,152
2017-04-02,83,62,0,145
2017-04-03,91,70,0,161
2017-04-04,92,68,0,160
2017-04-05,106,87,0,193
2017-04-06,93,48,0,141
2017-04-07,98,69,0,167
2017-04-08,84,67,0,151
2017-04-09,81,56,0,137
2017-04-10,86,68,0,154
2017-04-11,92,65,0,157
2017-04-12,85,68,0,153
2017-04-13,96,59,0,155
2017-04-14,86,48,0,134
2017-04-15,85,50,0,135
2017-04-16,79,59,0,138
2017-04-17,119,82,0,201
2017-04-18,109,75,0,184
2017-04-19,105,68,0,173
2017-04-20,77,49,0,126
2017-04-21,91,57,0,148
2017-04-22,81,73,0,154
2017-04-23,93,77,0,170
2017-04-24,101,83,0,184
2017-04-25,95,76,0,171
2017-04-26,76,64,0,140
2017-04-27,98,63,0,161
2017-04-28,96,78,0,174
2017-04-29,93,65,0,158
2017-04-30,83,60,0,143
2017-05-01,97,67,0,164
2017-05-02,87,49,0,136
2017-05-03,76,54,0,130
2017-05-04,83,73,0,156
2017-05-05,108,61,0,169
2017-05-06,103,72,0,175
2017-05-07,101,72,0,173
2017-05-08,95,70,0,165
2017-05-09,101,63,0,164
2017-05-10,105,61,0,166
2017-05-11,83,62,0,145
2017-05-12,92,72,0,164
2017-05-13,101,65,0,166
2017-05-14,106,72,0,178
2017-05-15,111,68,0,179
2017-05-16,121,96,0,217
2017-05-17,128,92,0,220
2017-05-18,126,87,0,213
2017-05-19,120,100,0,220
2017-05-20,113,80,0,193
2017-05-21,104,83,0,187
2017-05-22,120,103,0,223
2017-05-23,125,95,1,221
2017-05-24,105,79,0,184
2017-05-25,100,76,0,176
2017-05-26,127,78,0,205
2017-05-27,106,90,0,196
2017-05-28,121,73,0,194
2017-05-29,100,98,0,198
2017-05-30,116,89,0,205
2017-05-31,123,103,0,226
2017-06-01,118,87,0,205
2017-06-02,103,86,0,189
2017-06-03,115,95,0,210
2017-06-04,131,69,0,200
2017-06-05,124,95,0,219
2017-06-06,110,77,0,187
2017-06-07,80,80,0,160
2017-06-08,75,61,0,136
2017-06-09,88,63,0,151
2017-06-10,96,73,0,169
2017-06-11,114,71,0,185
2017-06-12,105,76,0,181
2017-06-13,92,81,0,173
2017-06-14,98,81,0,179
2017-06-15,91,64,0,155
2017-06-16,94,61,0,155
2017-06-17,81,68,0,149
2017-06-18,84,55,0,139
2017-06-19,82,66,0,148
2017-06-20,76,64,0,140
2017-06-21,92,51,0,143
2017-06-22,91,75,0,166
2017-06-23,93,70,0,163
2017-06-24,105,64,0,169
2017-06-25,80,56,0,136
2017-06-26,87,65,0,152
2017-06-27,89,64,0,153
2017-06-28,94,61,0,155
2017-06-29,89,69,1,159
2017-06-30,99,70,0,169
2017-07-01,92,92,0,184
2017-07-02,104,66,0,170
2017-07-03,113,72,0,185
2017-07-04,111,81,0,192
2017-07-05,93,72,0,165
2017-07-06,80,79,0,159
2017-07-07,98,76,0,174
2017-07-08,103,51,0,154
2017-07-09,110,68,0,178
2017-07-10,95,63,0,158
2017-07-11,101,67,0,168
2017-07-12,90,61,0,151
2017-07-13,107,62,0,169
2017-07-14,95,58,0,153
2017-07-15,108,54,0,162
2017-07-16,111,60,0,171
2017-07-17,76,75,0,151
2017-07-18,97,61,0,158
2017-07-19,106,64,0,170
2017-07-20,85,73,0,158
2017-07-21,108,57,0,165
2017-07-22,105,73,0,178
2017-07-23,111,85,0,196
2017-07-24,112,79,0,191
2017-07-25,124,76,0,200
2017-07-26,116,89,0,205
2017-07-27,85,63,0,148
2017-07-28,96,61,1,158
2017-07-29,91,63,0,154
2017-07-30,97,68,0,165
2017-07-31,92,66,0,158
2017-08-01,105,74,0,179
2017-08-02,73,58,0,131
2017-08-03,92,65,0,157
2017-08-04,86,59,0,145
2017-08-05,93,73,0,166
2017-08-06,85,73,0,158
2017-08-07,100,57,0,157
2017-08-08,123,60,0,183
2017-08-09,104,58,0,162
2017-08-10,123,54,0,177
2017-08-11,105,64,0,169
2017-08-12,88,63,0,151
2017-08-13,73,45,0,118
2017-08-14,111,79,0,190
2017-08-15,104,54,0,158
2017-08-16,92,70,0,162
2017-08-17,125,75,0,200
2017-08-18,109,50,0,159
2017-08-19,98,56,0,154
2017-08-20,105,65,0,170
2017-08-21,89,65,0,154
2017-08-22,94,58,0,152
2017-08-23,96,74,0,170
2017-08-24,88,58,0,146
2017-08-25,92,58,0,150
2017-08-26,104,73,0,177
2017-08-27,102,69,0,171
2017-08-28,108,83,1,192
2017-08-29,91,82,0,173
2017-08-30,114,91,0,205
2017-08-31,107,79,0,186
2017-09-01,110,70,0,180
2017-09-02,117,75,0,192
2017-09-03,102,57,0,159
2017-09-04,126,85,0,211
2017-09-05,125,74,0,199
2017-09-06,111,62,0,173
2017-09-07,113,78,0,191
2017-09-08,107,77,0,184
2017-09-09,134,79,0,213
2017-09-10,113,67,0,180
2017-09-11,132,69,0,201
2017-09-12,112,68,0,180
2017-09-13,103,82,0,185
2017-09-14,122,55,0,177
2017-09-15,123,57,0,180
2017-09-16,107,73,0,180
2017-09-17,107,70,0,177
2017-09-18,108,79,0,187
2017-09-19,103,85,0,188
2017-09-20,134,80,0,214
2017-09-21,120,100,0,220
2017-09-22,125,86,0,211
2017-09-23,130,74,0,204
2017-09-24,109,81,0,190
2017-09-25,102,63,0,165
2017-09-26,120,78,0,198
2017-09-27,117,64,0,181
2017-09-28,135,80,1,216
2017-09-29,100,92,0,192
2017-09-30,100,74,0,174
2017-10-01,120,73,0,193
2017-10-02,123,70,0,193
2017-10-03,122,66,0,188
2017-10-04,107,78,0,185
2017-10-05,109,71,0,180
2017-10-06,128,79,0,207
2017-10-07,102,69,0,171
2017-10-08,121,67,0,188
2017-10-09,104,71,0,175
2017-10-10,111,73,0,184
2017-10-11,107,93,0,200
2017-10-12,113,73,0,186
2017-10-13,122,57,0,179
2017-10-14,103,62,0,165
2017-10-15,100,78,0,178
2017-10-16,105,63,0,168
2017-10-17,100,72,0,172
2017-10-18,86,74,0,160
2017-10-19,123,69,0,192
2017-10-20,100,77,0,177
2017-10-21,124,63,0,187
2017-10-22,116,82,0,198
2017-10-23,114,62,0,176
2017-10-24,108,76,0,184
2017-10-25,104,76,0,180
2017-10-26,134,72,0,206
2017-10-27,100,70,0,170
2017-10-28,96,61,0,157
2017-10-29,104,76,0,180
2017-10-30,111,71,0,182
2017-10-31,103,79,0,182
2017-11-01,95,71,0,166
2017-11-02,97,60,0,157
2017-11-03,127,80,0,207
2017-11-04,117,80,0,197
2017-11-05,108,68,0,176
2017-11-06,92,81,0,173
2017-11-07,96,59,0,155
2017-11-08,94,67,0,161
2017-11-09,108,62,0,170
2017-11-10,106,85,0,191
2017-11-11,138,77,0,215
2017-11-12,97,64,0,161
2017-11-13,113,62,0,175
2017-11-14,100,66,0,166
2017-11-15,148,84,0,232
2017-11-16,147,85,0,232
2017-11-17,116,79,1,196
2017-11-18,111,77,0,188
2017-11-19,108,83,0,191
2017-11-20,115,84,0,199
2017-11-21,118,69,0,187
2017-11-22,104,88,0,192
2017-11-23,123,81,0,204
2017-11-24,108,61,0,169
2017-11-25,107,67,0,174
2017-11-26,128,58,0,186
2017-11-27,97,63,0,160
2017-11-28,101,75,0,176
2017-11-29,124,83,0,207
2017-11-30,103,73,0,176
2017-12-01,105,63,0,168
2017-12-02,102,51,0,153
2017-12-03,107,50,0,157
2017-12-04,105,71,0,176
2017-12-05,99,83,0,182
2017-12-06,95,82,0,177
2017-12-07,109,77,0,186
2017-12-08,96,70,0,166
2017-12-09,104,83,0,187
2017-12-10,109,64,0,173
2017-12-11,112,64,0,176
2017-12-12,101,74,0,175
2017-12-13,96,75,1,172
2017-12-14,101,62,0,163
2017-12-15,104,72,0,176
2017-12-16,109,56,0,165
2017-12-17,105,86,0,191
2017-12-18,112,77,0,189
2017-12-19,129,55,0,184
2017-12-20,111,77,0,188
2017-12-21,93,90,0,183
2017-12-22,102,64,0,166
2017-12-23,112,70,1,183
2017-12-24,97,61,0,158
2017-12-25,100,74,0,174
2017-12-26,111,77,0,188
2017-12-27,105,65,0,170
2017-12-28,132,83,0,215
2017-12-29,131,88,0,219
2017-12-30,107,61,0,168
2017-12-31,108,89,0,197
2018-01-01,113,89,0,202
2018-01-02,115,85,0,200
2018-01-03,114,77,0,191
2018-01-04,124,83,0,207
2018-01-05,104,78,0,182
2018-01-06,112,70,0,182
2018-01-07,117,95,0,212
2018-01-08,110,73,0,183
2018-01-09,109,75,0,184
2018-01-10,89,72,0,161
2018-01-11,118,70,0,188
2018-01-12,93,77,0,170
2018-01-13,110,82,0,192
2018-01-14,117,68,0,185
2018-01-15,100,82,0,182
2018-01-16,108,82,0,190
2018-01-17,123,72,0,195
2018-01-18,114,80,0,194
2018-01-19,108,70,0,178
2018-01-20,107,69,0,176
2018-01-21,88,79,0,167
2018-01-22,105,82,0,187
2018-01-23,95,68,0,163
2018-01-24,92,81,0,173
2018-01-25,113,74,0,187
2018-01-26,110,82,0,192
2018-01-27,98,77,0,175
2018-01-28,119,68,0,187
2018-01-29,99,79,0,178
2018-01-30,102,89,0,191
2018-01-31,87,65,0,152
2018-02-01,129,89,0,218
2018-02-02,118,82,0,200
2018-02-03,129,67,0,196
2018-02-04,111,94,0,205
2018-02-05,117,90,0,207
2018-02-06,120,83,0,203
2018-02-07,118,89,0,207
2018-02-08,116,93,0,209
2018-02-09,107,66,0,173
2018-02-10,102,89,0,191
2018-02-11,116,83,0,199
2018-02-12,113,78,0,191
2018-02-13,109,74,0,183
2018-02-14,92,89,0,181
2018-02-15,110,68,0,178
2018-02-16,121,69,0,190
2018-02-17,103,67,0,170
2018-02-18,110,74,1,185
2018-02-19,114,72,0,186
2018-02-20,126,74,0,200
2018-02-21,107,61,0,168
2018-02-22,125,74,0,199
2018-02-23,108,71,0,179
2018-02-24,96,66,0,162
2018-02-25,111,72,0,183
2018-02-26,100,65,0,165
2018-02-27,105,70,0,175
2018-02-28,115,74,0,189
2018-03-01,107,75,0,182
2018-03-02,85,56,0,141
2018-03-03,88,77,0,165
2018-03-04,101,70,0,171
2018-03-05,100,65,0,165
2018-03-06,109,69,0,178
2018-03-07,106,60,0,166
2018-03-08,107,53,0,160
2018-03-09,80,75,0,155
2018-03-10,102,70,0,172
2018-03-11,102,69,0,171
2018-03-12,106,70,0,176
2018-03-13,102,67,0,169
2018-03-14,103,72,0,175
2018-03-15,96,60,0,156
2018-03-16,119,61,0,180
2018-03-17,111,72,0,183
2018-03-18,103,68,0,171
2018-03-19,97,61,0,158
2018-03-20,111,58,0,169
2018-03-21,83,71,0,154
2018-03-22,100,79,0,179
2018-03-23,110,80,0,190
2018-03-24,99,60,0,159
2018-03-25,107,68,0,175
2018-03-26,87,66,0,153
2018-03-27,87,64,0,151
2018-03-28,97,58,0,155
2018-03-29,84,60,0,144
2018-03-30,98,55,0,153
2018-03-31,79,83,0,162
2018-04-01,101,64,0,165
2018-04-02,90,68,0,158
2018-04-03,104,63,0,167
2018-04-04,75,63,0,138
2018-04-05,96,64,0,160
2018-04-06,92,70,0,162
2018-04-07,93,59,0,152
2018-04-08,77,66,0,143
2018-04-09,86,66,0,152
2018-04-10,86,58,0,144
2018-04-11,85,69,0,154
2018-04-12,87,77,0,164
2018-04-13,91,55,0,146
2018-04-14,85,67,0,152
2018-04-15,100,91,0,191
2018-04-16,91,63,0,154
2018-04-17,95,62,0,157
2018-04-18,94,55,0,149
2018-04-19,88,51,0,139
2018-04-20,89,70,0,159
2018-04-21,108,60,0,168
2018-04-22,93,69,0,162
2018-04-23,99,76,0,175
2018-04-24,69,65,0,134
2018-04-25,93,76,0,169
2018-04-26,100,66,0,166
2018-04-27,92,67,0,159
2018-04-28,112,79,0,191
2018-04-29,96,65,0,161
2018-04-30,97,84,0,181
2018-05-01,102,56,0,158
2018-05-02,88,66,0,154
2018-05-03,101,60,0,161
2018-05-04,80,58,0,138
2018-05-05,97,68,0,165
2018-05-06,102,73,0,175
2018-05-07,100,60,0,160
2018-05-08,101,78,0,179
2018-05-09,110,71,0,181
2018-05-10,108,63,0,171
2018-05-11,95,61,0,156
2018-05-12,87,74,0,161
2018-05-13,93,62,0,155
2018-05-14,100,60,0,160
2018-05-15,95,68,0,163
2018-05-16,108,80,0,188
2018-05-17,102,70,0,172
2018-05-18,88,64,0,152
2018-05-19,107,64,0,171
2018-05-20,85,63,0,148
2018-05-21,94,62,0,156
2018-05-22,115,64,0,179
2018-05-23,106,67,0,173
2018-05-24,97,66,0,163
2018-05-25,84,51,0,135
2018-05-26,93,69,1,163
2018-05-27,97,65,0,162
2018-05-28,96,73,0,169
2018-05-29,108,64,0,172
2018-05-30,97,80,0,177
2018-05-31,110,90,0,200
2018-06-01,101,95,0,196
2018-06-02,106,68,0,174
2018-06-03,105,69,0,174
2018-06-04,112,78,0,190
2018-06-05,122,73,0,195
2018-06-06,94,73,0,167
2018-06-07,106,65,0,171
2018-06-08,99,68,0,167
2018-06-09,118,78,1,197
2018-06-10,113,67,0,180
2018-06-11,123,63,0,186
2018-06-12,97,73,0,170
2018-06-13,111,72,0,183
2018-06-14,120,60,1,181
2018-06-15,85,80,0,165
2018-06-16,103,56,0,159
2018-06-17,99,67,0,166
2018-06-18,104,70,0,174
2018-06-19,108,60,0,168
2018-06-20,105,80,0,185
2018-06-21,117,67,0,184
2018-06-22,89,68,0,157
2018-06-23,88,70,0,158
2018-06-24,92,71,0,163
2018-06-25,79,66,0,145
2018-06-26,87,71,0,158
2018-06-27,86,67,0,153
2018-06-28,78,55,0,133
2018-06-29,91,59,0,150
2018-06-30,99,67,0,166
2018-07-01,94,75,0,169
2018-07-02,95,74,0,169
2018-07-03,89,57,0,146
2018-07-04,93,73,0,166
2018-07-05,108,74,0,182
2018-07-06,101,73,0,174
2018-07-07,95,80,0,175
2018-07-08,105,63,0,168
2018-07-09,99,61,0,160
2018-07-10,108,57,0,165
2018-07-11,99,67,0,166
2018-07-12,96,49,0,145
2018-07-13,75,61,0,136
2018-07-14,101,65,0,166
2018-07-15,85,62,0,147
2018-07-16,107,73,0,180
2018-07-17,100,69,0,169
2018-07-18,94,65,0,159
2018-07-19,120,60,0,180
2018-07-20,113,75,0,188
2018-07-21,90,67,0,157
2018-07-22,86,73,0,159
2018-07-23,119,63,0,182
2018-07-24,99,77,0,176
2018-07-25,101,74,0,175
2018-07-26,108,63,0,171
2018-07-27,82,59,0,141
2018-07-28,85,61,0,146
2018-07-29,95,75,0,170
2018-07-30,104,72,0,176
2018-07-31,91,55,0,146
2018-08-01,82,73,0,155
2018-08-02,86,68,0,154
2018-08-03,62,54,0,116
2018-08-04,95,51,0,146
2018-08-05,91,55,0,146
2018-08-06,126,67,0,193
2018-08-07,92,57,0,149
2018-08-08,90,55,0,145
2018-08-09,78,55,0,133
2018-08-10,80,54,0,134
2018-08-11,94,65,0,159
2018-08-12,74,51,0,125
2018-08-13,95,52,0,147
2018-08-14,97,59,0,156
2018-08-15,99,69,0,168
2018-08-16,92,43,0,135
2018-08-17,96,74,0,170
2018-08-18,101,54,0,155
2018-08-19,81,69,0,150
2018-08-20,98,67,0,165
2018-08-21,109,65,0,174
2018-08-22,108,71,0,179
2018-08-23,107,83,0,190
2018-08-24,93,59,0,152
2018-08-25,104,63,0,167
2018-08-26,94,58,0,152
2018-08-27,84,65,0,149
2018-08-28,77,72,0,149
2018-08-29,95,52,0,147
2018-08-30,105,60,0,165
2018-08-31,101,54,0,155
2018-09-01,95,59,0,154
2018-09-02,89,32,0,121
2018-09-03,100,75,0,175
2018-09-04,117,63,0,180
2018-09-05,101,60,0,161
2018-09-06,93,72,0,165
2018-09-07,112,58,0,170
2018-09-08,79,64,0,143
2018-09-09,98,53,0,151
2018-09-10,88,59,0,147
2018-09-11,99,77,0,176
2018-09-12,119,67,0,186
2018-09-13,94,64,0,158
2018-09-14,93,52,0,145
2018-09-15,86,63,0,149
2018-09-16,86,76,0,162
2018-09-17,104,55,0,159
2018-09-18,80,66,0,146
2018-09-19,93,64,0,157
2018-09-20,92,60,0,152
2018-09-21,97,71,0,168
2018-09-22,93,67,0,160
2018-09-23,104,52,0,156
2018-09-24,102,62,0,164
2018-09-25,108,67,0,175
2018-09-26,82,61,0,143
2018-09-27,98,88,0,186
2018-09-28,88,65,0,153
2018-09-29,111,76,0,187
2018-09-30,98,61,0,159
2018-10-01,99,71,0,170
2018-10-02,97,72,0,169
2018-10-03,76,71,0,147
2018-10-04,84,61,0,145
2018-10-05,103,44,0,147
2018-10-06,90,57,0,147
2018-10-07,97,66,0,163
2018-10-08,115,58,0,173
2018-10-09,92,65,0,157
2018-10-10,94,73,0,167
2018-10-11,107,84,0,191
2018-10-12,110,78,0,188
2018-10-13,101,76,0,177
2018-10-14,108,67,0,175
2018-10-15,130,71,0,201
2018-10-16,95,77,0,172
2018-10-17,104,59,0,163
2018-10-18,117,70,0,187
2018-10-19,118,54,0,172
2018-10-20,112,81,0,193
2018-10-21,132,71,0,203
2018-10-22,116,81,0,197
2018-10-23,133,88,0,221
2018-10-24,105,61,0,166
2018-10-25,114,77,0,191
2018-10-26,119,81,0,200
2018-10-27,107,83,0,190
2018-10-28,115,94,1,210
2018-10-29,116,81,0,197
2018-10-30,128,86,0,214
2018-10-31,143,69,0,212
2018-11-01,112,74,0,186
2018-11-02,118,78,0,196
2018-11-03,122,68,0,190
2018-11-04,135,72,0,207
2018-11-05,117,82,0,199
2018-11-06,101,79,1,181
2018-11-07,130,81,0,211
2018-11-08,107,88,0,195
2018-11-09,125,84,0,209
2018-11-10,118,99,0,217
2018-11-11,114,79,1,194
2018-11-12,131,82,0,213
2018-11-13,129,77,0,206
2018-11-14,111,101,0,212
2018-11-15,133,89,0,222
2018-11-16,126,87,0,213
2018-11-17,115,79,1,195
2018-11-18,106,93,0,199
2018-11-19,107,72,0,179
2018-11-20,118,69,0,187
2018-11-21,105,80,0,185
2018-11-22,113,49,0,162
2018-11-23,114,87,0,201
2018-11-24,118,71,0,189
2018-11-25,104,62,0,166
2018-11-26,129,68,0,197
2018-11-27,101,76,0,177
2018-11-28,100,88,0,188
2018-11-29,106,76,0,182
2018-11-30,106,66,1,173
2018-12-01,114,74,0,188
2018-12-02,97,74,0,171
2018-12-03,116,79,1,196
2018-12-04,112,67,0,179
2018-12-05,89,78,0,167
2018-12-06,115,78,0,193
2018-12-07,112,80,0,192
2018-12-08,101,66,0,167
2018-12-09,90,71,0,161
2018-12-10,124,70,0,194
2018-12-11,127,71,0,198
2018-12-12,110,84,0,194
2018-12-13,100,60,0,160
2018-12-14,96,101,0,197
2018-12-15,110,60,0,170
2018-12-16,92,65,0,157
2018-12-17,111,80,0,191
2018-12-18,118,73,0,191
2018-12-19,117,80,0,197
2018-12-20,104,69,0,173
2018-12-21,110,84,0,194
2018-12-22,103,81,0,184
2018-12-23,119,61,0,180
2018-12-24,101,88,0,189
2018-12-25,114,81,0,195
2018-12-26,107,77,0,184
2018-12-27,125,64,0,189
2018-12-28,116,85,0,201
2018-12-29,102,78,0,180
2018-12-30,120,68,0,188
2018-12-31,118,66,0,184
2019-01-01,119,67,1,187
2019-01-02,113,63,0,176
2019-01-03,120,60,0,180
2019-01-04,107,95,0,202
2019-01-05,101,79,0,180
2019-01-06,101,77,0,178
2019-01-07,132,95,0,227
2019-01-08,112,91,0,203
2019-01-09,104,77,0,181
2019-01-10,108,79,0,187
2019-01-11,139,79,0,218
2019-01-12,111,96,0,207
2019-01-13,137,76,0,213
2019-01-14,115,96,0,211
2019-01-15,129,95,0,224
2019-01-16,116,89,0,205
2019-01-17,102,82,0,184
2019-01-18,130,90,0,220
2019-01-19,129,71,0,200
2019-01-20,93,71,0,164
2019-01-21,127,73,0,200
2019-01-22,124,94,0,218
2019-01-23,119,77,0,196
2019-01-24,105,90,0,195
2019-01-25,117,85,0,202
2019-01-26,126,97,0,223
2019-01-27,108,73,0,181
2019-01-28,116,91,0,207
2019-01-29,112,88,0,200
2019-01-30,111,74,0,185
2019-01-31,101,74,0,175
2019-02-01,102,90,0,192
2019-02-02,105,74,0,179
2019-02-03,115,72,0,187
2019-02-04,101,78,0,179
2019-02-05,113,72,0,185
2019-02-06,84,64,0,148
2019-02-07,124,74,0,198
2019-02-08,115,85,0,200
2019-02-09,111,70,0,181
2019-02-10,104,83,0,187
2019-02-11,103,66,0,169
2019-02-12,91,78,0,169
2019-02-13,96,77,0,173
2019-02-14,111,84,0,195
2019-02-15,111,74,0,185
2019-02-16,119,67,0,186
2019-02-17,109,69,0,178
2019-02-18,120,77,0,197
2019-02-19,114,64,0,178
2019-02-20,101,82,0,183
2019-02-21,103,73,0,176
2019-02-22,107,75,0,182
2019-02-23,114,77,0,191
2019-02-24,107,61,0,168
2019-02-25,97,76,0,173
2019-02-26,112,67,0,179
2019-02-27,100,74,0,174
2019-02-28,116,77,0,193
2019-03-01,128,87,0,215
2019-03-02,113,82,0,195
2019-03-03,97,80,0,177
2019-03-04,95,74,0,169
2019-03-05,118,63,0,181
2019-03-06,117,80,0,197
2019-03-07,106,69,0,175
2019-03-08,98,67,0,165
2019-03-09,84,71,0,155
2019-03-10,104,74,0,178
2019-03-11,112,89,0,201
2019-03-12,98,56,0,154
2019-03-13,102,65,0,167
2019-03-14,114,63,0,177
2019-03-15,116,72,0,188
2019-03-16,83,73,0,156
2019-03-17,115,57,0,172
2019-03-18,110,78,0,188
2019-03-19,119,67,0,186
2019-03-20,112,73,1,186
2019-03-21,101,75,0,176
2019-03-22,90,76,0,166
2019-03-23,91,65,0,156
2019-03-24,93,72,0,165
2019-03-25,97,75,0,172
2019-03-26,110,47,0,157
2019-03-27,82,75,0,157
2019-03-28,97,77,0,174
2019-03-29,90,75,0,165
2019-03-30,96,71,0,167
2019-03-31,87,63,0,150
2019-04-01,98,75,0,173
2019-04-02,101,60,0,161
2019-04-03,96,65,0,161
2019-04-04,89,69,0,158
2019-04-05,100,70,0,170
2019-04-06,97,64,0,161
2019-04-07,91,58,0,149
2019-04-08,91,61,0,152
2019-04-09,104,67,0,171
2019-04-10,101,62,0,163
2019-04-11,92,52,0,144
2019-04-12,101,64,0,165
2019-04-13,96,63,0,159
2019-04-14,94,66,0,160
2019-04-15,107,72,0,179
2019-04-16,96,67,0,163
2019-04-17,98,59,0,157
2019-04-18,107,70,0,177
2019-04-19,96,73,0,169
2019-04-20,98,58,0,156
2019-04-21,104,76,0,180
2019-04-22,108,74,0,182
2019-04-23,102,65,0,167
2019-04-24,94,63,0,157
2019-04-25,84,67,0,151
2019-04-26,103,76,0,179
2019-04-27,102,65,0,167
2019-04-28,76,60,0,136
2019-04-29,97,59,0,156
2019-04-30,98,64,0,162
2019-05-01,95,71,0,166
2019-05-02,105,75,0,180
2019-05-03,116,78,0,194
2019-05-04,108,70,0,178
2019-05-05,115,84,0,199
2019-05-06,111,74,0,185
2019-05-07,124,86,0,210
2019-05-08,115,79,0,194
2019-05-09,104,68,0,172
2019-05-10,100,84,0,184
2019-05-11,118,65,0,183
2019-05-12,111,86,0,197
2019-05-13,117,69,0,186
2019-05-14,108,72,0,180
2019-05-15,123,72,0,195
2019-05-16,92,81,0,173
2019-05-17,86,85,0,171
2019-05-18,106,73,0,179
2019-05-19,114,86,0,200
2019-05-20,103,61,0,164
2019-05-21,84,78,0,162
2019-05-22,120,85,0,205
2019-05-23,100,73,0,173
2019-05-24,112,88,0,200
2019-05-25,103,70,0,173
2019-05-26,115,70,0,185
2019-05-27,116,87,0,203
2019-05-28,108,76,0,184
2019-05-29,110,94,0,204
2019-05-30,80,88,0,168
2019-05-31,102,84,0,186
2019-06-01,109,74,0,183
2019-06-02,113,87,0,200
2019-06-03,107,76,0,183
2019-06-04,113,93,0,206
2019-06-05,126,100,0,226
2019-06-06,120,90,0,210
2019-06-07,117,90,0,207
2019-06-08,119,74,0,193
2019-06-09,122,97,1,220
2019-06-10,116,64,0,180
2019-06-11,114,92,0,206
2019-06-12,138,73,0,211
2019-06-13,117,105,0,222
2019-06-14,150,106,0,256
2019-06-15,131,106,0,237
2019-06-16,115,117,1,233
2019-06-17,134,100,0,234
2019-06-18,137,115,0,252
2019-06-19,134,108,0,242
2019-06-20,126,129,0,255
2019-06-21,120,82,0,202
2019-06-22,112,90,0,202
2019-06-23,96,90,0,186
2019-06-24,107,73,0,180
2019-06-25,108,72,0,180
2019-06-26,107,66,0,173
2019-06-27,92,69,0,161
2019-06-28,108,87,0,195
2019-06-29,94,71,0,165
2019-06-30,95,77,0,172
2019-07-01,120,81,0,201
2019-07-02,104,62,0,166
2019-07-03,83,54,0,137
2019-07-04,92,63,1,156
2019-07-05,100,61,2,163
2019-07-06,82,73,0,155
2019-07-07,95,67,0,162
2019-07-08,104,73,0,177
2019-07-09,107,76,0,183
2019-07-10,110,58,0,168
2019-07-11,85,61,0,146
2019-07-12,101,65,0,166
2019-07-13,119,63,0,182
2019-07-14,91,66,0,157
2019-07-15,98,68,0,166
2019-07-16,97,66,0,163
2019-07-17,95,56,0,151
2019-07-18,101,70,0,171
2019-07-19,101,55,0,156
2019-07-20,92,57,0,149
2019-07-21,105,60,0,165
2019-07-22,107,70,0,177
2019-07-23,96,70,0,166
2019-07-24,101,63,0,164
2019-07-25,96,47,0,143
2019-07-26,99,63,0,162
2019-07-27,103,68,0,171
2019-07-28,96,67,0,163
2019-07-29,98,70,0,168
2019-07-30,105,66,0,171
2019-07-31,103,81,0,184
2019-08-01,109,58,0,167
2019-08-02,114,69,1,184
2019-08-03,87,63,0,150
2019-08-04,112,58,0,170
2019-08-05,101,82,0,183
2019-08-06,112,73,0,185
2019-08-07,120,62,0,182
2019-08-08,108,61,0,169
2019-08-09,101,63,0,164
2019-08-10,127,67,0,194
2019-08-11,106,85,0,191
2019-08-12,108,61,0,169
2019-08-13,104,87,0,191
2019-08-14,95,59,0,154
2019-08-15,113,83,0,196
2019-08-16,107,72,0,179
2019-08-17,111,58,0,169
2019-08-18,95,60,0,155
2019-08-19,93,57,0,150
2019-08-20,86,70,0,156
2019-08-21,89,60,0,149
2019-08-22,98,85,0,183
2019-08-23,93,63,0,156
2019-08-24,107,83,0,190
2019-08-25,97,55,0,152
2019-08-26,108,62,0,170
2019-08-27,96,75,0,171
2019-08-28,115,68,0,183
2019-08-29,100,67,0,167
2019-08-30,118,82,0,200
2019-08-31,103,74,0,177
2019-09-01,91,52,0,143
2019-09-02,101,57,0,158
2019-09-03,101,81,0,182
2019-09-04,128,64,0,192
2019-09-05,91,65,0,156
2019-09-06,120,64,0,184
2019-09-07,98,67,1,166
2019-09-08,115,79,0,194
2019-09-09,119,82,0,201
2019-09-10,110,101,0,211
2019-09-11,98,75,0,173
2019-09-12,95,74,0,169
2019-09-13,139,86,0,225
2019-09-14,113,69,0,182
2019-09-15,119,64,0,183
2019-09-16,106,77,0,183
2019-09-17,100,51,0,151
2019-09-18,92,80,0,172
2019-09-19,120,70,0,190
2019-09-20,93,54,0,147
2019-09-21,119,60,0,179
2019-09-22,116,69,0,185
2019-09-23,117,73,0,190
2019-09-24,116,76,0,192
2019-09-25,120,69,0,189
2019-09-26,94,84,0,178
2019-09-27,102,76,0,178
2019-09-28,111,70,0,181
2019-09-29,120,55,0,175
2019-09-30,133,72,0,205
2019-10-01,98,71,1,170
2019-10-02,122,62,0,184
2019-10-03,116,71,0,187
2019-10-04,108,66,0,174
2019-10-05,124,79,0,203
2019-10-06,109,69,0,178
2019-10-07,116,93,0,209
2019-10-08,113,84,0,197
2019-10-09,107,82,0,189
2019-10-10,115,73,0,188
2019-10-11,103,86,0,189
2019-10-12,138,93,0,231
2019-10-13,117,83,0,200
2019-10-14,114,99,0,213
2019-10-15,125,76,0,201
2019-10-16,108,76,0,184
2019-10-17,111,54,0,165
2019-10-18,108,71,0,179
2019-10-19,107,75,0,182
2019-10-20,119,65,0,184
2019-10-21,114,69,0,183
2019-10-22,128,68,0,196
2019-10-23,142,84,0,226
2019-10-24,106,75,0,181
2019-10-25,130,80,0,210
2019-10-26,109,95,0,204
2019-10-27,115,78,0,193
2019-10-28,135,91,0,226
2019-10-29,125,86,0,211
2019-10-30,101,84,0,185
2019-10-31,111,80,0,191
2019-11-01,137,83,0,220
2019-11-02,133,102,0,235
2019-11-03,133,83,1,217
2019-11-04,158,96,0,254
2019-11-05,129,96,0,225
2019-11-06,130,104,0,234
2019-11-07,121,95,0,216
2019-11-08,144,82,0,226
2019-11-09,129,107,0,236
2019-11-10,117,68,0,185
2019-11-11,114,103,0,217
2019-11-12,119,85,0,204
2019-11-13,125,77,0,202
2019-11-14,129,97,0,226
2019-11-15,122,67,0,189
2019-11-16,108,82,0,190
2019-11-17,106,70,0,176
2019-11-18,113,93,0,206
2019-11-19,122,70,0,192
2019-11-20,95,74,0,169
2019-11-21,111,70,0,181
2019-11-22,120,69,0,189
2019-11-23,109,70,0,179
2019-11-24,121,75,0,196
2019-11-25,110,83,0,193
2019-11-26,103,89,0,192
2019-11-27,113,72,0,185
2019-11-28,108,78,0,186
2019-11-29,111,77,0,188
2019-11-30,121,83,0,204
2019-12-01,99,72,0,171
2019-12-02,116,78,0,194
2019-12-03,115,64,0,179
2019-12-04,96,83,0,179
2019-12-05,106,79,0,185
2019-12-06,116,64,0,180
2019-12-07,92,62,0,154
2019-12-08,126,87,0,213
2019-12-09,101,87,0,188
2019-12-10,109,64,0,173
2019-12-11,128,82,0,210
2019-12-12,107,84,0,191
2019-12-13,118,86,0,204
2019-12-14,118,83,0,201
2019-12-15,114,81,0,195
2019-12-16,130,77,0,207
2019-12-17,118,82,1,201
2019-12-18,97,86,0,183
2019-12-19,100,83,0,183
2019-12-20,105,64,0,169
2019-12-21,101,92,0,193
2019-12-22,82,60,0,142
2019-12-23,142,81,0,223
2019-12-24,118,92,0,210
2019-12-25,118,84,0,202
2019-12-26,95,62,0,157
2019-12-27,90,78,0,168
2019-12-28,100,80,0,180
2019-12-29,112,76,0,188
2019-12-30,102,60,0,162
2019-12-31,119,76,0,195
2020-01-01,133,79,0,212
2020-01-02,98,71,0,169
2020-01-03,133,62,0,195
2020-01-04,100,74,0,174
2020-01-05,106,94,0,200
2020-01-06,118,77,0,195
2020-01-07,96,84,0,180
2020-01-08,117,68,0,185
2020-01-09,107,77,0,184
2020-01-10,96,67,1,164
2020-01-11,104,76,0,180
2020-01-12,113,79,0,192
2020-01-13,102,75,0,177
2020-01-14,96,69,1,166
2020-01-15,118,71,0,189
2020-01-16,126,91,0,217
2020-01-17,120,63,0,183
2020-01-18,121,83,0,204
2020-01-19,114,91,0,205
2020-01-20,121,74,0,195
2020-01-21,125,76,0,201
2020-01-22,134,74,0,208
2020-01-23,108,78,0,186
2020-01-24,122,84,0,206
2020-01-25,100,76,0,176
2020-01-26,107,75,0,182
2020-01-27,105,69,0,174
2020-01-28,124,68,0,192
2020-01-29,109,72,0,181
2020-01-30,111,64,0,175
2020-01-31,106,78,0,184
2020-02-01,101,75,0,176
2020-02-02,119,85,0,204
2020-02-03,111,95,0,206
2020-02-04,92,79,0,171
2020-02-05,93,70,0,163
2020-02-06,138,75,0,213
2020-02-07,118,84,0,202
2020-02-08,122,52,0,174
2020-02-09,112,81,0,193
2020-02-10,105,79,0,184
2020-02-11,103,74,0,177
2020-02-12,116,87,0,203
2020-02-13,103,76,0,179
2020-02-14,104,87,0,191
2020-02-15,119,52,0,171
2020-02-16,105,83,0,188
2020-02-17,95,67,0,162
2020-02-18,112,74,0,186
2020-02-19,104,66,0,170
2020-02-20,104,74,0,178
2020-02-21,101,62,0,163
2020-02-22,105,53,0,158
2020-02-23,94,86,0,180
2020-02-24,109,77,0,186
2020-02-25,109,78,1,188
2020-02-26,97,73,0,170
2020-02-27,106,72,0,178
2020-02-28,108,83,0,191
2020-02-29,96,74,0,170
2020-03-01,85,66,0,151
2020-03-02,89,71,0,160
2020-03-03,113,77,0,190
2020-03-04,102,64,0,166
2020-03-05,91,70,0,161
2020-03-06,93,77,0,170
2020-03-07,94,55,0,149
2020-03-08,95,70,0,165
2020-03-09,111,58,0,169
2020-03-10,89,70,0,159
2020-03-11,93,76,0,169
2020-03-12,78,61,0,139
2020-03-13,101,73,0,174
2020-03-14,110,58,0,168
2020-03-15,96,75,0,171
2020-03-16,90,67,0,157
2020-03-17,103,79,0,182
2020-03-18,99,64,0,163
2020-03-19,101,77,0,178
2020-03-20,80,51,0,131
2020-03-21,94,71,0,165
2020-03-22,92,55,1,148
2020-03-23,111,76,0,187
2020-03-24,101,76,0,177
2020-03-25,87,76,0,163
2020-03-26,93,64,0,157
2020-03-27,70,69,0,139
2020-03-28,75,64,0,139
2020-03-29,83,54,0,137
2020-03-30,88,55,0,143
2020-03-31,79,64,0,143
2020-04-01,95,68,0,163
2020-04-02,87,53,0,140
2020-04-03,63,60,0,123
2020-04-04,85,64,0,149
2020-04-05,79,59,0,138
2020-04-06,64,56,0,120
2020-04-07,71,68,0,139
2020-04-08,67,52,0,119
2020-04-09,77,70,0,147
2020-04-10,66,61,0,127
2020-04-11,87,59,0,146
2020-04-12,81,52,0,133
2020-04-13,86,60,0,146
2020-04-14,68,46,0,114
2020-04-15,69,62,0,131
2020-04-16,60,61,0,121
2020-04-17,75,60,0,135
2020-04-18,77,55,0,132
2020-04-19,77,73,0,150
2020-04-20,65,55,0,120
2020-04-21,87,70,0,157
2020-04-22,85,79,0,164
2020-04-23,69,74,0,143
2020-04-24,81,69,0,150
2020-04-25,68,61,0,129
2020-04-26,77,51,0,128
2020-04-27,70,61,0,131
2020-04-28,82,54,0,136
2020-04-29,62,66,0,128
2020-04-30,78,76,0,154
2020-05-01,79,55,0,134
2020-05-02,93,73,0,166
2020-05-03,87,82,0,169
2020-05-04,75,56,0,131
2020-05-05,80,53,0,133
2020-05-06,71,80,0,151
2020-05-07,95,68,0,163
2020-05-08,95,69,0,164
2020-05-09,80,81,0,161
2020-05-10,105,99,0,204
2020-05-11,92,87,0,179
2020-05-12,92,79,0,171
2020-05-13,82,79,0,161
2020-05-14,86,82,0,168
2020-05-15,96,84,0,180
2020-05-16,103,102,0,205
2020-05-17,103,85,0,188
2020-05-18,99,89,1,189
2020-05-19,104,98,0,202
2020-05-20,110,113,0,223
2020-05-21,129,122,0,251
2020-05-22,142,142,0,284
2020-05-23,160,142,0,302
2020-05-24,170,132,0,302
2020-05-25,131,115,0,246
2020-05-26,158,116,1,275
2020-05-27,151,115,1,267
2020-05-28,169,124,0,293
2020-05-29,164,139,0,303
2020-05-30,202,111,0,313
2020-05-31,155,126,0,281
2020-06-01,164,109,0,273
2020-06-02,141,125,0,266
2020-06-03,144,126,0,270
2020-06-04,170,116,0,286
2020-06-05,169,101,0,270
2020-06-06,159,108,0,267
2020-06-07,153,97,0,250
2020-06-08,186,116,0,302
2020-06-09,190,128,0,318
2020-06-10,138,108,0,246
2020-06-11,132,98,0,230
2020-06-12,122,113,0,235
2020-06-13,162,118,0,280
2020-06-14,182,118,0,300
2020-06-15,165,117,0,282
2020-06-16,178,137,0,315
2020-06-17,150,113,0,263
2020-06-18,149,121,0,270
2020-06-19,178,134,0,312
2020-06-20,135,113,0,248
2020-06-21,139,91,0,230
2020-06-22,123,96,0,219
2020-06-23,140,102,0,242
2020-06-24,115,111,0,226
2020-06-25,140,102,0,242
2020-06-26,143,99,0,242
2020-06-27,155,96,0,251
2020-06-28,137,88,0,225
2020-06-29,147,96,0,243
2020-06-30,147,81,0,228
2020-07-01,123,83,0,206
2020-07-02,134,78,0,212
2020-07-03,122,107,0,229
2020-07-04,128,84,0,212
2020-07-05,115,86,0,201
2020-07-06,118,88,0,206
2020-07-07,141,97,0,238
2020-07-08,143,89,0,232
2020-07-09,126,87,0,213
2020-07-10,133,101,1,235
2020-07-11,116,90,0,206
2020-07-12,103,96,0,199
2020-07-13,116,92,0,208
2020-07-14,116,78,0,194
2020-07-15,121,74,0,195
2020-07-16,118,73,0,191
2020-07-17,119,80,0,199
2020-07-18,123,85,0,208
2020-07-19,118,63,0,181
2020-07-20,114,74,0,188
2020-07-21,127,62,0,189
2020-07-22,140,77,0,217
2020-07-23,113,89,0,202
2020-07-24,131,79,0,210
2020-07-25,120,66,0,186
2020-07-26,87,71,0,158
2020-07-27,131,95,0,226
2020-07-28,133,85,0,218
2020-07-29,103,87,0,190
2020-07-30,117,74,0,191
2020-07-31,114,82,0,196
2020-08-01,129,92,0,221
2020-08-02,129,74,0,203
2020-08-03,122,73,0,195
2020-08-04,116,89,0,205
2020-08-05,120,79,0,199
2020-08-06,123,95,0,218
2020-08-07,119,73,0,192
2020-08-08,146,78,0,224
2020-08-09,106,73,0,179
2020-08-10,118,88,0,206
2020-08-11,131,72,0,203
2020-08-12,117,80,0,197
2020-08-13,132,80,0,212
2020-08-14,137,81,0,218
2020-08-15,140,66,1,207
2020-08-16,120,95,0,215
2020-08-17,141,105,0,246
2020-08-18,139,110,0,249
2020-08-19,123,88,1,212
2020-08-20,144,87,0,231
2020-08-21,118,94,0,212
2020-08-22,130,95,0,225
2020-08-23,129,92,0,221
2020-08-24,156,82,0,238
2020-08-25,140,70,0,210
2020-08-26,129,92,0,221
2020-08-27,139,104,0,243
2020-08-28,128,100,0,228
2020-08-29,148,109,0,257
2020-08-30,152,93,0,245
2020-08-31,161,94,0,255
2020-09-01,165,112,0,277
2020-09-02,149,80,0,229
2020-09-03,131,88,0,219
2020-09-04,133,94,0,227
2020-09-05,166,91,0,257
2020-09-06,168,86,0,254
2020-09-07,174,93,0,267
2020-09-08,167,113,0,280
2020-09-09,151,79,0,230
2020-09-10,141,80,0,221
2020-09-11,171,89,0,260
2020-09-12,147,68,0,215
2020-09-13,107,82,0,189
2020-09-14,149,69,0,218
2020-09-15,124,83,0,207
2020-09-16,155,89,0,244
2020-09-17,158,99,0,257
2020-09-18,148,101,0,249
2020-09-19,153,60,0,213
2020-09-20,116,77,0,193
2020-09-21,158,90,0,248
2020-09-22,153,105,0,258
2020-09-23,164,84,0,248
2020-09-24,144,80,0,224
2020-09-25,157,86,0,243
2020-09-26,145,79,0,224
2020-09-27,150,105,0,255
2020-09-28,155,86,0,241
2020-09-29,134,94,0,228
2020-09-30,161,77,0,238
2020-10-01,127,79,0,206
2020-10-02,160,97,0,257
2020-10-03,150,72,0,222
2020-10-04,132,80,0,212
2020-10-05,136,93,0,229
2020-10-06,156,98,0,254
2020-10-07,152,93,0,245
2020-10-08,144,94,0,238
2020-10-09,162,97,0,259
2020-10-10,135,88,0,223
2020-10-11,111,83,0,194
2020-10-12,150,83,0,233
2020-10-13,144,90,0,234
2020-10-14,145,84,0,229
2020-10-15,151,85,0,236
2020-10-16,146,103,0,249
2020-10-17,133,83,0,216
2020-10-18,122,73,0,195
2020-10-19,122,87,0,209
2020-10-20,127,78,0,205
2020-10-21,117,82,0,199
2020-10-22,133,76,0,209
2020-10-23,129,79,0,208
2020-10-24,109,81,0,190
2020-10-25,132,83,0,215
2020-10-26,122,83,0,205
2020-10-27,124,75,0,199
2020-10-28,110,63,0,173
2020-10-29,135,70,0,205
2020-10-30,118,79,0,197
2020-10-31,109,61,0,170
2020-11-01,126,83,0,209
2020-11-02,122,85,0,207
2020-11-03,139,107,0,246
2020-11-04,137,79,0,216
2020-11-05,128,98,1,227
2020-11-06,117,92,0,209
2020-11-07,123,70,0,193
2020-11-08,120,75,0,195
2020-11-09,133,77,0,210
2020-11-10,101,81,0,182
2020-11-11,114,84,0,198
2020-11-12,129,74,0,203
2020-11-13,108,74,0,182
2020-11-14,126,84,0,210
2020-11-15,144,62,0,206
2020-11-16,120,72,0,192
2020-11-17,135,59,0,194
2020-11-18,113,69,0,182
2020-11-19,110,70,0,180
2020-11-20,129,85,0,214
2020-11-21,140,74,0,214
2020-11-22,124,70,0,194
2020-11-23,135,79,0,214
2020-11-24,119,72,0,191
2020-11-25,129,90,0,219
2020-11-26,117,89,0,206
2020-11-27,132,75,0,207
2020-11-28,119,80,0,199
2020-11-29,117,86,0,203
2020-11-30,153,80,0,233
2020-12-01,122,72,0,194
2020-12-02,120,83,0,203
2020-12-03,133,73,0,206
2020-12-04,116,89,0,205
2020-12-05,126,80,0,206
2020-12-06,145,85,0,230
2020-12-07,136,99,0,235
2020-12-08,129,84,0,213
2020-12-09,132,95,0,227
2020-12-10,133,74,0,207
2020-12-11,138,84,0,222
2020-12-12,139,86,0,225
2020-12-13,121,93,0,214
2020-12-14,143,97,0,240
2020-12-15,123,90,1,214
2020-12-16,130,79,0,209
2020-12-17,147,97,0,244
2020-12-18,138,111,0,249
2020-12-19,125,86,0,211
2020-12-20,131,88,0,219
2020-12-21,126,85,0,211
2020-12-22,124,97,0,221
2020-12-23,118,94,0,212
2020-12-24,135,98,0,233
2020-12-25,131,94,0,225
2020-12-26,119,92,0,211
2020-12-27,129,95,0,224
2020-12-28,128,90,0,218
2020-12-29,135,65,0,200
2020-12-30,132,86,0,218
2020-12-31,136,64,0,200
2021-01-01,121,70,0,191
2021-01-02,135,78,0,213
2021-01-03,112,86,0,198
2021-01-04,117,76,0,193
2021-01-05,127,79,0,206
2021-01-06,136,80,0,216
2021-01-07,112,79,0,191
2021-01-08,130,83,0,213
2021-01-09,113,86,0,199
2021-01-10,119,88,0,207
2021-01-11,119,87,0,206
2021-01-12,101,85,0,186
2021-01-13,99,95,0,194
2021-01-14,108,69,0,177
2021-01-15,148,74,0,222
2021-01-16,115,80,0,195
2021-01-17,109,91,0,200
2021-01-18,125,91,0,216
2021-01-19,125,77,0,202
2021-01-20,105,81,0,186
2021-01-21,127,88,0,215
2021-01-22,117,89,0,206
2021-01-23,127,91,0,218
2021-01-24,112,69,0,181
2021-01-25,118,89,0,207
2021-01-26,122,79,0,201
2021-01-27,113,63,0,176
2021-01-28,113,96,0,209
2021-01-29,107,82,0,189
2021-01-30,104,84,0,188
2021-01-31,115,70,0,185
2021-02-01,113,85,0,198
2021-02-02,103,81,0,184
2021-02-03,106,85,0,191
2021-02-04,112,78,0,190
2021-02-05,102,66,0,168
2021-02-06,122,84,0,206
2021-02-07,101,85,0,186
2021-02-08,125,75,0,200
2021-02-09,106,81,0,187
2021-02-10,110,78,0,188
2021-02-11,101,65,0,166
2021-02-12,127,79,0,206
2021-02-13,117,80,0,197
2021-02-14,107,67,0,174
2021-02-15,117,66,0,183
2021-02-16,111,87,0,198
2021-02-17,121,79,0,200
2021-02-18,128,69,0,197
2021-02-19,135,88,0,223
2021-02-20,103,62,0,165
2021-02-21,105,54,0,159
2021-02-22,106,74,0,180
2021-02-23,115,84,0,199
2021-02-24,111,83,0,194
2021-02-25,100,70,0,170
2021-02-26,93,68,0,161
2021-02-27,107,83,0,190
2021-02-28,118,60,0,178
2021-03-01,119,67,0,186
2021-03-02,112,76,0,188
2021-03-03,127,78,0,205
2021-03-04,102,80,0,182
2021-03-05,98,80,0,178
2021-03-06,105,69,0,174
2021-03-07,108,82,0,190
2021-03-08,126,65,0,191
2021-03-09,109,78,0,187
2021-03-10,107,78,0,185
2021-03-11,111,79,0,190
2021-03-12,99,69,0,168
2021-03-13,110,71,0,181
2021-03-14,105,63,0,168
2021-03-15,95,88,0,183
2021-03-16,129,67,0,196
2021-03-17,109,72,0,181
2021-03-18,107,69,0,176
2021-03-19,99,77,0,176
2021-03-20,94,74,0,168
2021-03-21,106,86,0,192
2021-03-22,120,86,0,206
2021-03-23,99,80,0,179
2021-03-24,104,79,0,183
2021-03-25,103,70,0,173
2021-03-26,129,77,0,206
2021-03-27,112,86,0,198
2021-03-28,110,71,0,181
2021-03-29,124,79,1,204
2021-03-30,123,81,0,204
2021-03-31,127,96,0,223
2021-04-01,119,97,0,216
2021-04-02,141,89,0,230
2021-04-03,130,87,0,217
2021-04-04,132,108,0,240
2021-04-05,100,88,0,188
2021-04-06,116,99,0,215
2021-04-07,124,81,0,205
2021-04-08,134,84,0,218
2021-04-09,165,89,0,254
2021-04-10,128,92,0,220
2021-04-11,128,105,0,233
2021-04-12,154,111,0,265
2021-04-13,140,104,1,245
2021-04-14,161,101,0,262
2021-04-15,136,103,0,239
2021-04-16,177,111,0,288
2021-04-17,172,105,0,277
2021-04-18,183,112,0,295
2021-04-19,193,121,0,314
2021-04-20,190,135,0,325
2021-04-21,209,119,0,328
2021-04-22,227,148,0,375
2021-04-23,236,156,1,393
2021-04-24,229,190,0,419
2021-04-25,241,182,0,423
2021-04-26,295,191,0,486
2021-04-27,284,204,0,488
2021-04-28,296,215,0,511
2021-04-29,325,205,0,530
2021-04-30,308,231,0,539
2021-05-01,319,242,1,562
2021-05-02,329,241,1,571
2021-05-03,417,265,0,682
2021-05-04,402,285,0,687
2021-05-05,403,286,0,689
2021-05-06,348,267,0,615
2021-05-07,402,293,0,695
2021-05-08,412,282,0,694
2021-05-09,399,290,0,689
2021-05-10,461,356,0,817
2021-05-11,434,302,0,736
2021-05-12,402,318,0,720
2021-05-13,432,295,0,727
2021-05-14,438,300,0,738
2021-05-15,427,304,0,731
2021-05-16,397,270,0,667
2021-05-17,419,306,0,725
2021-05-18,412,258,0,670
2021-05-19,403,304,0,707
2021-05-20,439,261,0,700
2021-05-21,364,236,0,600
2021-05-22,325,209,0,534
2021-05-23,309,231,0,540
2021-05-24,363,229,0,592
2021-05-25,322,236,0,558
2021-05-26,323,256,0,579
2021-05-27,295,225,0,520
2021-05-28,294,220,0,514
2021-05-29,265,196,0,461
2021-05-30,251,203,0,454
2021-05-31,237,218,0,455
2021-06-01,234,159,0,393
2021-06-02,215,149,0,364
2021-06-03,218,139,0,357
2021-06-04,165,135,0,300
2021-06-05,159,131,0,290
2021-06-06,141,102,0,243
2021-06-07,158,115,0,273
2021-06-08,161,117,0,278
2021-06-09,157,113,0,270
2021-06-10,131,109,0,240
2021-06-11,129,94,0,223
2021-06-12,127,108,0,235
2021-06-13,96,94,0,190
2021-06-14,114,75,0,189
2021-06-15,103,79,0,182
2021-06-16,89,75,0,164
2021-06-17,103,58,0,161
2021-06-18,84,65,0,149
2021-06-19,45,32,0,77
2021-06-20,42,43,0,85
2021-06-21,37,19,0,56
2021-06-22,26,23,0,49
2021-06-23,31,14,0,45
2021-06-24,24,11,0,35
2021-06-25,21,5,0,26
2021-06-26,11,10,0,21
2021-06-27,2,2,0,4
2021-06-28,1,3,0,4
