Date,Male,Female,Total
01-01-2010,54,20,74
02-01-2010,40,18,58
03-01-2010,38,28,66
04-01-2010,40,17,57
05-01-2010,38,18,56
06-01-2010,36,39,75
07-01-2010,68,22,90
08-01-2010,36,24,60
09-01-2010,45,21,66
10-01-2010,43,29,72
11-01-2010,45,26,71
12-01-2010,42,29,71
13-01-2010,31,30,61
14-01-2010,50,19,69
15-01-2010,46,28,74
16-01-2010,44,21,65
17-01-2010,35,25,60
18-01-2010,32,23,55
19-01-2010,40,24,64
20-01-2010,42,18,60
21-01-2010,41,23,64
22-01-2010,41,25,66
23-01-2010,33,16,49
24-01-2010,43,24,67
25-01-2010,28,18,46
26-01-2010,41,23,64
27-01-2010,36,25,61
28-01-2010,43,25,68
29-01-2010,44,20,64
30-01-2010,26,16,42
31-01-2010,39,15,54
01-02-2010,40,21,61
02-02-2010,41,27,68
03-02-2010,31,19,50
04-02-2010,34,22,56
05-02-2010,36,27,63
06-02-2010,38,18,56
07-02-2010,43,26,69
08-02-2010,32,14,46
09-02-2010,30,12,42
10-02-2010,37,17,54
11-02-2010,45,14,59
12-02-2010,41,21,62
13-02-2010,32,20,52
14-02-2010,29,19,48
15-02-2010,26,14,40
16-02-2010,47,18,65
17-02-2010,40,26,66
18-02-2010,28,27,55
19-02-2010,39,19,58
20-02-2010,39,18,57
21-02-2010,32,21,53
22-02-2010,31,15,46
23-02-2010,28,9,37
24-02-2010,51,19,70
25-02-2010,23,23,46
26-02-2010,27,17,44
27-02-2010,43,27,70
28-02-2010,25,17,42
01-03-2010,49,19,68
02-03-2010,28,12,40
03-03-2010,33,14,47
04-03-2010,26,23,49
05-03-2010,31,19,50
06-03-2010,23,17,40
07-03-2010,31,19,50
08-03-2010,28,17,45
09-03-2010,29,12,41
10-03-2010,24,10,34
11-03-2010,30,16,46
12-03-2010,32,16,48
13-03-2010,32,22,54
14-03-2010,34,15,49
15-03-2010,35,31,66
16-03-2010,21,10,31
17-03-2010,38,29,67
18-03-2010,36,18,54
19-03-2010,31,26,57
20-03-2010,32,19,51
21-03-2010,34,17,51
22-03-2010,20,19,39
23-03-2010,36,19,55
24-03-2010,29,15,44
25-03-2010,23,14,37
26-03-2010,22,18,40
27-03-2010,40,14,54
28-03-2010,31,10,41
29-03-2010,32,19,51
30-03-2010,33,18,51
31-03-2010,24,23,47
01-04-2010,34,8,42
02-04-2010,34,11,45
03-04-2010,28,14,42
04-04-2010,39,6,45
05-04-2010,32,14,46
06-04-2010,36,18,54
07-04-2010,24,31,55
08-04-2010,29,11,40
09-04-2010,28,15,43
10-04-2010,31,21,52
11-04-2010,35,25,60
12-04-2010,27,25,52
13-04-2010,32,27,59
14-04-2010,41,17,58
15-04-2010,40,18,58
16-04-2010,36,24,60
17-04-2010,35,19,54
18-04-2010,35,30,65
19-04-2010,47,30,77
20-04-2010,30,20,50
21-04-2010,40,19,59
22-04-2010,28,25,53
23-04-2010,33,10,43
24-04-2010,29,18,47
25-04-2010,26,15,41
26-04-2010,32,14,46
27-04-2010,24,18,42
28-04-2010,37,13,50
29-04-2010,26,25,51
30-04-2010,37,26,63
01-05-2010,24,11,35
02-05-2010,26,18,44
03-05-2010,23,10,33
04-05-2010,31,20,51
05-05-2010,18,19,37
06-05-2010,28,11,39
07-05-2010,38,13,51
08-05-2010,35,18,53
09-05-2010,25,17,42
10-05-2010,41,7,48
11-05-2010,26,23,49
12-05-2010,29,13,42
13-05-2010,29,22,51
14-05-2010,35,35,70
15-05-2010,24,15,39
16-05-2010,33,26,59
17-05-2010,28,16,44
18-05-2010,30,31,61
19-05-2010,28,25,53
20-05-2010,32,16,48
21-05-2010,23,19,42
22-05-2010,41,26,67
23-05-2010,27,30,57
24-05-2010,45,22,67
25-05-2010,38,27,65
26-05-2010,29,26,55
27-05-2010,35,25,60
28-05-2010,27,20,47
29-05-2010,28,18,46
30-05-2010,29,20,49
31-05-2010,15,23,38
01-06-2010,27,23,50
02-06-2010,29,22,51
03-06-2010,29,27,56
04-06-2010,30,14,44
05-06-2010,24,19,43
06-06-2010,27,13,40
07-06-2010,36,15,51
08-06-2010,34,15,49
09-06-2010,23,21,44
10-06-2010,34,15,49
11-06-2010,31,20,51
12-06-2010,31,24,55
13-06-2010,23,12,35
14-06-2010,25,15,40
15-06-2010,33,17,50
16-06-2010,23,22,45
17-06-2010,20,22,42
18-06-2010,31,17,48
19-06-2010,24,14,38
20-06-2010,35,19,54
21-06-2010,32,30,62
22-06-2010,40,31,71
23-06-2010,34,26,60
24-06-2010,32,16,48
25-06-2010,27,25,52
26-06-2010,19,12,31
27-06-2010,28,16,44
28-06-2010,26,17,43
29-06-2010,23,15,38
30-06-2010,20,16,36
01-07-2010,22,16,38
02-07-2010,28,18,46
03-07-2010,33,12,45
04-07-2010,37,17,54
05-07-2010,26,8,34
06-07-2010,28,16,44
07-07-2010,35,15,50
08-07-2010,32,13,45
09-07-2010,27,14,41
10-07-2010,21,22,43
11-07-2010,25,17,42
12-07-2010,34,12,46
13-07-2010,23,16,39
14-07-2010,29,15,44
15-07-2010,24,15,39
16-07-2010,24,16,40
17-07-2010,22,11,33
18-07-2010,25,11,36
19-07-2010,34,12,46
20-07-2010,32,9,41
21-07-2010,31,12,43
22-07-2010,17,17,34
23-07-2010,33,12,45
24-07-2010,29,17,46
25-07-2010,21,18,39
26-07-2010,26,18,44
27-07-2010,24,24,48
28-07-2010,22,21,43
29-07-2010,33,13,46
30-07-2010,44,15,59
31-07-2010,21,17,38
01-08-2010,34,19,53
02-08-2010,26,16,42
03-08-2010,29,20,49
04-08-2010,26,14,40
05-08-2010,25,14,39
06-08-2010,18,23,41
07-08-2010,38,17,55
08-08-2010,39,23,62
09-08-2010,31,18,49
10-08-2010,31,29,60
11-08-2010,38,13,51
12-08-2010,28,14,42
13-08-2010,33,19,52
14-08-2010,18,14,32
15-08-2010,31,17,48
16-08-2010,29,24,53
17-08-2010,40,18,58
18-08-2010,40,35,75
19-08-2010,21,20,41
20-08-2010,29,24,53
21-08-2010,30,17,47
22-08-2010,30,17,47
23-08-2010,26,20,46
24-08-2010,38,15,53
25-08-2010,35,30,65
26-08-2010,30,15,45
27-08-2010,37,15,52
28-08-2010,46,19,65
29-08-2010,47,21,68
30-08-2010,43,30,73
31-08-2010,33,28,61
01-09-2010,44,20,64
02-09-2010,33,13,46
03-09-2010,28,20,48
04-09-2010,42,24,66
05-09-2010,32,19,51
06-09-2010,42,33,75
07-09-2010,32,32,64
08-09-2010,39,27,66
09-09-2010,38,31,69
10-09-2010,46,34,80
11-09-2010,34,20,54
12-09-2010,30,21,51
13-09-2010,46,21,67
14-09-2010,39,19,58
15-09-2010,48,21,69
16-09-2010,32,26,58
17-09-2010,39,32,71
18-09-2010,50,36,86
19-09-2010,33,24,57
20-09-2010,26,13,39
21-09-2010,50,23,73
22-09-2010,49,22,71
23-09-2010,33,12,45
24-09-2010,48,28,76
25-09-2010,48,20,68
26-09-2010,36,23,59
27-09-2010,28,26,54
28-09-2010,41,29,70
29-09-2010,46,29,75
30-09-2010,38,20,58
01-10-2010,43,26,69
02-10-2010,41,32,73
03-10-2010,36,24,60
04-10-2010,40,21,61
05-10-2010,33,20,53
06-10-2010,51,25,76
07-10-2010,47,22,69
08-10-2010,57,29,86
09-10-2010,41,25,66
10-10-2010,34,23,57
11-10-2010,43,30,73
12-10-2010,47,26,73
13-10-2010,50,32,82
14-10-2010,49,25,74
15-10-2010,39,25,64
16-10-2010,41,30,71
17-10-2010,47,25,72
18-10-2010,45,36,81
19-10-2010,40,29,69
20-10-2010,37,29,66
21-10-2010,47,20,67
22-10-2010,31,16,47
23-10-2010,40,21,61
24-10-2010,39,25,64
25-10-2010,40,27,67
26-10-2010,40,25,65
27-10-2010,42,23,65
28-10-2010,43,25,68
29-10-2010,32,20,52
30-10-2010,36,21,57
31-10-2010,27,18,45
01-11-2010,36,21,57
02-11-2010,46,11,57
03-11-2010,32,21,53
04-11-2010,37,28,65
05-11-2010,41,25,66
06-11-2010,37,28,65
07-11-2010,34,19,53
08-11-2010,39,35,74
09-11-2010,46,24,70
10-11-2010,29,29,58
11-11-2010,38,28,66
12-11-2010,38,24,62
13-11-2010,45,35,80
14-11-2010,31,14,45
15-11-2010,51,33,84
16-11-2010,44,32,76
17-11-2010,51,20,71
18-11-2010,40,11,51
19-11-2010,38,24,62
20-11-2010,32,17,49
21-11-2010,33,30,63
22-11-2010,23,15,38
23-11-2010,45,17,62
24-11-2010,42,24,66
25-11-2010,39,19,58
26-11-2010,29,21,50
27-11-2010,35,21,56
28-11-2010,39,24,63
29-11-2010,36,19,55
30-11-2010,32,23,55
01-12-2010,35,19,54
02-12-2010,36,23,59
03-12-2010,48,19,67
04-12-2010,37,10,47
05-12-2010,27,21,48
06-12-2010,40,16,56
07-12-2010,42,24,66
08-12-2010,30,15,45
09-12-2010,37,19,56
10-12-2010,32,24,56
11-12-2010,34,20,54
12-12-2010,33,22,55
13-12-2010,53,17,70
14-12-2010,42,14,56
15-12-2010,32,18,50
16-12-2010,36,24,60
17-12-2010,43,21,64
18-12-2010,36,20,56
19-12-2010,36,24,60
20-12-2010,29,20,49
21-12-2010,37,16,53
22-12-2010,40,24,64
23-12-2010,24,15,39
24-12-2010,39,26,65
25-12-2010,46,23,69
26-12-2010,46,21,67
27-12-2010,42,34,76
28-12-2010,40,18,58
29-12-2010,29,22,51
30-12-2010,44,21,65
31-12-2010,41,24,65
01-01-2011,29,29,58
02-01-2011,38,15,53
03-01-2011,45,17,62
04-01-2011,48,29,77
05-01-2011,36,17,53
06-01-2011,49,17,66
07-01-2011,38,25,63
08-01-2011,48,12,60
09-01-2011,33,31,64
10-01-2011,49,29,78
11-01-2011,50,22,72
12-01-2011,47,32,79
13-01-2011,44,29,73
14-01-2011,39,26,65
15-01-2011,41,30,71
16-01-2011,36,19,55
17-01-2011,30,17,47
18-01-2011,38,23,61
19-01-2011,30,20,50
20-01-2011,49,26,75
21-01-2011,32,25,57
22-01-2011,38,27,65
23-01-2011,36,22,58
24-01-2011,41,20,61
25-01-2011,31,26,57
26-01-2011,32,20,52
27-01-2011,26,18,44
28-01-2011,45,29,74
29-01-2011,35,21,56
30-01-2011,42,18,60
31-01-2011,34,24,58
01-02-2011,29,28,57
02-02-2011,29,24,53
03-02-2011,26,20,46
04-02-2011,29,19,48
05-02-2011,41,16,57
06-02-2011,23,18,41
07-02-2011,26,18,44
08-02-2011,21,16,37
09-02-2011,27,18,45
10-02-2011,25,19,44
11-02-2011,32,25,57
12-02-2011,29,14,43
13-02-2011,29,24,53
14-02-2011,24,9,33
15-02-2011,24,19,43
16-02-2011,28,18,46
17-02-2011,23,19,42
18-02-2011,31,25,56
19-02-2011,33,15,48
20-02-2011,46,24,70
21-02-2011,31,20,51
22-02-2011,41,19,60
23-02-2011,42,18,60
24-02-2011,22,16,38
25-02-2011,27,19,46
26-02-2011,40,16,56
27-02-2011,29,17,46
28-02-2011,26,24,50
01-03-2011,32,25,57
02-03-2011,37,20,57
03-03-2011,35,19,54
04-03-2011,21,20,41
05-03-2011,27,11,38
06-03-2011,23,21,44
07-03-2011,28,23,51
08-03-2011,39,17,56
09-03-2011,33,18,51
10-03-2011,33,9,42
11-03-2011,26,21,47
12-03-2011,21,19,40
13-03-2011,29,22,51
14-03-2011,37,17,54
15-03-2011,18,16,34
16-03-2011,36,21,57
17-03-2011,30,18,48
18-03-2011,30,27,57
19-03-2011,41,10,51
20-03-2011,28,18,46
21-03-2011,38,18,56
22-03-2011,37,24,61
23-03-2011,31,19,50
24-03-2011,22,11,33
25-03-2011,29,17,46
26-03-2011,24,10,34
27-03-2011,28,8,36
28-03-2011,28,16,44
29-03-2011,32,28,60
30-03-2011,20,14,34
31-03-2011,21,21,42
01-04-2011,27,10,37
02-04-2011,25,18,43
03-04-2011,32,14,46
04-04-2011,23,15,38
05-04-2011,32,19,51
06-04-2011,31,13,44
07-04-2011,22,15,37
08-04-2011,23,20,43
09-04-2011,25,17,42
10-04-2011,31,11,42
11-04-2011,25,24,49
12-04-2011,29,13,42
13-04-2011,23,15,38
14-04-2011,41,22,63
15-04-2011,33,12,45
16-04-2011,27,24,51
17-04-2011,27,10,37
18-04-2011,20,16,36
19-04-2011,26,15,41
20-04-2011,32,22,54
21-04-2011,25,16,41
22-04-2011,37,14,51
23-04-2011,27,22,49
24-04-2011,27,27,54
25-04-2011,40,21,61
26-04-2011,38,22,60
27-04-2011,23,20,43
28-04-2011,31,16,47
29-04-2011,29,13,42
30-04-2011,37,30,67
01-05-2011,39,14,53
02-05-2011,25,19,44
03-05-2011,24,22,46
04-05-2011,31,17,48
05-05-2011,30,21,51
06-05-2011,43,22,65
07-05-2011,39,14,53
08-05-2011,36,17,53
09-05-2011,22,23,45
10-05-2011,33,22,55
11-05-2011,37,15,52
12-05-2011,36,19,55
13-05-2011,34,17,51
14-05-2011,29,24,53
15-05-2011,35,13,48
16-05-2011,34,25,59
17-05-2011,30,31,61
18-05-2011,26,19,45
19-05-2011,33,16,49
20-05-2011,40,25,65
21-05-2011,13,20,33
22-05-2011,23,11,34
23-05-2011,34,19,53
24-05-2011,25,14,39
25-05-2011,34,18,52
26-05-2011,27,21,48
27-05-2011,31,17,48
28-05-2011,30,18,48
29-05-2011,27,23,50
30-05-2011,25,16,41
31-05-2011,30,18,48
01-06-2011,20,14,34
02-06-2011,21,16,37
03-06-2011,26,23,49
04-06-2011,22,20,42
05-06-2011,31,18,49
06-06-2011,37,19,56
07-06-2011,38,13,51
08-06-2011,20,17,37
09-06-2011,30,21,51
10-06-2011,34,18,52
11-06-2011,17,13,30
12-06-2011,18,17,35
13-06-2011,32,16,48
14-06-2011,27,15,42
15-06-2011,29,11,40
16-06-2011,25,23,48
17-06-2011,25,13,38
18-06-2011,19,12,31
19-06-2011,20,13,33
20-06-2011,31,17,48
21-06-2011,30,17,47
22-06-2011,25,20,45
23-06-2011,43,20,63
24-06-2011,34,20,54
25-06-2011,32,13,45
26-06-2011,25,23,48
27-06-2011,33,20,53
28-06-2011,21,18,39
29-06-2011,35,13,48
30-06-2011,18,13,31
01-07-2011,32,10,42
02-07-2011,28,25,53
03-07-2011,36,25,61
04-07-2011,29,17,46
05-07-2011,29,21,50
06-07-2011,30,18,48
07-07-2011,34,9,43
08-07-2011,22,13,35
09-07-2011,34,18,52
10-07-2011,39,10,49
11-07-2011,29,20,49
12-07-2011,33,17,50
13-07-2011,20,17,37
14-07-2011,24,21,45
15-07-2011,32,20,52
16-07-2011,39,10,49
17-07-2011,24,19,43
18-07-2011,36,20,56
19-07-2011,40,27,67
20-07-2011,43,17,60
21-07-2011,46,20,66
22-07-2011,38,25,63
23-07-2011,21,16,37
24-07-2011,33,22,55
25-07-2011,28,24,52
26-07-2011,37,25,62
27-07-2011,32,17,49
28-07-2011,31,20,51
29-07-2011,36,21,57
30-07-2011,52,13,65
31-07-2011,30,29,59
01-08-2011,41,15,56
02-08-2011,33,20,53
03-08-2011,31,22,53
04-08-2011,46,20,66
05-08-2011,42,23,65
06-08-2011,40,12,52
07-08-2011,27,18,45
08-08-2011,19,16,35
09-08-2011,42,15,57
10-08-2011,40,19,59
11-08-2011,27,19,46
12-08-2011,35,24,59
13-08-2011,22,11,33
14-08-2011,28,13,41
15-08-2011,33,25,58
16-08-2011,29,14,43
17-08-2011,31,27,58
18-08-2011,31,26,57
19-08-2011,28,23,51
20-08-2011,34,24,58
21-08-2011,31,22,53
22-08-2011,39,26,65
23-08-2011,31,14,45
24-08-2011,30,13,43
25-08-2011,26,20,46
26-08-2011,37,13,50
27-08-2011,26,32,58
28-08-2011,33,24,57
29-08-2011,25,18,43
30-08-2011,25,17,42
31-08-2011,26,15,41
01-09-2011,32,21,53
02-09-2011,32,16,48
03-09-2011,35,31,66
04-09-2011,19,15,34
05-09-2011,23,25,48
06-09-2011,28,23,51
07-09-2011,23,27,50
08-09-2011,24,20,44
09-09-2011,26,22,48
10-09-2011,38,20,58
11-09-2011,28,19,47
12-09-2011,39,21,60
13-09-2011,32,18,50
14-09-2011,34,19,53
15-09-2011,26,21,47
16-09-2011,34,15,49
17-09-2011,26,26,52
18-09-2011,39,15,54
19-09-2011,31,15,46
20-09-2011,30,24,54
21-09-2011,29,24,53
22-09-2011,39,18,57
23-09-2011,33,24,57
24-09-2011,32,18,50
25-09-2011,30,20,50
26-09-2011,33,23,56
27-09-2011,39,20,59
28-09-2011,30,30,60
29-09-2011,41,19,60
30-09-2011,30,18,48
01-10-2011,31,25,56
02-10-2011,25,20,45
03-10-2011,26,21,47
04-10-2011,40,27,67
05-10-2011,35,18,53
06-10-2011,35,18,53
07-10-2011,41,11,52
08-10-2011,33,22,55
09-10-2011,33,20,53
10-10-2011,46,18,64
11-10-2011,29,21,50
12-10-2011,32,22,54
13-10-2011,40,22,62
14-10-2011,27,17,44
15-10-2011,31,14,45
16-10-2011,31,23,54
17-10-2011,31,16,47
18-10-2011,27,24,51
19-10-2011,35,21,56
20-10-2011,30,19,49
21-10-2011,38,15,53
22-10-2011,46,15,61
23-10-2011,37,24,61
24-10-2011,47,22,69
25-10-2011,36,24,60
26-10-2011,43,18,61
27-10-2011,37,22,59
28-10-2011,25,21,46
29-10-2011,28,22,50
30-10-2011,46,14,60
31-10-2011,40,20,60
01-11-2011,41,21,62
02-11-2011,50,24,74
03-11-2011,39,22,61
04-11-2011,46,21,67
05-11-2011,47,13,60
06-11-2011,25,26,51
07-11-2011,36,25,61
08-11-2011,47,27,74
09-11-2011,38,21,59
10-11-2011,23,22,45
11-11-2011,23,30,53
12-11-2011,45,19,64
13-11-2011,30,17,47
14-11-2011,35,23,58
15-11-2011,37,20,57
16-11-2011,60,20,80
17-11-2011,28,23,51
18-11-2011,36,23,59
19-11-2011,39,17,56
20-11-2011,41,22,63
21-11-2011,36,24,60
22-11-2011,36,22,58
23-11-2011,32,23,55
24-11-2011,24,13,37
25-11-2011,30,14,44
26-11-2011,32,20,52
27-11-2011,35,16,51
28-11-2011,33,18,51
29-11-2011,46,20,66
30-11-2011,46,22,68
01-12-2011,37,29,66
02-12-2011,41,25,66
03-12-2011,28,23,51
04-12-2011,32,25,57
05-12-2011,35,38,73
06-12-2011,34,26,60
07-12-2011,21,18,39
08-12-2011,29,20,49
09-12-2011,28,25,53
10-12-2011,36,12,48
11-12-2011,25,17,42
12-12-2011,32,33,65
13-12-2011,31,23,54
14-12-2011,30,9,39
15-12-2011,27,16,43
16-12-2011,45,25,70
17-12-2011,34,16,50
18-12-2011,28,20,48
19-12-2011,40,16,56
20-12-2011,56,27,83
21-12-2011,39,21,60
22-12-2011,35,17,52
23-12-2011,42,16,58
24-12-2011,52,26,78
25-12-2011,40,22,62
26-12-2011,41,14,55
27-12-2011,45,30,75
28-12-2011,49,22,71
29-12-2011,34,22,56
30-12-2011,28,23,51
31-12-2011,40,21,61
01-01-2012,46,19,65
02-01-2012,28,21,49
03-01-2012,25,18,43
04-01-2012,36,17,53
05-01-2012,28,31,59
06-01-2012,37,22,59
07-01-2012,32,18,50
08-01-2012,33,14,47
09-01-2012,39,19,58
10-01-2012,45,21,66
11-01-2012,36,25,61
12-01-2012,24,25,49
13-01-2012,43,18,61
14-01-2012,37,14,51
15-01-2012,28,17,45
16-01-2012,35,23,58
17-01-2012,31,13,44
18-01-2012,29,13,42
19-01-2012,37,16,53
20-01-2012,35,22,57
21-01-2012,31,17,48
22-01-2012,46,19,65
23-01-2012,30,16,46
24-01-2012,38,26,64
25-01-2012,33,27,60
26-01-2012,41,24,65
27-01-2012,35,17,52
28-01-2012,19,18,37
29-01-2012,32,20,52
30-01-2012,38,22,60
31-01-2012,32,13,45
01-02-2012,38,22,60
02-02-2012,40,20,60
03-02-2012,27,20,47
04-02-2012,31,17,48
05-02-2012,32,18,50
06-02-2012,34,19,53
07-02-2012,20,28,48
08-02-2012,38,23,61
09-02-2012,33,16,49
10-02-2012,37,20,57
11-02-2012,28,18,46
12-02-2012,39,24,63
13-02-2012,42,25,67
14-02-2012,46,22,68
15-02-2012,20,16,36
16-02-2012,35,19,54
17-02-2012,38,15,53
18-02-2012,34,14,48
19-02-2012,31,22,53
20-02-2012,38,20,58
21-02-2012,38,27,65
22-02-2012,34,18,52
23-02-2012,29,21,50
24-02-2012,28,13,41
25-02-2012,24,22,46
26-02-2012,34,23,57
27-02-2012,35,15,50
28-02-2012,32,20,52
29-02-2012,32,12,44
01-03-2012,22,24,46
02-03-2012,31,28,59
03-03-2012,23,19,42
04-03-2012,34,21,55
05-03-2012,39,26,65
06-03-2012,35,14,49
07-03-2012,29,20,49
08-03-2012,31,14,45
09-03-2012,41,16,57
10-03-2012,30,21,51
11-03-2012,28,8,36
12-03-2012,25,19,44
13-03-2012,36,26,62
14-03-2012,29,20,49
15-03-2012,26,18,44
16-03-2012,24,17,41
17-03-2012,34,23,57
18-03-2012,26,18,44
19-03-2012,26,18,44
20-03-2012,44,18,62
21-03-2012,22,26,48
22-03-2012,28,17,45
23-03-2012,34,14,48
24-03-2012,33,14,47
25-03-2012,30,23,53
26-03-2012,25,17,42
27-03-2012,23,32,55
28-03-2012,12,17,29
29-03-2012,25,24,49
30-03-2012,30,15,45
31-03-2012,28,24,52
01-04-2012,31,18,49
02-04-2012,28,18,46
03-04-2012,34,20,54
04-04-2012,19,17,36
05-04-2012,25,24,49
06-04-2012,27,24,51
07-04-2012,25,17,42
08-04-2012,35,13,48
09-04-2012,25,22,47
10-04-2012,32,13,45
11-04-2012,35,26,61
12-04-2012,31,14,45
13-04-2012,29,15,44
14-04-2012,31,14,45
15-04-2012,24,13,37
16-04-2012,26,14,40
17-04-2012,23,20,43
18-04-2012,30,20,50
19-04-2012,33,15,48
20-04-2012,25,21,46
21-04-2012,26,25,51
22-04-2012,31,18,49
23-04-2012,36,22,58
24-04-2012,26,22,48
25-04-2012,23,13,36
26-04-2012,17,18,35
27-04-2012,27,14,41
28-04-2012,28,21,49
29-04-2012,27,12,39
30-04-2012,31,14,45
01-05-2012,25,16,41
02-05-2012,31,17,48
03-05-2012,21,14,35
04-05-2012,30,25,55
05-05-2012,25,22,47
06-05-2012,27,15,42
07-05-2012,30,15,45
08-05-2012,36,22,58
09-05-2012,34,7,41
10-05-2012,36,24,60
11-05-2012,40,22,62
12-05-2012,21,16,37
13-05-2012,35,18,53
14-05-2012,25,15,40
15-05-2012,48,16,64
16-05-2012,41,28,69
17-05-2012,37,19,56
18-05-2012,33,10,43
19-05-2012,34,16,50
20-05-2012,33,23,56
21-05-2012,30,17,47
22-05-2012,35,23,58
23-05-2012,32,19,51
24-05-2012,35,19,54
25-05-2012,33,18,51
26-05-2012,44,35,79
27-05-2012,37,28,65
28-05-2012,44,13,57
29-05-2012,41,15,56
30-05-2012,40,29,69
31-05-2012,37,28,65
01-06-2012,56,34,90
02-06-2012,44,40,84
03-06-2012,37,26,63
04-06-2012,31,23,54
05-06-2012,30,24,54
06-06-2012,39,18,57
07-06-2012,29,15,44
08-06-2012,28,15,43
09-06-2012,25,25,50
10-06-2012,23,20,43
11-06-2012,36,22,58
12-06-2012,43,14,57
13-06-2012,31,27,58
14-06-2012,25,22,47
15-06-2012,24,20,44
16-06-2012,28,21,49
17-06-2012,43,24,67
18-06-2012,42,24,66
19-06-2012,26,23,49
20-06-2012,34,15,49
21-06-2012,39,20,59
22-06-2012,31,19,50
23-06-2012,38,29,67
24-06-2012,51,23,74
25-06-2012,45,26,71
26-06-2012,50,17,67
27-06-2012,33,15,48
28-06-2012,46,25,71
29-06-2012,40,11,51
30-06-2012,44,25,69
01-07-2012,35,20,55
02-07-2012,48,25,73
03-07-2012,29,26,55
04-07-2012,27,14,41
05-07-2012,36,27,63
06-07-2012,24,20,44
07-07-2012,23,9,32
08-07-2012,30,14,44
09-07-2012,35,13,48
10-07-2012,28,14,42
11-07-2012,34,19,53
12-07-2012,40,8,48
13-07-2012,32,19,51
14-07-2012,27,9,36
15-07-2012,30,17,47
16-07-2012,30,15,45
17-07-2012,35,18,53
18-07-2012,37,17,54
19-07-2012,33,19,52
20-07-2012,43,21,64
21-07-2012,28,21,49
22-07-2012,30,22,52
23-07-2012,29,19,48
24-07-2012,24,20,44
25-07-2012,27,13,40
26-07-2012,27,12,39
27-07-2012,32,23,55
28-07-2012,34,19,53
29-07-2012,36,20,56
30-07-2012,22,12,34
31-07-2012,30,19,49
01-08-2012,29,17,46
02-08-2012,34,26,60
03-08-2012,29,13,42
04-08-2012,38,19,57
05-08-2012,22,13,35
06-08-2012,20,14,34
07-08-2012,19,19,38
08-08-2012,30,23,53
09-08-2012,39,25,64
10-08-2012,28,11,39
11-08-2012,30,18,48
12-08-2012,40,19,59
13-08-2012,26,18,44
14-08-2012,32,15,47
15-08-2012,29,18,47
16-08-2012,40,19,59
17-08-2012,28,15,43
18-08-2012,28,19,47
19-08-2012,28,29,57
20-08-2012,28,16,44
21-08-2012,23,27,50
22-08-2012,26,17,43
23-08-2012,29,17,46
24-08-2012,28,16,44
25-08-2012,33,18,51
26-08-2012,27,21,48
27-08-2012,25,15,40
28-08-2012,24,17,41
29-08-2012,25,18,43
30-08-2012,29,25,54
31-08-2012,25,15,40
01-09-2012,35,29,64
02-09-2012,34,26,60
03-09-2012,31,9,40
04-09-2012,36,21,57
05-09-2012,34,26,60
06-09-2012,47,25,72
07-09-2012,31,21,52
08-09-2012,30,16,46
09-09-2012,33,22,55
10-09-2012,42,28,70
11-09-2012,40,22,62
12-09-2012,36,20,56
13-09-2012,32,23,55
14-09-2012,40,25,65
15-09-2012,34,22,56
16-09-2012,35,25,60
17-09-2012,34,18,52
18-09-2012,38,18,56
19-09-2012,51,18,69
20-09-2012,30,24,54
21-09-2012,49,34,83
22-09-2012,36,18,54
23-09-2012,20,22,42
24-09-2012,27,24,51
25-09-2012,33,16,49
26-09-2012,33,23,56
27-09-2012,30,24,54
28-09-2012,38,12,50
29-09-2012,35,25,60
30-09-2012,39,27,66
01-10-2012,36,29,65
02-10-2012,39,21,60
03-10-2012,37,28,65
04-10-2012,36,16,52
05-10-2012,30,20,50
06-10-2012,26,18,44
07-10-2012,20,25,45
08-10-2012,27,17,44
09-10-2012,38,17,55
10-10-2012,31,18,49
11-10-2012,23,19,42
12-10-2012,35,18,53
13-10-2012,28,19,47
14-10-2012,23,20,43
15-10-2012,38,23,61
16-10-2012,27,18,45
17-10-2012,27,20,47
18-10-2012,31,17,48
19-10-2012,31,16,47
20-10-2012,26,16,42
21-10-2012,25,17,42
22-10-2012,31,26,57
23-10-2012,27,14,41
24-10-2012,29,17,46
25-10-2012,48,21,69
26-10-2012,26,20,46
27-10-2012,34,17,51
28-10-2012,34,21,55
29-10-2012,32,21,53
30-10-2012,40,24,64
31-10-2012,32,20,52
01-11-2012,38,18,56
02-11-2012,37,19,56
03-11-2012,28,27,55
04-11-2012,33,18,51
05-11-2012,28,21,49
06-11-2012,42,11,53
07-11-2012,42,25,67
08-11-2012,45,24,69
09-11-2012,31,16,47
10-11-2012,46,15,61
11-11-2012,31,20,51
12-11-2012,38,22,60
13-11-2012,33,29,62
14-11-2012,25,16,41
15-11-2012,25,10,35
16-11-2012,29,23,52
17-11-2012,38,22,60
18-11-2012,29,19,48
19-11-2012,28,14,42
20-11-2012,27,21,48
21-11-2012,27,15,42
22-11-2012,32,27,59
23-11-2012,37,25,62
24-11-2012,43,26,69
25-11-2012,39,23,62
26-11-2012,30,18,48
27-11-2012,38,20,58
28-11-2012,48,17,65
29-11-2012,40,22,62
30-11-2012,36,16,52
01-12-2012,27,18,45
02-12-2012,29,16,45
03-12-2012,33,24,57
04-12-2012,46,23,69
05-12-2012,41,23,64
06-12-2012,39,16,55
07-12-2012,43,21,64
08-12-2012,31,16,47
09-12-2012,53,19,72
10-12-2012,49,22,71
11-12-2012,27,20,47
12-12-2012,35,20,55
13-12-2012,31,19,50
14-12-2012,27,17,44
15-12-2012,34,22,56
16-12-2012,22,20,42
17-12-2012,35,14,49
18-12-2012,28,27,55
19-12-2012,32,23,55
20-12-2012,34,17,51
21-12-2012,45,11,56
22-12-2012,30,12,42
23-12-2012,37,17,54
24-12-2012,35,18,53
25-12-2012,34,23,57
26-12-2012,34,23,57
27-12-2012,37,17,54
28-12-2012,32,21,53
29-12-2012,40,18,58
30-12-2012,43,24,67
31-12-2012,39,15,54
01-01-2013,37,19,56
02-01-2013,41,14,55
03-01-2013,45,21,66
04-01-2013,40,20,60
05-01-2013,57,21,78
06-01-2013,57,28,85
07-01-2013,32,14,46
08-01-2013,45,28,73
09-01-2013,38,24,62
10-01-2013,54,29,83
11-01-2013,59,25,84
12-01-2013,43,35,78
13-01-2013,52,25,77
14-01-2013,37,21,58
15-01-2013,51,31,82
16-01-2013,47,33,80
17-01-2013,36,19,55
18-01-2013,40,21,61
19-01-2013,30,28,58
20-01-2013,34,14,48
21-01-2013,52,23,75
22-01-2013,42,26,68
23-01-2013,42,25,67
24-01-2013,40,17,57
25-01-2013,61,21,82
26-01-2013,27,28,55
27-01-2013,44,25,69
28-01-2013,22,22,44
29-01-2013,44,22,66
30-01-2013,29,16,45
31-01-2013,34,31,65
01-02-2013,44,17,61
02-02-2013,44,27,71
03-02-2013,35,24,59
04-02-2013,40,16,56
05-02-2013,39,22,61
06-02-2013,33,33,66
07-02-2013,27,22,49
08-02-2013,37,19,56
09-02-2013,36,15,51
10-02-2013,28,30,58
11-02-2013,31,24,55
12-02-2013,48,21,69
13-02-2013,40,24,64
14-02-2013,45,19,64
15-02-2013,42,21,63
16-02-2013,28,21,49
17-02-2013,38,13,51
18-02-2013,39,17,56
19-02-2013,34,21,55
20-02-2013,30,18,48
21-02-2013,29,30,59
22-02-2013,43,24,67
23-02-2013,34,29,63
24-02-2013,33,22,55
25-02-2013,37,21,58
26-02-2013,35,15,50
27-02-2013,20,26,46
28-02-2013,34,17,51
01-03-2013,41,19,60
02-03-2013,38,37,75
03-03-2013,30,17,47
04-03-2013,34,23,57
05-03-2013,26,25,51
06-03-2013,37,18,55
07-03-2013,24,15,39
08-03-2013,36,33,69
09-03-2013,33,22,55
10-03-2013,21,19,40
11-03-2013,40,22,62
12-03-2013,41,19,60
13-03-2013,28,21,49
14-03-2013,40,28,68
15-03-2013,24,18,42
16-03-2013,22,13,35
17-03-2013,21,17,38
18-03-2013,30,16,46
19-03-2013,28,13,41
20-03-2013,38,20,58
21-03-2013,29,12,41
22-03-2013,22,12,34
23-03-2013,37,20,57
24-03-2013,31,22,53
25-03-2013,30,15,45
26-03-2013,25,16,41
27-03-2013,33,22,55
28-03-2013,39,14,53
29-03-2013,36,18,54
30-03-2013,32,21,53
31-03-2013,31,13,44
01-04-2013,31,10,41
02-04-2013,30,15,45
03-04-2013,26,21,47
04-04-2013,24,14,38
05-04-2013,39,22,61
06-04-2013,29,14,43
07-04-2013,34,14,48
08-04-2013,33,15,48
09-04-2013,25,25,50
10-04-2013,29,13,42
11-04-2013,24,21,45
12-04-2013,24,12,36
13-04-2013,31,16,47
14-04-2013,35,24,59
15-04-2013,31,21,52
16-04-2013,30,28,58
17-04-2013,38,23,61
18-04-2013,26,16,42
19-04-2013,17,19,36
20-04-2013,21,22,43
21-04-2013,30,9,39
22-04-2013,34,12,46
23-04-2013,26,15,41
24-04-2013,34,19,53
25-04-2013,24,28,52
26-04-2013,32,24,56
27-04-2013,36,17,53
28-04-2013,22,11,33
29-04-2013,25,21,46
30-04-2013,37,19,56
01-05-2013,36,19,55
02-05-2013,35,23,58
03-05-2013,41,24,65
04-05-2013,38,23,61
05-05-2013,35,14,49
06-05-2013,24,17,41
07-05-2013,38,14,52
08-05-2013,45,17,62
09-05-2013,37,17,54
10-05-2013,33,13,46
11-05-2013,30,16,46
12-05-2013,38,12,50
13-05-2013,36,21,57
14-05-2013,21,19,40
15-05-2013,24,11,35
16-05-2013,31,19,50
17-05-2013,35,23,58
18-05-2013,36,23,59
19-05-2013,36,18,54
20-05-2013,24,18,42
21-05-2013,43,30,73
22-05-2013,40,25,65
23-05-2013,30,28,58
24-05-2013,42,24,66
25-05-2013,46,30,76
26-05-2013,43,31,74
27-05-2013,38,25,63
28-05-2013,38,16,54
29-05-2013,37,22,59
30-05-2013,45,18,63
31-05-2013,25,14,39
01-06-2013,33,17,50
02-06-2013,30,22,52
03-06-2013,42,21,63
04-06-2013,35,14,49
05-06-2013,37,21,58
06-06-2013,48,15,63
07-06-2013,19,24,43
08-06-2013,30,20,50
09-06-2013,35,22,57
10-06-2013,37,21,58
11-06-2013,41,23,64
12-06-2013,33,18,51
13-06-2013,30,21,51
14-06-2013,36,18,54
15-06-2013,30,12,42
16-06-2013,32,14,46
17-06-2013,29,18,47
18-06-2013,27,11,38
19-06-2013,16,14,30
20-06-2013,30,18,48
21-06-2013,28,18,46
22-06-2013,26,24,50
23-06-2013,25,26,51
24-06-2013,40,11,51
25-06-2013,25,14,39
26-06-2013,27,25,52
27-06-2013,31,13,44
28-06-2013,40,21,61
29-06-2013,26,21,47
30-06-2013,30,18,48
01-07-2013,34,11,45
02-07-2013,36,19,55
03-07-2013,34,18,52
04-07-2013,32,20,52
05-07-2013,35,24,59
06-07-2013,32,21,53
07-07-2013,43,14,57
08-07-2013,42,20,62
09-07-2013,31,22,53
10-07-2013,51,20,71
11-07-2013,35,26,61
12-07-2013,31,18,49
13-07-2013,35,20,55
14-07-2013,34,24,58
15-07-2013,42,16,58
16-07-2013,37,19,56
17-07-2013,33,17,50
18-07-2013,40,23,63
19-07-2013,34,25,59
20-07-2013,45,27,72
21-07-2013,35,25,60
22-07-2013,38,27,65
23-07-2013,33,21,54
24-07-2013,33,19,52
25-07-2013,30,16,46
26-07-2013,37,22,59
27-07-2013,37,20,57
28-07-2013,42,25,67
29-07-2013,26,25,51
30-07-2013,32,21,53
31-07-2013,41,27,68
01-08-2013,41,25,66
02-08-2013,27,29,56
03-08-2013,35,27,62
04-08-2013,29,20,49
05-08-2013,32,24,56
06-08-2013,32,17,49
07-08-2013,36,20,56
08-08-2013,23,23,46
09-08-2013,28,13,41
10-08-2013,42,21,63
11-08-2013,36,17,53
12-08-2013,26,18,44
13-08-2013,40,13,53
14-08-2013,21,17,38
15-08-2013,37,7,44
16-08-2013,23,19,42
17-08-2013,38,28,66
18-08-2013,22,23,45
19-08-2013,40,23,63
20-08-2013,45,18,63
21-08-2013,27,17,44
22-08-2013,25,18,43
23-08-2013,31,27,58
24-08-2013,36,19,55
25-08-2013,36,28,64
26-08-2013,41,19,60
27-08-2013,44,19,63
28-08-2013,31,28,59
29-08-2013,35,20,55
30-08-2013,29,19,48
31-08-2013,35,20,55
01-09-2013,25,18,43
02-09-2013,23,23,46
03-09-2013,35,17,52
04-09-2013,26,20,46
05-09-2013,34,21,55
06-09-2013,30,23,53
07-09-2013,33,25,58
08-09-2013,27,25,52
09-09-2013,32,19,51
10-09-2013,29,20,49
11-09-2013,32,20,52
12-09-2013,41,20,61
13-09-2013,38,20,58
14-09-2013,41,20,61
15-09-2013,25,18,43
16-09-2013,29,28,57
17-09-2013,40,27,67
18-09-2013,35,9,44
19-09-2013,29,20,49
20-09-2013,37,19,56
21-09-2013,22,24,46
22-09-2013,34,23,57
23-09-2013,35,17,52
24-09-2013,31,18,49
25-09-2013,27,28,55
26-09-2013,41,25,66
27-09-2013,40,14,54
28-09-2013,33,22,55
29-09-2013,34,20,54
30-09-2013,30,14,44
01-10-2013,39,23,62
02-10-2013,25,23,48
03-10-2013,26,20,46
04-10-2013,19,24,43
05-10-2013,37,27,64
06-10-2013,43,23,66
07-10-2013,38,22,60
08-10-2013,39,24,63
09-10-2013,37,30,67
10-10-2013,27,27,54
11-10-2013,32,22,54
12-10-2013,24,21,45
13-10-2013,36,14,50
14-10-2013,25,20,45
15-10-2013,25,25,50
16-10-2013,30,26,56
17-10-2013,36,15,51
18-10-2013,22,23,45
19-10-2013,33,18,51
20-10-2013,30,26,56
21-10-2013,34,23,57
22-10-2013,44,30,74
23-10-2013,30,21,51
24-10-2013,37,17,54
25-10-2013,31,20,51
26-10-2013,35,30,65
27-10-2013,33,21,54
28-10-2013,33,22,55
29-10-2013,38,24,62
30-10-2013,26,20,46
31-10-2013,32,25,57
01-11-2013,46,29,75
02-11-2013,27,29,56
03-11-2013,30,13,43
04-11-2013,58,20,78
05-11-2013,46,15,61
06-11-2013,34,18,52
07-11-2013,31,29,60
08-11-2013,32,25,57
09-11-2013,41,27,68
10-11-2013,35,26,61
11-11-2013,33,28,61
12-11-2013,40,24,64
13-11-2013,50,23,73
14-11-2013,41,17,58
15-11-2013,38,27,65
16-11-2013,33,24,57
17-11-2013,34,13,47
18-11-2013,26,25,51
19-11-2013,36,27,63
20-11-2013,52,25,77
21-11-2013,38,20,58
22-11-2013,43,26,69
23-11-2013,34,26,60
24-11-2013,54,29,83
25-11-2013,41,22,63
26-11-2013,56,24,80
27-11-2013,37,25,62
28-11-2013,33,28,61
29-11-2013,34,24,58
30-11-2013,30,19,49
01-12-2013,23,23,46
02-12-2013,39,27,66
03-12-2013,31,22,53
04-12-2013,44,30,74
05-12-2013,42,17,59
06-12-2013,33,15,48
07-12-2013,35,15,50
08-12-2013,33,15,48
09-12-2013,39,26,65
10-12-2013,31,16,47
11-12-2013,37,21,58
12-12-2013,35,26,61
13-12-2013,46,28,74
14-12-2013,39,29,68
15-12-2013,26,23,49
16-12-2013,30,22,52
17-12-2013,35,25,60
18-12-2013,32,14,46
19-12-2013,43,23,66
20-12-2013,33,23,56
21-12-2013,31,15,46
22-12-2013,28,23,51
23-12-2013,36,24,60
24-12-2013,34,27,61
25-12-2013,44,16,60
26-12-2013,39,25,64
27-12-2013,31,28,59
28-12-2013,37,20,57
29-12-2013,41,20,61
30-12-2013,38,27,65
31-12-2013,35,30,65
01-01-2014,41,15,56
02-01-2014,34,21,55
03-01-2014,30,25,55
04-01-2014,39,22,61
05-01-2014,29,29,58
06-01-2014,40,19,59
07-01-2014,50,18,68
08-01-2014,46,26,72
09-01-2014,26,16,42
10-01-2014,38,27,65
11-01-2014,24,21,45
12-01-2014,31,19,50
13-01-2014,47,20,67
14-01-2014,46,23,69
15-01-2014,27,14,41
16-01-2014,39,23,62
17-01-2014,39,33,72
18-01-2014,37,14,51
19-01-2014,41,26,67
20-01-2014,34,19,53
21-01-2014,43,25,68
22-01-2014,23,18,41
23-01-2014,31,25,56
24-01-2014,35,21,56
25-01-2014,36,23,59
26-01-2014,33,17,50
27-01-2014,35,24,59
28-01-2014,31,23,54
29-01-2014,37,27,64
30-01-2014,36,25,61
31-01-2014,35,19,54
01-02-2014,30,22,52
02-02-2014,39,23,62
03-02-2014,30,26,56
04-02-2014,31,23,54
05-02-2014,27,28,55
06-02-2014,33,20,53
07-02-2014,46,21,67
08-02-2014,35,28,63
09-02-2014,21,25,46
10-02-2014,42,17,59
11-02-2014,40,26,66
12-02-2014,28,22,50
13-02-2014,29,35,64
14-02-2014,28,10,38
15-02-2014,32,17,49
16-02-2014,35,22,57
17-02-2014,50,30,80
18-02-2014,40,21,61
19-02-2014,38,15,53
20-02-2014,33,23,56
21-02-2014,25,26,51
22-02-2014,27,19,46
23-02-2014,23,20,43
24-02-2014,30,23,53
25-02-2014,29,23,52
26-02-2014,50,32,82
27-02-2014,25,24,49
28-02-2014,35,15,50
01-03-2014,31,19,50
02-03-2014,33,28,61
03-03-2014,36,28,64
04-03-2014,54,24,78
05-03-2014,34,21,55
06-03-2014,30,17,47
07-03-2014,24,18,42
08-03-2014,28,26,54
09-03-2014,25,25,50
10-03-2014,31,22,53
11-03-2014,40,14,54
12-03-2014,32,22,54
13-03-2014,31,29,60
14-03-2014,24,11,35
15-03-2014,30,16,46
16-03-2014,31,18,49
17-03-2014,38,29,67
18-03-2014,35,25,60
19-03-2014,34,17,51
20-03-2014,41,23,64
21-03-2014,37,15,52
22-03-2014,35,23,58
23-03-2014,27,22,49
24-03-2014,30,24,54
25-03-2014,50,28,78
26-03-2014,45,20,65
27-03-2014,46,22,68
28-03-2014,36,24,60
29-03-2014,28,13,41
30-03-2014,31,24,55
31-03-2014,46,23,69
01-04-2014,25,17,42
02-04-2014,39,24,63
03-04-2014,31,31,62
04-04-2014,38,11,49
05-04-2014,26,31,57
06-04-2014,23,17,40
07-04-2014,25,26,51
08-04-2014,29,24,53
09-04-2014,20,24,44
10-04-2014,34,16,50
11-04-2014,34,16,50
12-04-2014,36,24,60
13-04-2014,45,32,77
14-04-2014,28,14,42
15-04-2014,31,22,53
16-04-2014,33,16,49
17-04-2014,34,14,48
18-04-2014,37,22,59
19-04-2014,32,24,56
20-04-2014,32,18,50
21-04-2014,37,21,58
22-04-2014,30,11,41
23-04-2014,26,13,39
24-04-2014,37,20,57
25-04-2014,31,22,53
26-04-2014,34,14,48
27-04-2014,39,30,69
28-04-2014,30,25,55
29-04-2014,33,20,53
30-04-2014,40,26,66
01-05-2014,27,16,43
02-05-2014,38,24,62
03-05-2014,52,17,69
04-05-2014,32,25,57
05-05-2014,30,17,47
06-05-2014,30,23,53
07-05-2014,34,18,52
08-05-2014,36,25,61
09-05-2014,27,20,47
10-05-2014,33,17,50
11-05-2014,34,22,56
12-05-2014,23,20,43
13-05-2014,40,17,57
14-05-2014,38,19,57
15-05-2014,28,26,54
16-05-2014,31,19,50
17-05-2014,27,16,43
18-05-2014,22,21,43
19-05-2014,35,24,59
20-05-2014,34,15,49
21-05-2014,40,26,66
22-05-2014,43,26,69
23-05-2014,38,18,56
24-05-2014,29,25,54
25-05-2014,26,26,52
26-05-2014,25,25,50
27-05-2014,26,25,51
28-05-2014,38,16,54
29-05-2014,38,23,61
30-05-2014,29,25,54
31-05-2014,38,19,57
01-06-2014,28,14,42
02-06-2014,29,26,55
03-06-2014,33,28,61
04-06-2014,30,29,59
05-06-2014,25,20,45
06-06-2014,39,33,72
07-06-2014,30,17,47
08-06-2014,40,20,60
09-06-2014,54,25,79
10-06-2014,48,36,84
11-06-2014,54,37,91
12-06-2014,33,32,65
13-06-2014,43,20,63
14-06-2014,37,19,56
15-06-2014,26,23,49
16-06-2014,35,18,53
17-06-2014,26,19,45
18-06-2014,39,19,58
19-06-2014,22,29,51
20-06-2014,39,32,71
21-06-2014,33,13,46
22-06-2014,32,27,59
23-06-2014,28,23,51
24-06-2014,24,30,54
25-06-2014,36,21,57
26-06-2014,28,29,57
27-06-2014,33,11,44
28-06-2014,27,30,57
29-06-2014,40,22,62
30-06-2014,25,16,41
01-07-2014,29,27,56
02-07-2014,32,29,61
03-07-2014,27,21,48
04-07-2014,37,27,64
05-07-2014,28,20,48
06-07-2014,37,12,49
07-07-2014,31,17,48
08-07-2014,37,21,58
09-07-2014,34,25,59
10-07-2014,33,22,55
11-07-2014,51,23,74
12-07-2014,38,21,59
13-07-2014,43,17,60
14-07-2014,36,18,54
15-07-2014,37,13,50
16-07-2014,26,18,44
17-07-2014,28,25,53
18-07-2014,27,15,42
19-07-2014,29,19,48
20-07-2014,36,19,55
21-07-2014,35,23,58
22-07-2014,45,27,72
23-07-2014,37,20,57
24-07-2014,32,13,45
25-07-2014,33,20,53
26-07-2014,29,22,51
27-07-2014,32,31,63
28-07-2014,36,32,68
29-07-2014,37,19,56
30-07-2014,46,23,69
31-07-2014,31,26,57
01-08-2014,41,29,70
02-08-2014,29,27,56
03-08-2014,37,17,54
04-08-2014,34,18,52
05-08-2014,31,26,57
06-08-2014,32,23,55
07-08-2014,36,20,56
08-08-2014,37,23,60
09-08-2014,26,19,45
10-08-2014,42,21,63
11-08-2014,43,22,65
12-08-2014,34,26,60
13-08-2014,44,24,68
14-08-2014,23,26,49
15-08-2014,42,21,63
16-08-2014,46,15,61
17-08-2014,38,30,68
18-08-2014,31,24,55
19-08-2014,45,20,65
20-08-2014,44,31,75
21-08-2014,46,30,76
22-08-2014,31,24,55
23-08-2014,32,27,59
24-08-2014,32,16,48
25-08-2014,39,14,53
26-08-2014,37,20,57
27-08-2014,40,24,64
28-08-2014,45,27,72
29-08-2014,27,21,48
30-08-2014,36,21,57
31-08-2014,30,23,53
01-09-2014,33,23,56
02-09-2014,37,18,55
03-09-2014,43,18,61
04-09-2014,40,20,60
05-09-2014,32,21,53
06-09-2014,32,14,46
07-09-2014,26,19,45
08-09-2014,37,15,52
09-09-2014,38,14,52
10-09-2014,39,15,54
11-09-2014,23,16,39
12-09-2014,36,20,56
13-09-2014,30,25,55
14-09-2014,43,22,65
15-09-2014,25,25,50
16-09-2014,29,22,51
17-09-2014,41,28,69
18-09-2014,37,25,62
19-09-2014,35,29,64
20-09-2014,31,19,50
21-09-2014,27,14,41
22-09-2014,33,24,57
23-09-2014,38,26,64
24-09-2014,27,18,45
25-09-2014,37,30,67
26-09-2014,37,21,58
27-09-2014,33,16,49
28-09-2014,28,34,62
29-09-2014,44,22,66
30-09-2014,28,14,42
01-10-2014,38,25,63
02-10-2014,30,16,46
03-10-2014,27,24,51
04-10-2014,29,16,45
05-10-2014,37,21,58
06-10-2014,43,23,66
07-10-2014,26,25,51
08-10-2014,38,13,51
09-10-2014,36,18,54
10-10-2014,36,25,61
11-10-2014,37,18,55
12-10-2014,42,17,59
13-10-2014,39,19,58
14-10-2014,32,18,50
15-10-2014,29,21,50
16-10-2014,38,15,53
17-10-2014,34,23,57
18-10-2014,36,24,60
19-10-2014,25,20,45
20-10-2014,32,20,52
21-10-2014,37,24,61
22-10-2014,40,27,67
23-10-2014,30,18,48
24-10-2014,37,27,64
25-10-2014,37,18,55
26-10-2014,51,24,75
27-10-2014,46,27,73
28-10-2014,34,17,51
29-10-2014,41,24,65
30-10-2014,41,28,69
31-10-2014,98,21,119
01-11-2014,38,25,63
02-11-2014,31,28,59
03-11-2014,34,24,58
04-11-2014,31,23,54
05-11-2014,40,32,72
06-11-2014,37,22,59
07-11-2014,39,18,57
08-11-2014,34,36,70
09-11-2014,36,21,57
10-11-2014,26,17,43
11-11-2014,44,14,58
12-11-2014,33,15,48
13-11-2014,29,23,52
14-11-2014,41,30,71
15-11-2014,35,20,55
16-11-2014,41,21,62
17-11-2014,31,23,54
18-11-2014,41,24,65
19-11-2014,40,23,63
20-11-2014,40,22,62
21-11-2014,44,33,77
22-11-2014,41,26,67
23-11-2014,38,28,66
24-11-2014,32,22,54
25-11-2014,40,15,55
26-11-2014,32,14,46
27-11-2014,31,16,47
28-11-2014,49,25,74
29-11-2014,37,26,63
30-11-2014,35,32,67
01-12-2014,37,26,63
02-12-2014,46,19,65
03-12-2014,29,29,58
04-12-2014,40,29,69
05-12-2014,43,24,67
06-12-2014,29,20,49
07-12-2014,35,21,56
08-12-2014,56,22,78
09-12-2014,45,25,70
10-12-2014,30,22,52
11-12-2014,39,28,67
12-12-2014,34,28,62
13-12-2014,32,14,46
14-12-2014,34,21,55
15-12-2014,33,21,54
16-12-2014,36,21,57
17-12-2014,37,22,59
18-12-2014,27,25,52
19-12-2014,30,19,49
20-12-2014,44,26,70
21-12-2014,52,23,75
22-12-2014,47,17,64
23-12-2014,40,27,67
24-12-2014,33,23,56
25-12-2014,54,23,77
26-12-2014,50,34,84
27-12-2014,38,25,63
28-12-2014,41,23,64
29-12-2014,46,36,82
30-12-2014,31,25,56
31-12-2014,31,22,53
01-01-2015,42,28,70
02-01-2015,49,30,79
03-01-2015,45,21,66
04-01-2015,39,26,65
05-01-2015,41,27,68
06-01-2015,50,21,71
07-01-2015,29,33,62
08-01-2015,32,14,46
09-01-2015,39,33,72
10-01-2015,44,21,65
11-01-2015,33,28,61
12-01-2015,38,31,69
13-01-2015,40,22,62
14-01-2015,33,24,57
15-01-2015,49,26,75
16-01-2015,44,28,72
17-01-2015,37,26,63
18-01-2015,38,16,54
19-01-2015,45,30,75
20-01-2015,39,26,65
21-01-2015,31,21,52
22-01-2015,33,31,64
23-01-2015,27,25,52
24-01-2015,35,25,60
25-01-2015,32,19,51
26-01-2015,46,25,71
27-01-2015,37,23,60
28-01-2015,44,37,81
29-01-2015,47,23,70
30-01-2015,37,38,75
31-01-2015,44,28,72
01-02-2015,43,27,70
02-02-2015,33,27,60
03-02-2015,44,29,73
04-02-2015,29,30,59
05-02-2015,36,28,64
06-02-2015,35,26,61
07-02-2015,31,23,54
08-02-2015,43,24,67
09-02-2015,38,15,53
10-02-2015,45,19,64
11-02-2015,55,22,77
12-02-2015,33,18,51
13-02-2015,31,27,58
14-02-2015,60,26,86
15-02-2015,43,31,74
16-02-2015,34,31,65
17-02-2015,34,37,71
18-02-2015,36,34,70
19-02-2015,60,27,87
20-02-2015,37,29,66
21-02-2015,32,18,50
22-02-2015,36,25,61
23-02-2015,35,22,57
24-02-2015,37,20,57
25-02-2015,30,21,51
26-02-2015,20,26,46
27-02-2015,47,19,66
28-02-2015,39,20,59
01-03-2015,26,28,54
02-03-2015,26,20,46
03-03-2015,32,39,71
04-03-2015,31,15,46
05-03-2015,24,24,48
06-03-2015,37,25,62
07-03-2015,38,21,59
08-03-2015,27,18,45
09-03-2015,25,17,42
10-03-2015,46,23,69
11-03-2015,28,11,39
12-03-2015,39,23,62
13-03-2015,24,27,51
14-03-2015,37,24,61
15-03-2015,34,27,61
16-03-2015,37,19,56
17-03-2015,33,23,56
18-03-2015,32,22,54
19-03-2015,42,24,66
20-03-2015,43,13,56
21-03-2015,38,27,65
22-03-2015,29,22,51
23-03-2015,30,34,64
24-03-2015,29,18,47
25-03-2015,26,24,50
26-03-2015,32,27,59
27-03-2015,28,28,56
28-03-2015,38,20,58
29-03-2015,32,22,54
30-03-2015,23,21,44
31-03-2015,40,26,66
01-04-2015,40,22,62
02-04-2015,35,22,57
03-04-2015,39,15,54
04-04-2015,23,14,37
05-04-2015,24,19,43
06-04-2015,35,18,53
07-04-2015,32,21,53
08-04-2015,24,17,41
09-04-2015,43,16,59
10-04-2015,42,21,63
11-04-2015,27,26,53
12-04-2015,22,14,36
13-04-2015,30,19,49
14-04-2015,28,14,42
15-04-2015,21,10,31
16-04-2015,33,17,50
17-04-2015,35,19,54
18-04-2015,40,24,64
19-04-2015,29,18,47
20-04-2015,31,27,58
21-04-2015,43,32,75
22-04-2015,35,27,62
23-04-2015,52,25,77
24-04-2015,35,18,53
25-04-2015,28,19,47
26-04-2015,36,23,59
27-04-2015,35,11,46
28-04-2015,32,31,63
29-04-2015,42,27,69
30-04-2015,29,13,42
01-05-2015,24,16,40
02-05-2015,35,18,53
03-05-2015,26,14,40
04-05-2015,43,23,66
05-05-2015,33,9,42
06-05-2015,34,20,54
07-05-2015,47,25,72
08-05-2015,37,14,51
09-05-2015,40,22,62
10-05-2015,32,25,57
11-05-2015,25,20,45
12-05-2015,37,14,51
13-05-2015,19,20,39
14-05-2015,31,26,57
15-05-2015,33,18,51
16-05-2015,28,26,54
17-05-2015,34,19,53
18-05-2015,35,19,54
19-05-2015,38,28,66
20-05-2015,27,20,47
21-05-2015,29,21,50
22-05-2015,37,14,51
23-05-2015,42,23,65
24-05-2015,36,24,60
25-05-2015,32,24,56
26-05-2015,41,36,77
27-05-2015,42,30,72
28-05-2015,47,26,73
29-05-2015,36,23,59
30-05-2015,35,24,59
31-05-2015,38,12,50
01-06-2015,31,23,54
02-06-2015,41,22,63
03-06-2015,42,20,62
04-06-2015,41,22,63
05-06-2015,30,14,44
06-06-2015,30,16,46
07-06-2015,45,22,67
08-06-2015,36,16,52
09-06-2015,26,29,55
10-06-2015,33,21,54
11-06-2015,28,14,42
12-06-2015,27,28,55
13-06-2015,33,18,51
14-06-2015,39,14,53
15-06-2015,33,23,56
16-06-2015,33,30,63
17-06-2015,26,21,47
18-06-2015,35,19,54
19-06-2015,33,16,49
20-06-2015,29,21,50
21-06-2015,33,24,57
22-06-2015,29,10,39
23-06-2015,24,19,43
24-06-2015,29,11,40
25-06-2015,26,12,38
26-06-2015,46,17,63
27-06-2015,17,17,34
28-06-2015,33,12,45
29-06-2015,27,17,44
30-06-2015,28,24,52
01-07-2015,32,17,49
02-07-2015,29,20,49
03-07-2015,30,11,41
04-07-2015,43,21,64
05-07-2015,31,18,49
06-07-2015,29,23,52
07-07-2015,26,18,44
08-07-2015,20,21,41
09-07-2015,27,14,41
10-07-2015,25,19,44
11-07-2015,32,15,47
12-07-2015,25,20,45
13-07-2015,30,15,45
14-07-2015,36,19,55
15-07-2015,26,20,46
16-07-2015,33,27,60
17-07-2015,33,20,53
18-07-2015,37,14,51
19-07-2015,37,17,54
20-07-2015,29,18,47
21-07-2015,21,14,35
22-07-2015,30,12,42
23-07-2015,31,20,51
24-07-2015,42,21,63
25-07-2015,25,13,38
26-07-2015,34,25,59
27-07-2015,48,18,66
28-07-2015,33,26,59
29-07-2015,34,13,47
30-07-2015,30,21,51
31-07-2015,32,20,52
01-08-2015,35,22,57
02-08-2015,36,22,58
03-08-2015,29,23,52
04-08-2015,30,18,48
05-08-2015,31,18,49
06-08-2015,30,14,44
07-08-2015,28,20,48
08-08-2015,33,14,47
09-08-2015,25,18,43
10-08-2015,36,21,57
11-08-2015,32,27,59
12-08-2015,30,22,52
13-08-2015,30,19,49
14-08-2015,40,18,58
15-08-2015,25,29,54
16-08-2015,18,12,30
17-08-2015,27,21,48
18-08-2015,26,23,49
19-08-2015,33,26,59
20-08-2015,35,19,54
21-08-2015,32,21,53
22-08-2015,31,18,49
23-08-2015,32,25,57
24-08-2015,48,14,62
25-08-2015,37,28,65
26-08-2015,44,21,65
27-08-2015,31,24,55
28-08-2015,43,16,59
29-08-2015,30,29,59
30-08-2015,34,25,59
31-08-2015,49,29,78
01-09-2015,40,33,73
02-09-2015,54,26,80
03-09-2015,48,18,66
04-09-2015,38,23,61
05-09-2015,42,26,68
06-09-2015,22,31,53
07-09-2015,45,29,74
08-09-2015,34,24,58
09-09-2015,51,26,77
10-09-2015,35,31,66
11-09-2015,36,28,64
12-09-2015,45,32,77
13-09-2015,35,26,61
14-09-2015,50,32,82
15-09-2015,43,28,71
16-09-2015,46,24,70
17-09-2015,30,31,61
18-09-2015,39,26,65
19-09-2015,50,60,110
20-09-2015,37,21,58
21-09-2015,22,26,48
22-09-2015,51,24,75
23-09-2015,30,17,47
24-09-2015,43,23,66
25-09-2015,37,23,60
26-09-2015,31,23,54
27-09-2015,30,32,62
28-09-2015,46,24,70
29-09-2015,31,32,63
30-09-2015,37,22,59
01-10-2015,41,20,61
02-10-2015,32,26,58
03-10-2015,44,31,75
04-10-2015,41,21,62
05-10-2015,49,24,73
06-10-2015,59,39,98
07-10-2015,41,32,73
08-10-2015,34,29,63
09-10-2015,38,22,60
10-10-2015,32,19,51
11-10-2015,35,21,56
12-10-2015,38,15,53
13-10-2015,40,15,55
14-10-2015,41,29,70
15-10-2015,36,28,64
16-10-2015,32,16,48
17-10-2015,46,34,80
18-10-2015,48,27,75
19-10-2015,47,27,74
20-10-2015,39,29,68
21-10-2015,35,31,66
22-10-2015,46,27,73
23-10-2015,41,36,77
24-10-2015,27,38,65
25-10-2015,45,19,64
26-10-2015,47,24,71
27-10-2015,34,24,58
28-10-2015,53,31,84
29-10-2015,45,19,64
30-10-2015,41,23,64
31-10-2015,35,28,63
01-11-2015,49,25,74
02-11-2015,34,20,54
03-11-2015,46,24,70
04-11-2015,39,28,67
05-11-2015,32,32,64
06-11-2015,33,17,50
07-11-2015,37,22,59
08-11-2015,50,18,68
09-11-2015,43,35,78
10-11-2015,35,24,59
11-11-2015,53,23,76
12-11-2015,43,37,80
13-11-2015,59,20,79
14-11-2015,44,26,70
15-11-2015,32,29,61
16-11-2015,38,26,64
17-11-2015,34,18,52
18-11-2015,45,37,82
19-11-2015,47,20,67
20-11-2015,44,32,76
21-11-2015,43,30,73
22-11-2015,37,24,61
23-11-2015,35,39,74
24-11-2015,41,32,73
25-11-2015,25,24,49
26-11-2015,27,28,55
27-11-2015,40,24,64
28-11-2015,47,28,75
29-11-2015,34,29,63
30-11-2015,42,25,67
01-12-2015,35,27,62
02-12-2015,41,13,54
03-12-2015,32,34,66
04-12-2015,29,28,57
05-12-2015,30,26,56
06-12-2015,36,22,58
07-12-2015,32,27,59
08-12-2015,43,22,65
09-12-2015,38,29,67
10-12-2015,37,20,57
11-12-2015,38,23,61
12-12-2015,33,20,53
13-12-2015,45,18,63
14-12-2015,46,27,73
15-12-2015,40,28,68
16-12-2015,42,31,73
17-12-2015,45,30,75
18-12-2015,38,26,64
19-12-2015,52,21,73
20-12-2015,43,26,69
21-12-2015,38,25,63
22-12-2015,60,33,93
23-12-2015,54,39,93
24-12-2015,63,32,95
25-12-2015,37,24,61
26-12-2015,37,31,68
27-12-2015,49,27,76
28-12-2015,49,30,79
29-12-2015,41,29,70
30-12-2015,60,37,97
31-12-2015,46,33,79
01-01-2016,44,28,72
02-01-2016,43,31,74
03-01-2016,51,23,74
04-01-2016,38,21,59
05-01-2016,49,26,75
06-01-2016,41,31,72
07-01-2016,35,29,64
08-01-2016,44,33,77
09-01-2016,43,24,67
10-01-2016,35,22,57
11-01-2016,52,25,77
12-01-2016,50,24,74
13-01-2016,52,18,70
14-01-2016,39,25,64
15-01-2016,52,24,76
16-01-2016,46,23,69
17-01-2016,44,25,69
18-01-2016,46,19,65
19-01-2016,37,33,70
20-01-2016,43,26,69
21-01-2016,48,31,79
22-01-2016,48,34,82
23-01-2016,40,24,64
24-01-2016,43,35,78
25-01-2016,44,26,70
26-01-2016,39,26,65
27-01-2016,40,30,70
28-01-2016,57,40,97
29-01-2016,49,18,67
30-01-2016,41,31,72
31-01-2016,41,26,67
01-02-2016,43,24,67
02-02-2016,45,24,69
03-02-2016,37,17,54
04-02-2016,38,26,64
05-02-2016,48,24,72
06-02-2016,42,28,70
07-02-2016,33,25,58
08-02-2016,52,16,68
09-02-2016,41,17,58
10-02-2016,45,22,67
11-02-2016,41,28,69
12-02-2016,38,27,65
13-02-2016,50,21,71
14-02-2016,37,20,57
15-02-2016,40,32,72
16-02-2016,45,27,72
17-02-2016,33,28,61
18-02-2016,38,25,63
19-02-2016,49,19,68
20-02-2016,45,27,72
21-02-2016,31,24,55
22-02-2016,40,31,71
23-02-2016,38,20,58
24-02-2016,34,18,52
25-02-2016,22,26,48
26-02-2016,49,23,72
27-02-2016,36,26,62
28-02-2016,34,14,48
29-02-2016,35,31,66
01-03-2016,50,39,89
02-03-2016,38,26,64
03-03-2016,35,24,59
04-03-2016,31,20,51
05-03-2016,40,18,58
06-03-2016,38,20,58
07-03-2016,32,23,55
08-03-2016,39,25,64
09-03-2016,40,21,61
10-03-2016,37,21,58
11-03-2016,34,21,55
12-03-2016,36,21,57
13-03-2016,39,10,49
14-03-2016,31,28,59
15-03-2016,37,20,57
16-03-2016,30,16,46
17-03-2016,40,26,66
18-03-2016,37,25,62
19-03-2016,29,22,51
20-03-2016,44,23,67
21-03-2016,31,25,56
22-03-2016,38,23,61
23-03-2016,33,34,67
24-03-2016,37,16,53
25-03-2016,54,21,75
26-03-2016,41,27,68
27-03-2016,35,26,61
28-03-2016,41,22,63
29-03-2016,49,20,69
30-03-2016,48,27,75
31-03-2016,23,23,46
01-04-2016,37,23,60
02-04-2016,30,29,59
03-04-2016,34,27,61
04-04-2016,39,33,72
05-04-2016,29,20,49
06-04-2016,29,20,49
07-04-2016,29,17,46
08-04-2016,43,17,60
09-04-2016,26,20,46
10-04-2016,39,21,60
11-04-2016,31,16,47
12-04-2016,29,29,58
13-04-2016,30,19,49
14-04-2016,39,29,68
15-04-2016,33,15,48
16-04-2016,39,29,68
17-04-2016,45,17,62
18-04-2016,46,25,71
19-04-2016,37,21,58
20-04-2016,42,28,70
21-04-2016,26,22,48
22-04-2016,32,23,55
23-04-2016,38,26,64
24-04-2016,32,17,49
25-04-2016,41,21,62
26-04-2016,35,21,56
27-04-2016,39,27,66
28-04-2016,35,21,56
29-04-2016,53,20,73
30-04-2016,17,22,39
01-05-2016,43,24,67
02-05-2016,47,27,74
03-05-2016,31,26,57
04-05-2016,38,24,62
05-05-2016,37,25,62
06-05-2016,38,28,66
07-05-2016,26,13,39
08-05-2016,34,20,54
09-05-2016,39,16,55
10-05-2016,39,28,67
11-05-2016,43,35,78
12-05-2016,32,16,48
13-05-2016,33,20,53
14-05-2016,42,20,62
15-05-2016,57,18,75
16-05-2016,40,25,65
17-05-2016,45,19,64
18-05-2016,52,30,82
19-05-2016,47,21,68
20-05-2016,48,21,69
21-05-2016,44,18,62
22-05-2016,44,20,64
23-05-2016,36,20,56
24-05-2016,27,26,53
25-05-2016,22,30,52
26-05-2016,22,25,47
27-05-2016,50,28,78
28-05-2016,30,26,56
29-05-2016,34,24,58
30-05-2016,36,16,52
31-05-2016,35,18,53
01-06-2016,36,20,56
02-06-2016,43,29,72
03-06-2016,36,36,72
04-06-2016,48,23,71
05-06-2016,29,20,49
06-06-2016,36,17,53
07-06-2016,35,20,55
08-06-2016,38,22,60
09-06-2016,26,23,49
10-06-2016,34,23,57
11-06-2016,34,18,52
12-06-2016,32,20,52
13-06-2016,40,14,54
14-06-2016,43,14,57
15-06-2016,37,19,56
16-06-2016,26,16,42
17-06-2016,19,17,36
18-06-2016,44,27,71
19-06-2016,32,15,47
20-06-2016,41,23,64
21-06-2016,27,12,39
22-06-2016,37,16,53
23-06-2016,27,19,46
24-06-2016,32,26,58
25-06-2016,48,28,76
26-06-2016,33,23,56
27-06-2016,32,25,57
28-06-2016,37,18,55
29-06-2016,27,30,57
30-06-2016,36,34,70
01-07-2016,39,23,62
02-07-2016,26,19,45
03-07-2016,23,22,45
04-07-2016,38,20,58
05-07-2016,28,21,49
06-07-2016,43,31,74
07-07-2016,31,24,55
08-07-2016,43,21,64
09-07-2016,34,20,54
10-07-2016,50,19,69
11-07-2016,40,24,64
12-07-2016,31,26,57
13-07-2016,41,31,72
14-07-2016,35,18,53
15-07-2016,41,30,71
16-07-2016,48,23,71
17-07-2016,45,27,72
18-07-2016,54,25,79
19-07-2016,40,39,79
20-07-2016,50,22,72
21-07-2016,55,28,83
22-07-2016,44,31,75
23-07-2016,51,36,87
24-07-2016,56,30,86
25-07-2016,44,33,77
26-07-2016,40,33,73
27-07-2016,49,31,80
28-07-2016,45,19,64
29-07-2016,41,30,71
30-07-2016,46,20,66
31-07-2016,45,20,65
01-08-2016,60,25,85
02-08-2016,41,25,66
03-08-2016,32,22,54
04-08-2016,61,29,90
05-08-2016,34,21,55
06-08-2016,45,24,69
07-08-2016,40,27,67
08-08-2016,48,26,74
09-08-2016,52,19,71
10-08-2016,35,24,59
11-08-2016,36,23,59
12-08-2016,37,25,62
13-08-2016,32,17,49
14-08-2016,33,24,57
15-08-2016,36,28,64
16-08-2016,45,23,68
17-08-2016,45,23,68
18-08-2016,40,28,68
19-08-2016,49,23,72
20-08-2016,35,28,63
21-08-2016,52,30,82
22-08-2016,38,20,58
23-08-2016,57,40,97
24-08-2016,47,15,62
25-08-2016,48,24,72
26-08-2016,43,28,71
27-08-2016,43,24,67
28-08-2016,41,26,67
29-08-2016,48,29,77
30-08-2016,46,24,70
31-08-2016,41,16,57
01-09-2016,37,29,66
02-09-2016,42,28,70
03-09-2016,65,39,104
04-09-2016,47,20,67
05-09-2016,60,35,95
06-09-2016,53,26,79
07-09-2016,48,36,84
08-09-2016,58,22,80
09-09-2016,55,39,94
10-09-2016,53,41,94
11-09-2016,46,28,74
12-09-2016,50,35,85
13-09-2016,59,27,86
14-09-2016,50,39,89
15-09-2016,56,31,87
16-09-2016,53,26,79
17-09-2016,66,32,98
18-09-2016,64,35,99
19-09-2016,49,37,86
20-09-2016,63,30,93
21-09-2016,55,36,91
22-09-2016,51,30,81
23-09-2016,34,25,59
24-09-2016,54,28,82
25-09-2016,45,29,74
26-09-2016,53,37,90
27-09-2016,61,32,93
28-09-2016,68,35,103
29-09-2016,59,36,95
30-09-2016,55,30,85
01-10-2016,59,36,95
02-10-2016,52,33,85
03-10-2016,62,34,96
04-10-2016,42,21,63
05-10-2016,33,31,64
06-10-2016,52,25,77
07-10-2016,42,20,62
08-10-2016,52,31,83
09-10-2016,47,24,71
10-10-2016,41,30,71
11-10-2016,43,30,73
12-10-2016,53,25,78
13-10-2016,46,30,76
14-10-2016,56,30,86
15-10-2016,40,20,60
16-10-2016,42,22,64
17-10-2016,36,26,62
18-10-2016,30,31,61
19-10-2016,62,23,85
20-10-2016,37,33,70
21-10-2016,44,24,68
22-10-2016,46,33,79
23-10-2016,36,42,78
24-10-2016,45,31,76
25-10-2016,27,23,50
26-10-2016,49,30,79
27-10-2016,27,31,58
28-10-2016,51,24,75
29-10-2016,41,29,70
30-10-2016,35,26,61
31-10-2016,39,38,77
01-11-2016,36,22,58
02-11-2016,36,22,58
03-11-2016,51,30,81
04-11-2016,49,14,63
05-11-2016,44,26,70
06-11-2016,55,18,73
07-11-2016,58,25,83
08-11-2016,40,21,61
09-11-2016,48,31,79
10-11-2016,52,23,75
11-11-2016,49,25,74
12-11-2016,45,26,71
13-11-2016,39,25,64
14-11-2016,43,35,78
15-11-2016,35,22,57
16-11-2016,40,28,68
17-11-2016,37,25,62
18-11-2016,48,18,66
19-11-2016,40,19,59
20-11-2016,55,24,79
21-11-2016,47,22,69
22-11-2016,50,27,77
23-11-2016,37,25,62
24-11-2016,45,29,74
25-11-2016,48,30,78
26-11-2016,34,20,54
27-11-2016,31,22,53
28-11-2016,50,20,70
29-11-2016,43,24,67
30-11-2016,43,23,66
01-12-2016,50,14,64
02-12-2016,55,20,75
03-12-2016,39,25,64
04-12-2016,39,34,73
05-12-2016,51,36,87
06-12-2016,37,25,62
07-12-2016,32,22,54
08-12-2016,25,18,43
09-12-2016,41,21,62
10-12-2016,37,28,65
11-12-2016,45,16,61
12-12-2016,46,20,66
13-12-2016,41,20,61
14-12-2016,38,28,66
15-12-2016,40,24,64
16-12-2016,36,20,56
17-12-2016,46,21,67
18-12-2016,30,24,54
19-12-2016,33,23,56
20-12-2016,42,31,73
21-12-2016,43,16,59
22-12-2016,29,34,63
23-12-2016,33,24,57
24-12-2016,47,21,68
25-12-2016,49,24,73
26-12-2016,36,15,51
27-12-2016,29,16,45
28-12-2016,36,30,66
29-12-2016,34,29,63
30-12-2016,42,22,64
31-12-2016,30,26,56
01-01-2017,40,26,66
02-01-2017,29,30,59
03-01-2017,33,28,61
04-01-2017,41,20,61
05-01-2017,42,33,75
06-01-2017,43,32,75
07-01-2017,36,18,54
08-01-2017,36,18,54
09-01-2017,44,38,82
10-01-2017,41,32,73
11-01-2017,43,29,72
12-01-2017,38,21,59
13-01-2017,37,22,59
14-01-2017,54,27,81
15-01-2017,40,30,70
16-01-2017,32,25,57
17-01-2017,39,18,57
18-01-2017,39,23,62
19-01-2017,36,22,58
20-01-2017,51,29,80
21-01-2017,35,25,60
22-01-2017,42,32,74
23-01-2017,59,38,97
24-01-2017,37,29,66
25-01-2017,45,40,85
26-01-2017,60,21,81
27-01-2017,58,23,81
28-01-2017,36,24,60
29-01-2017,36,26,62
30-01-2017,49,25,74
31-01-2017,30,25,55
01-02-2017,39,38,77
02-02-2017,43,24,67
03-02-2017,45,20,65
04-02-2017,50,24,74
05-02-2017,37,12,49
06-02-2017,48,17,65
07-02-2017,38,32,70
08-02-2017,38,19,57
09-02-2017,33,19,52
10-02-2017,34,26,60
11-02-2017,37,22,59
12-02-2017,24,29,53
13-02-2017,43,33,76
14-02-2017,48,28,76
15-02-2017,47,28,75
16-02-2017,37,27,64
17-02-2017,30,21,51
18-02-2017,30,17,47
19-02-2017,39,22,61
20-02-2017,45,31,76
21-02-2017,42,29,71
22-02-2017,25,19,44
23-02-2017,32,25,57
24-02-2017,40,17,57
25-02-2017,31,24,55
26-02-2017,39,24,63
27-02-2017,43,15,58
28-02-2017,62,23,85
01-03-2017,60,35,95
02-03-2017,41,20,61
03-03-2017,36,19,55
04-03-2017,32,30,62
05-03-2017,37,20,57
06-03-2017,40,30,70
07-03-2017,35,21,56
08-03-2017,37,21,58
09-03-2017,41,21,62
10-03-2017,32,24,56
11-03-2017,33,22,55
12-03-2017,29,25,54
13-03-2017,31,18,49
14-03-2017,42,32,74
15-03-2017,47,22,69
16-03-2017,48,25,73
17-03-2017,48,34,82
18-03-2017,30,21,51
19-03-2017,43,22,65
20-03-2017,34,40,74
21-03-2017,34,20,54
22-03-2017,30,21,51
23-03-2017,39,32,71
24-03-2017,23,17,40
25-03-2017,31,27,58
26-03-2017,38,31,69
27-03-2017,33,15,48
28-03-2017,31,23,54
29-03-2017,49,12,61
30-03-2017,28,21,49
31-03-2017,29,33,62
01-04-2017,46,27,73
02-04-2017,33,20,53
03-04-2017,32,10,42
04-04-2017,29,26,55
05-04-2017,34,21,55
06-04-2017,30,17,47
07-04-2017,31,27,58
08-04-2017,43,17,60
09-04-2017,30,19,49
10-04-2017,30,22,52
11-04-2017,30,19,49
12-04-2017,49,26,75
13-04-2017,25,21,46
14-04-2017,28,31,59
15-04-2017,41,17,58
16-04-2017,46,18,64
17-04-2017,38,30,68
18-04-2017,37,31,68
19-04-2017,46,26,72
20-04-2017,43,22,65
21-04-2017,43,24,67
22-04-2017,51,25,76
23-04-2017,39,23,62
24-04-2017,32,19,51
25-04-2017,29,26,55
26-04-2017,32,24,56
27-04-2017,39,21,60
28-04-2017,29,26,55
29-04-2017,37,24,61
30-04-2017,40,24,64
01-05-2017,42,18,60
02-05-2017,38,21,59
03-05-2017,28,31,59
04-05-2017,39,22,61
05-05-2017,33,27,60
06-05-2017,40,24,64
07-05-2017,45,23,68
08-05-2017,41,30,71
09-05-2017,47,22,69
10-05-2017,36,14,50
11-05-2017,36,12,48
12-05-2017,35,22,57
13-05-2017,47,24,71
14-05-2017,39,25,64
15-05-2017,44,16,60
16-05-2017,42,30,72
17-05-2017,40,29,69
18-05-2017,38,31,69
19-05-2017,41,14,55
20-05-2017,28,23,51
21-05-2017,41,25,66
22-05-2017,31,24,55
23-05-2017,41,25,66
24-05-2017,32,27,59
25-05-2017,33,26,59
26-05-2017,37,24,61
27-05-2017,37,22,59
28-05-2017,32,22,54
29-05-2017,40,18,58
30-05-2017,35,24,59
31-05-2017,30,17,47
01-06-2017,32,22,54
02-06-2017,33,23,56
03-06-2017,46,20,66
04-06-2017,43,15,58
05-06-2017,48,40,88
06-06-2017,52,32,84
07-06-2017,31,30,61
08-06-2017,39,21,60
09-06-2017,32,12,44
10-06-2017,34,29,63
11-06-2017,40,22,62
12-06-2017,37,21,58
13-06-2017,25,25,50
14-06-2017,47,20,67
15-06-2017,29,24,53
16-06-2017,37,20,57
17-06-2017,23,27,50
18-06-2017,26,24,50
19-06-2017,38,22,60
20-06-2017,35,18,53
21-06-2017,27,19,46
22-06-2017,25,24,49
23-06-2017,39,14,53
24-06-2017,50,21,71
25-06-2017,32,19,51
26-06-2017,37,22,59
27-06-2017,41,18,59
28-06-2017,35,27,62
29-06-2017,38,26,64
30-06-2017,27,23,50
01-07-2017,29,28,57
02-07-2017,30,22,52
03-07-2017,38,34,72
04-07-2017,30,18,48
05-07-2017,32,24,56
06-07-2017,39,18,57
07-07-2017,37,17,54
08-07-2017,37,17,54
09-07-2017,40,27,67
10-07-2017,43,15,58
11-07-2017,26,11,37
12-07-2017,31,30,61
13-07-2017,34,16,50
14-07-2017,43,20,63
15-07-2017,51,19,70
16-07-2017,43,17,60
17-07-2017,40,25,65
18-07-2017,40,25,65
19-07-2017,25,23,48
20-07-2017,44,25,69
21-07-2017,19,27,46
22-07-2017,26,13,39
23-07-2017,35,19,54
24-07-2017,31,23,54
25-07-2017,38,30,68
26-07-2017,38,21,59
27-07-2017,39,19,58
28-07-2017,35,26,61
29-07-2017,42,22,64
30-07-2017,33,21,54
31-07-2017,29,23,52
01-08-2017,40,32,72
02-08-2017,36,18,54
03-08-2017,43,22,65
04-08-2017,53,28,81
05-08-2017,42,28,70
06-08-2017,34,27,61
07-08-2017,35,32,67
08-08-2017,43,36,79
09-08-2017,38,18,56
10-08-2017,42,21,63
11-08-2017,46,36,82
12-08-2017,37,28,65
13-08-2017,45,25,70
14-08-2017,37,24,61
15-08-2017,32,33,65
16-08-2017,46,30,76
17-08-2017,36,26,62
18-08-2017,43,26,69
19-08-2017,41,25,66
20-08-2017,38,35,73
21-08-2017,38,28,66
22-08-2017,33,29,62
23-08-2017,44,18,62
24-08-2017,45,19,64
25-08-2017,45,20,65
26-08-2017,37,15,52
27-08-2017,29,21,50
28-08-2017,41,27,68
29-08-2017,35,24,59
30-08-2017,35,17,52
31-08-2017,39,27,66
01-09-2017,32,22,54
02-09-2017,31,29,60
03-09-2017,29,29,58
04-09-2017,33,25,58
05-09-2017,42,20,62
06-09-2017,37,27,64
07-09-2017,36,22,58
08-09-2017,31,29,60
09-09-2017,27,27,54
10-09-2017,37,24,61
11-09-2017,49,26,75
12-09-2017,34,32,66
13-09-2017,43,20,63
14-09-2017,43,24,67
15-09-2017,36,21,57
16-09-2017,43,26,69
17-09-2017,39,28,67
18-09-2017,33,22,55
19-09-2017,27,29,56
20-09-2017,37,29,66
21-09-2017,44,28,72
22-09-2017,37,25,62
23-09-2017,37,29,66
24-09-2017,38,16,54
25-09-2017,37,20,57
26-09-2017,38,34,72
27-09-2017,27,25,52
28-09-2017,24,31,55
29-09-2017,48,25,73
30-09-2017,33,22,55
01-10-2017,29,22,51
02-10-2017,33,19,52
03-10-2017,43,21,64
04-10-2017,32,31,63
05-10-2017,31,20,51
06-10-2017,45,29,74
07-10-2017,42,21,63
08-10-2017,40,36,76
09-10-2017,39,28,67
10-10-2017,49,24,73
11-10-2017,33,36,69
12-10-2017,49,18,67
13-10-2017,26,26,52
14-10-2017,41,33,74
15-10-2017,36,28,64
16-10-2017,39,20,59
17-10-2017,54,30,84
18-10-2017,52,34,86
19-10-2017,47,29,76
20-10-2017,39,43,82
21-10-2017,32,26,58
22-10-2017,32,36,68
23-10-2017,43,33,76
24-10-2017,55,35,90
25-10-2017,52,23,75
26-10-2017,55,36,91
27-10-2017,56,28,84
28-10-2017,48,27,75
29-10-2017,33,26,59
30-10-2017,37,28,65
31-10-2017,52,31,83
01-11-2017,41,43,84
02-11-2017,46,27,73
03-11-2017,37,33,70
04-11-2017,42,26,68
05-11-2017,39,25,64
06-11-2017,36,36,72
07-11-2017,42,36,78
08-11-2017,41,33,74
09-11-2017,49,30,79
10-11-2017,41,29,70
11-11-2017,51,25,76
12-11-2017,39,24,63
13-11-2017,50,27,77
14-11-2017,57,26,83
15-11-2017,34,36,70
16-11-2017,34,33,67
17-11-2017,30,29,59
18-11-2017,30,20,50
19-11-2017,35,23,58
20-11-2017,49,30,79
21-11-2017,52,42,94
22-11-2017,55,23,78
23-11-2017,48,34,82
24-11-2017,44,25,69
25-11-2017,47,33,80
26-11-2017,49,27,76
27-11-2017,39,18,57
28-11-2017,52,25,77
29-11-2017,47,29,76
30-11-2017,48,28,76
01-12-2017,41,22,63
02-12-2017,50,20,70
03-12-2017,44,33,77
04-12-2017,42,45,87
05-12-2017,50,27,77
06-12-2017,42,30,72
07-12-2017,48,30,78
08-12-2017,50,33,83
09-12-2017,66,33,99
10-12-2017,48,32,80
11-12-2017,40,45,85
12-12-2017,48,31,79
13-12-2017,42,25,67
14-12-2017,44,34,78
15-12-2017,48,23,71
16-12-2017,45,24,69
17-12-2017,51,23,74
18-12-2017,48,31,79
19-12-2017,41,35,76
20-12-2017,60,21,81
21-12-2017,40,21,61
22-12-2017,63,38,101
23-12-2017,49,30,79
24-12-2017,49,35,84
25-12-2017,54,29,83
26-12-2017,44,31,75
27-12-2017,53,25,78
28-12-2017,31,34,65
29-12-2017,47,28,75
30-12-2017,46,24,70
31-12-2017,39,38,77
01-01-2018,59,27,86
02-01-2018,59,36,95
03-01-2018,45,31,76
04-01-2018,39,26,65
05-01-2018,58,37,95
06-01-2018,49,34,83
07-01-2018,39,23,62
08-01-2018,50,27,77
09-01-2018,51,34,85
10-01-2018,53,39,92
11-01-2018,46,38,84
12-01-2018,49,37,86
13-01-2018,49,33,82
14-01-2018,48,30,78
15-01-2018,53,27,80
16-01-2018,46,37,83
17-01-2018,46,34,80
18-01-2018,42,37,79
19-01-2018,53,39,92
20-01-2018,53,27,80
21-01-2018,41,37,78
22-01-2018,43,24,67
23-01-2018,47,31,78
24-01-2018,59,31,90
25-01-2018,45,32,77
26-01-2018,44,25,69
27-01-2018,42,29,71
28-01-2018,57,31,88
29-01-2018,40,31,71
30-01-2018,51,40,91
31-01-2018,49,20,69
01-02-2018,47,37,84
02-02-2018,60,34,94
03-02-2018,45,19,64
04-02-2018,64,30,94
05-02-2018,36,27,63
06-02-2018,51,25,76
07-02-2018,44,34,78
08-02-2018,40,31,71
09-02-2018,58,28,86
10-02-2018,54,36,90
11-02-2018,40,30,70
12-02-2018,37,30,67
13-02-2018,32,20,52
14-02-2018,24,23,47
15-02-2018,41,34,75
16-02-2018,46,42,88
17-02-2018,49,38,87
18-02-2018,34,33,67
19-02-2018,57,30,87
20-02-2018,47,37,84
21-02-2018,53,34,87
22-02-2018,47,34,81
23-02-2018,46,28,74
24-02-2018,43,35,78
25-02-2018,35,27,62
26-02-2018,41,20,61
27-02-2018,44,21,65
28-02-2018,60,31,91
01-03-2018,42,28,70
02-03-2018,48,31,79
03-03-2018,47,27,74
04-03-2018,43,22,65
05-03-2018,33,25,58
06-03-2018,44,33,77
07-03-2018,33,28,61
08-03-2018,48,34,82
09-03-2018,51,28,79
10-03-2018,38,24,62
11-03-2018,32,17,49
12-03-2018,34,32,66
13-03-2018,49,28,77
14-03-2018,36,29,65
15-03-2018,45,27,72
16-03-2018,38,18,56
17-03-2018,36,26,62
18-03-2018,42,23,65
19-03-2018,36,24,60
20-03-2018,38,26,64
21-03-2018,22,18,40
22-03-2018,37,22,59
23-03-2018,50,29,79
24-03-2018,33,22,55
25-03-2018,35,26,61
26-03-2018,30,20,50
27-03-2018,32,16,48
28-03-2018,43,23,66
29-03-2018,34,28,62
30-03-2018,35,30,65
31-03-2018,33,26,59
01-04-2018,31,31,62
02-04-2018,51,33,84
03-04-2018,36,25,61
04-04-2018,47,29,76
05-04-2018,31,24,55
06-04-2018,42,23,65
07-04-2018,39,27,66
08-04-2018,34,23,57
09-04-2018,41,14,55
10-04-2018,37,26,63
11-04-2018,31,27,58
12-04-2018,30,18,48
13-04-2018,53,25,78
14-04-2018,45,21,66
15-04-2018,40,21,61
16-04-2018,41,18,59
17-04-2018,46,25,71
18-04-2018,45,27,72
19-04-2018,32,24,56
20-04-2018,34,25,59
21-04-2018,25,20,45
22-04-2018,42,40,82
23-04-2018,32,24,56
24-04-2018,40,29,69
25-04-2018,38,11,49
26-04-2018,34,37,71
27-04-2018,41,31,72
28-04-2018,31,37,68
29-04-2018,28,21,49
30-04-2018,43,26,69
01-05-2018,43,23,66
02-05-2018,37,29,66
03-05-2018,37,24,61
04-05-2018,25,27,52
05-05-2018,42,31,73
06-05-2018,27,29,56
07-05-2018,30,29,59
08-05-2018,36,17,53
09-05-2018,36,20,56
10-05-2018,31,31,62
11-05-2018,32,19,51
12-05-2018,37,16,53
13-05-2018,29,26,55
14-05-2018,25,29,54
15-05-2018,49,21,70
16-05-2018,39,24,63
17-05-2018,26,23,49
18-05-2018,31,23,54
19-05-2018,41,30,71
20-05-2018,45,27,72
21-05-2018,35,30,65
22-05-2018,54,27,81
23-05-2018,53,32,85
24-05-2018,29,25,54
25-05-2018,37,20,57
26-05-2018,45,22,67
27-05-2018,39,30,69
28-05-2018,40,22,62
29-05-2018,31,22,53
30-05-2018,47,32,79
31-05-2018,48,21,69
01-06-2018,41,27,68
02-06-2018,35,28,63
03-06-2018,46,21,67
04-06-2018,40,29,69
05-06-2018,48,19,67
06-06-2018,49,19,68
07-06-2018,32,27,59
08-06-2018,42,16,58
09-06-2018,39,25,64
10-06-2018,43,18,61
11-06-2018,40,26,66
12-06-2018,53,28,81
13-06-2018,52,33,85
14-06-2018,55,22,77
15-06-2018,52,31,83
16-06-2018,44,32,76
17-06-2018,41,23,64
18-06-2018,24,34,58
19-06-2018,37,20,57
20-06-2018,46,32,78
21-06-2018,48,20,68
22-06-2018,47,27,74
23-06-2018,39,25,64
24-06-2018,30,30,60
25-06-2018,53,40,93
26-06-2018,47,26,73
27-06-2018,44,24,68
28-06-2018,29,23,52
29-06-2018,26,32,58
30-06-2018,41,20,61
01-07-2018,36,30,66
02-07-2018,31,19,50
03-07-2018,49,22,71
04-07-2018,39,24,63
05-07-2018,24,26,50
06-07-2018,32,19,51
07-07-2018,34,21,55
08-07-2018,34,38,72
09-07-2018,36,31,67
10-07-2018,31,36,67
11-07-2018,37,29,66
12-07-2018,34,15,49
13-07-2018,31,17,48
14-07-2018,26,28,54
15-07-2018,37,20,57
16-07-2018,49,22,71
17-07-2018,24,26,50
18-07-2018,33,19,52
19-07-2018,32,24,56
20-07-2018,30,13,43
21-07-2018,46,30,76
22-07-2018,31,24,55
23-07-2018,36,14,50
24-07-2018,23,29,52
25-07-2018,34,31,65
26-07-2018,37,20,57
27-07-2018,31,23,54
28-07-2018,28,23,51
29-07-2018,31,31,62
30-07-2018,44,24,68
31-07-2018,33,23,56
01-08-2018,35,29,64
02-08-2018,46,37,83
03-08-2018,42,24,66
04-08-2018,34,28,62
05-08-2018,40,21,61
06-08-2018,36,24,60
07-08-2018,37,18,55
08-08-2018,43,21,64
09-08-2018,48,31,79
10-08-2018,39,28,67
11-08-2018,30,24,54
12-08-2018,44,29,73
13-08-2018,41,32,73
14-08-2018,33,34,67
15-08-2018,35,15,50
16-08-2018,29,17,46
17-08-2018,34,28,62
18-08-2018,43,27,70
19-08-2018,37,29,66
20-08-2018,59,29,88
21-08-2018,43,26,69
22-08-2018,34,23,57
23-08-2018,46,21,67
24-08-2018,43,23,66
25-08-2018,50,26,76
26-08-2018,58,32,90
27-08-2018,36,37,73
28-08-2018,44,27,71
29-08-2018,41,24,65
30-08-2018,34,33,67
31-08-2018,51,37,88
01-09-2018,34,36,70
02-09-2018,44,24,68
03-09-2018,43,32,75
04-09-2018,44,28,72
05-09-2018,50,35,85
06-09-2018,44,28,72
07-09-2018,48,33,81
08-09-2018,57,32,89
09-09-2018,35,31,66
10-09-2018,42,29,71
11-09-2018,46,40,86
12-09-2018,45,28,73
13-09-2018,54,19,73
14-09-2018,45,23,68
15-09-2018,39,39,78
16-09-2018,51,34,85
17-09-2018,60,29,89
18-09-2018,39,23,62
19-09-2018,43,25,68
20-09-2018,36,24,60
21-09-2018,43,23,66
22-09-2018,42,36,78
23-09-2018,29,38,67
24-09-2018,40,29,69
25-09-2018,33,32,65
26-09-2018,48,20,68
27-09-2018,34,27,61
28-09-2018,41,31,72
29-09-2018,44,27,71
30-09-2018,35,29,64
01-10-2018,57,32,89
02-10-2018,51,28,79
03-10-2018,37,30,67
04-10-2018,35,25,60
05-10-2018,45,30,75
06-10-2018,34,29,63
07-10-2018,36,25,61
08-10-2018,45,38,83
09-10-2018,43,17,60
10-10-2018,43,23,66
11-10-2018,36,23,59
12-10-2018,48,27,75
13-10-2018,34,24,58
14-10-2018,44,31,75
15-10-2018,40,29,69
16-10-2018,41,30,71
17-10-2018,44,35,79
18-10-2018,36,27,63
19-10-2018,49,18,67
20-10-2018,44,22,66
21-10-2018,47,21,68
22-10-2018,47,26,73
23-10-2018,48,23,71
24-10-2018,44,26,70
25-10-2018,35,21,56
26-10-2018,41,30,71
27-10-2018,35,38,73
28-10-2018,49,28,77
29-10-2018,63,34,97
30-10-2018,36,33,69
31-10-2018,39,35,74
01-11-2018,53,37,90
02-11-2018,54,24,78
03-11-2018,43,24,67
04-11-2018,41,33,74
05-11-2018,42,25,67
06-11-2018,47,30,77
07-11-2018,50,31,81
08-11-2018,56,39,95
09-11-2018,49,29,78
10-11-2018,48,32,80
11-11-2018,37,27,64
12-11-2018,44,40,84
13-11-2018,46,32,78
14-11-2018,60,28,88
15-11-2018,55,24,79
16-11-2018,49,17,66
17-11-2018,37,16,53
18-11-2018,36,19,55
19-11-2018,39,23,62
20-11-2018,46,32,78
21-11-2018,53,26,79
22-11-2018,44,27,71
23-11-2018,51,25,76
24-11-2018,46,26,72
25-11-2018,37,24,61
26-11-2018,52,27,79
27-11-2018,48,27,75
28-11-2018,46,24,70
29-11-2018,48,18,66
30-11-2018,34,23,57
01-12-2018,38,33,71
02-12-2018,34,26,60
03-12-2018,42,31,73
04-12-2018,43,21,64
05-12-2018,33,30,63
06-12-2018,43,38,81
07-12-2018,37,27,64
08-12-2018,41,23,64
09-12-2018,40,33,73
10-12-2018,37,26,63
11-12-2018,49,28,77
12-12-2018,46,23,69
13-12-2018,45,27,72
14-12-2018,37,32,69
15-12-2018,41,25,66
16-12-2018,49,20,69
17-12-2018,46,32,78
18-12-2018,50,19,69
19-12-2018,35,30,65
20-12-2018,45,32,77
21-12-2018,52,31,83
22-12-2018,41,28,69
23-12-2018,47,35,82
24-12-2018,62,25,87
25-12-2018,43,28,71
26-12-2018,44,26,70
27-12-2018,29,29,58
28-12-2018,40,32,72
29-12-2018,44,17,61
30-12-2018,50,30,80
31-12-2018,53,24,77
01-01-2019,57,27,84
02-01-2019,64,29,93
03-01-2019,60,29,89
04-01-2019,41,36,77
05-01-2019,53,25,78
06-01-2019,48,27,75
07-01-2019,50,19,69
08-01-2019,52,38,90
09-01-2019,32,33,65
10-01-2019,57,36,93
11-01-2019,35,31,66
12-01-2019,57,29,86
13-01-2019,56,29,85
14-01-2019,46,27,73
15-01-2019,45,29,74
16-01-2019,45,32,77
17-01-2019,50,26,76
18-01-2019,36,28,64
19-01-2019,49,30,79
20-01-2019,50,34,84
21-01-2019,48,40,88
22-01-2019,58,23,81
23-01-2019,46,25,71
24-01-2019,46,25,71
25-01-2019,42,24,66
26-01-2019,49,36,85
27-01-2019,50,29,79
28-01-2019,51,24,75
29-01-2019,45,25,70
30-01-2019,56,36,92
31-01-2019,53,27,80
01-02-2019,44,32,76
02-02-2019,34,33,67
03-02-2019,47,22,69
04-02-2019,61,34,95
05-02-2019,50,26,76
06-02-2019,54,31,85
07-02-2019,61,36,97
08-02-2019,49,37,86
09-02-2019,45,29,74
10-02-2019,32,38,70
11-02-2019,41,31,72
12-02-2019,53,20,73
13-02-2019,46,28,74
14-02-2019,45,30,75
15-02-2019,53,26,79
16-02-2019,34,30,64
17-02-2019,45,22,67
18-02-2019,43,42,85
19-02-2019,35,27,62
20-02-2019,35,38,73
21-02-2019,38,21,59
22-02-2019,34,27,61
23-02-2019,35,19,54
24-02-2019,46,18,64
25-02-2019,64,17,81
26-02-2019,52,20,72
27-02-2019,37,23,60
28-02-2019,39,27,66
01-03-2019,34,39,73
02-03-2019,38,30,68
03-03-2019,37,20,57
04-03-2019,42,24,66
05-03-2019,34,28,62
06-03-2019,42,21,63
07-03-2019,37,24,61
08-03-2019,32,34,66
09-03-2019,38,28,66
10-03-2019,41,26,67
11-03-2019,47,23,70
12-03-2019,41,25,66
13-03-2019,50,28,78
14-03-2019,38,32,70
15-03-2019,40,20,60
16-03-2019,42,24,66
17-03-2019,36,20,56
18-03-2019,43,29,72
19-03-2019,50,32,82
20-03-2019,36,26,62
21-03-2019,40,31,71
22-03-2019,48,29,77
23-03-2019,52,30,82
24-03-2019,47,25,72
25-03-2019,43,17,60
26-03-2019,36,24,60
27-03-2019,31,23,54
28-03-2019,40,22,62
29-03-2019,35,27,62
30-03-2019,40,24,64
31-03-2019,30,20,50
01-04-2019,22,26,48
02-04-2019,38,20,58
03-04-2019,39,32,71
04-04-2019,28,35,63
05-04-2019,31,23,54
06-04-2019,39,20,59
07-04-2019,34,30,64
08-04-2019,55,23,78
09-04-2019,27,25,52
10-04-2019,34,17,51
11-04-2019,42,14,56
12-04-2019,34,27,61
13-04-2019,37,22,59
14-04-2019,33,26,59
15-04-2019,31,30,61
16-04-2019,37,16,53
17-04-2019,28,24,52
18-04-2019,33,24,57
19-04-2019,31,25,56
20-04-2019,33,24,57
21-04-2019,35,17,52
22-04-2019,46,31,77
23-04-2019,32,25,57
24-04-2019,29,22,51
25-04-2019,33,23,56
26-04-2019,40,30,70
27-04-2019,23,27,50
28-04-2019,42,24,66
29-04-2019,39,24,63
30-04-2019,41,31,72
01-05-2019,42,22,64
02-05-2019,43,35,78
03-05-2019,39,22,61
04-05-2019,34,37,71
05-05-2019,33,29,62
06-05-2019,32,29,61
07-05-2019,26,20,46
08-05-2019,39,23,62
09-05-2019,44,26,70
10-05-2019,44,21,65
11-05-2019,41,20,61
12-05-2019,32,21,53
13-05-2019,41,17,58
14-05-2019,33,24,57
15-05-2019,39,22,61
16-05-2019,32,33,65
17-05-2019,43,34,77
18-05-2019,30,22,52
19-05-2019,37,21,58
20-05-2019,37,23,60
21-05-2019,31,23,54
22-05-2019,33,16,49
23-05-2019,36,26,62
24-05-2019,30,16,46
25-05-2019,31,20,51
26-05-2019,38,19,57
27-05-2019,33,28,61
28-05-2019,28,28,56
29-05-2019,45,29,74
30-05-2019,33,30,63
31-05-2019,43,26,69
01-06-2019,37,28,65
02-06-2019,39,19,58
03-06-2019,41,29,70
04-06-2019,25,25,50
05-06-2019,42,20,62
06-06-2019,46,30,76
07-06-2019,35,28,63
08-06-2019,44,32,76
09-06-2019,40,30,70
10-06-2019,52,31,83
11-06-2019,67,30,97
12-06-2019,44,35,79
13-06-2019,33,25,58
14-06-2019,42,25,67
15-06-2019,53,37,90
16-06-2019,35,16,51
17-06-2019,41,18,59
18-06-2019,39,18,57
19-06-2019,40,25,65
20-06-2019,45,39,84
21-06-2019,41,13,54
22-06-2019,49,23,72
23-06-2019,39,24,63
24-06-2019,31,18,49
25-06-2019,34,16,50
26-06-2019,37,21,58
27-06-2019,31,17,48
28-06-2019,37,14,51
29-06-2019,34,16,50
30-06-2019,42,23,65
01-07-2019,37,29,66
02-07-2019,45,25,70
03-07-2019,41,10,51
04-07-2019,36,23,59
05-07-2019,33,26,59
06-07-2019,39,27,66
07-07-2019,27,33,60
08-07-2019,34,26,60
09-07-2019,32,26,58
10-07-2019,50,15,65
11-07-2019,35,23,58
12-07-2019,33,26,59
13-07-2019,34,24,58
14-07-2019,28,27,55
15-07-2019,29,19,48
16-07-2019,30,28,58
17-07-2019,38,25,63
18-07-2019,33,19,52
19-07-2019,25,26,51
20-07-2019,53,34,87
21-07-2019,33,20,53
22-07-2019,26,21,47
23-07-2019,42,19,61
24-07-2019,43,25,68
25-07-2019,37,25,62
26-07-2019,34,20,54
27-07-2019,38,18,56
28-07-2019,45,23,68
29-07-2019,34,15,49
30-07-2019,34,25,59
31-07-2019,26,19,45
01-08-2019,33,16,49
02-08-2019,40,27,67
03-08-2019,22,13,35
04-08-2019,37,20,57
05-08-2019,36,19,55
06-08-2019,51,25,76
07-08-2019,25,30,55
08-08-2019,31,22,53
09-08-2019,47,30,77
10-08-2019,37,19,56
11-08-2019,34,24,58
12-08-2019,36,21,57
13-08-2019,39,25,64
14-08-2019,33,27,60
15-08-2019,36,25,61
16-08-2019,49,27,76
17-08-2019,42,29,71
18-08-2019,31,24,55
19-08-2019,34,14,48
20-08-2019,29,24,53
21-08-2019,39,32,71
22-08-2019,34,29,63
23-08-2019,35,40,75
24-08-2019,45,33,78
25-08-2019,48,29,77
26-08-2019,55,27,82
27-08-2019,54,21,75
28-08-2019,45,21,66
29-08-2019,44,34,78
30-08-2019,35,32,67
31-08-2019,39,31,70
01-09-2019,37,25,62
02-09-2019,42,36,78
03-09-2019,40,38,78
04-09-2019,37,23,60
05-09-2019,38,25,63
06-09-2019,42,27,69
07-09-2019,35,17,52
08-09-2019,36,23,59
09-09-2019,47,22,69
10-09-2019,51,26,77
11-09-2019,37,26,63
12-09-2019,39,37,76
13-09-2019,42,29,71
14-09-2019,42,39,81
15-09-2019,53,32,85
16-09-2019,35,27,62
17-09-2019,41,31,72
18-09-2019,37,22,59
19-09-2019,36,23,59
20-09-2019,46,28,74
21-09-2019,38,25,63
22-09-2019,31,20,51
23-09-2019,46,25,71
24-09-2019,49,23,72
25-09-2019,39,15,54
26-09-2019,26,31,57
27-09-2019,36,12,48
28-09-2019,35,21,56
29-09-2019,31,30,61
30-09-2019,36,21,57
01-10-2019,33,24,57
02-10-2019,48,22,70
03-10-2019,45,28,73
04-10-2019,33,32,65
05-10-2019,28,15,43
06-10-2019,33,27,60
07-10-2019,45,19,64
08-10-2019,27,32,59
09-10-2019,41,26,67
10-10-2019,39,21,60
11-10-2019,46,18,64
12-10-2019,41,31,72
13-10-2019,48,30,78
14-10-2019,42,14,56
15-10-2019,38,20,58
16-10-2019,40,16,56
17-10-2019,48,21,69
18-10-2019,39,29,68
19-10-2019,34,39,73
20-10-2019,44,27,71
21-10-2019,36,33,69
22-10-2019,31,15,46
23-10-2019,30,17,47
24-10-2019,34,16,50
25-10-2019,38,33,71
26-10-2019,37,35,72
27-10-2019,42,15,57
28-10-2019,57,18,75
29-10-2019,36,24,60
30-10-2019,44,26,70
31-10-2019,47,23,70
01-11-2019,56,28,84
02-11-2019,33,30,63
03-11-2019,52,27,79
04-11-2019,38,19,57
05-11-2019,55,21,76
06-11-2019,52,44,96
07-11-2019,41,22,63
08-11-2019,41,26,67
09-11-2019,45,26,71
10-11-2019,36,32,68
11-11-2019,42,27,69
12-11-2019,40,22,62
13-11-2019,35,29,64
14-11-2019,44,29,73
15-11-2019,43,38,81
16-11-2019,52,34,86
17-11-2019,40,23,63
18-11-2019,38,22,60
19-11-2019,38,33,71
20-11-2019,42,37,79
21-11-2019,41,25,66
22-11-2019,39,31,70
23-11-2019,45,28,73
24-11-2019,47,29,76
25-11-2019,50,29,79
26-11-2019,44,26,70
27-11-2019,43,25,68
28-11-2019,31,17,48
29-11-2019,43,22,65
30-11-2019,33,24,57
01-12-2019,31,13,44
02-12-2019,45,27,72
03-12-2019,42,40,82
04-12-2019,33,32,65
05-12-2019,35,30,65
06-12-2019,31,36,67
07-12-2019,40,22,62
08-12-2019,49,29,78
09-12-2019,40,36,76
10-12-2019,58,29,87
11-12-2019,45,17,62
12-12-2019,48,28,76
13-12-2019,38,26,64
14-12-2019,38,38,76
15-12-2019,45,30,75
16-12-2019,40,22,62
17-12-2019,31,33,64
18-12-2019,51,35,86
19-12-2019,52,26,78
20-12-2019,60,28,88
21-12-2019,44,15,59
22-12-2019,52,32,84
23-12-2019,39,22,61
24-12-2019,43,43,86
25-12-2019,47,33,80
26-12-2019,44,25,69
27-12-2019,56,27,83
28-12-2019,54,32,86
29-12-2019,55,28,83
30-12-2019,58,23,81
31-12-2019,60,41,101
01-01-2020,55,55,110
02-01-2020,61,41,102
03-01-2020,56,40,96
04-01-2020,47,37,84
05-01-2020,47,32,79
06-01-2020,43,28,71
07-01-2020,41,32,73
08-01-2020,46,33,79
09-01-2020,33,20,53
10-01-2020,53,33,86
11-01-2020,45,31,76
12-01-2020,48,34,82
13-01-2020,52,33,85
14-01-2020,40,27,67
15-01-2020,46,22,68
16-01-2020,49,35,84
17-01-2020,44,34,78
18-01-2020,51,29,80
19-01-2020,31,31,62
20-01-2020,39,26,65
21-01-2020,44,34,78
22-01-2020,44,26,70
23-01-2020,50,25,75
24-01-2020,45,31,76
25-01-2020,49,27,76
26-01-2020,39,19,58
27-01-2020,25,18,43
28-01-2020,49,34,83
29-01-2020,46,29,75
30-01-2020,42,19,61
31-01-2020,63,29,92
01-02-2020,44,27,71
02-02-2020,29,35,64
03-02-2020,52,25,77
04-02-2020,55,27,82
05-02-2020,46,25,71
06-02-2020,46,35,81
07-02-2020,44,32,76
08-02-2020,54,37,91
09-02-2020,35,17,52
10-02-2020,46,23,69
11-02-2020,40,23,63
12-02-2020,39,26,65
13-02-2020,33,27,60
14-02-2020,38,32,70
15-02-2020,37,37,74
16-02-2020,33,31,64
17-02-2020,53,31,84
18-02-2020,44,25,69
19-02-2020,54,26,80
20-02-2020,36,27,63
21-02-2020,43,29,72
22-02-2020,42,21,63
23-02-2020,40,31,71
24-02-2020,50,32,82
25-02-2020,53,23,76
26-02-2020,41,27,68
27-02-2020,64,21,85
28-02-2020,38,15,53
29-02-2020,37,21,58
01-03-2020,43,21,64
02-03-2020,43,27,70
03-03-2020,51,31,82
04-03-2020,41,21,62
05-03-2020,36,25,61
06-03-2020,34,31,65
07-03-2020,34,19,53
08-03-2020,29,23,52
09-03-2020,27,19,46
10-03-2020,41,24,65
11-03-2020,41,32,73
12-03-2020,45,22,67
13-03-2020,33,21,54
14-03-2020,32,24,56
15-03-2020,40,20,60
16-03-2020,33,18,51
17-03-2020,34,31,65
18-03-2020,32,23,55
19-03-2020,25,21,46
20-03-2020,30,25,55
21-03-2020,39,26,65
22-03-2020,29,25,54
23-03-2020,32,18,50
24-03-2020,33,26,59
25-03-2020,36,20,56
26-03-2020,18,11,29
27-03-2020,27,25,52
28-03-2020,21,19,40
29-03-2020,32,19,51
30-03-2020,23,18,41
31-03-2020,29,24,53
01-04-2020,23,22,45
02-04-2020,24,21,45
03-04-2020,30,15,45
04-04-2020,22,15,37
05-04-2020,26,21,47
06-04-2020,26,19,45
07-04-2020,34,24,58
08-04-2020,31,16,47
09-04-2020,33,21,54
10-04-2020,37,22,59
11-04-2020,31,17,48
12-04-2020,23,20,43
13-04-2020,22,24,46
14-04-2020,28,18,46
15-04-2020,36,17,53
16-04-2020,35,13,48
17-04-2020,28,24,52
18-04-2020,22,23,45
19-04-2020,30,21,51
20-04-2020,29,22,51
21-04-2020,36,18,54
22-04-2020,33,29,62
23-04-2020,34,19,53
24-04-2020,26,27,53
25-04-2020,17,17,34
26-04-2020,30,21,51
27-04-2020,37,27,64
28-04-2020,32,24,56
29-04-2020,40,23,63
30-04-2020,31,26,57
01-05-2020,27,17,44
02-05-2020,37,18,55
03-05-2020,41,23,64
04-05-2020,42,31,73
05-05-2020,21,33,54
06-05-2020,35,22,57
07-05-2020,28,18,46
08-05-2020,46,24,70
09-05-2020,41,31,72
10-05-2020,43,17,60
11-05-2020,45,30,75
12-05-2020,38,25,63
13-05-2020,39,25,64
14-05-2020,29,30,59
15-05-2020,41,31,72
16-05-2020,36,25,61
17-05-2020,36,38,74
18-05-2020,43,19,62
19-05-2020,38,25,63
20-05-2020,39,26,65
21-05-2020,43,41,84
22-05-2020,39,21,60
23-05-2020,54,28,82
24-05-2020,50,34,84
25-05-2020,66,42,108
26-05-2020,65,44,109
27-05-2020,61,44,105
28-05-2020,53,50,103
29-05-2020,49,37,86
30-05-2020,47,32,79
31-05-2020,44,27,71
01-06-2020,43,36,79
02-06-2020,64,26,90
03-06-2020,63,21,84
04-06-2020,64,40,104
05-06-2020,60,35,95
06-06-2020,82,44,126
07-06-2020,71,55,126
08-06-2020,60,44,104
09-06-2020,92,42,134
10-06-2020,78,41,119
11-06-2020,80,60,140
12-06-2020,72,65,137
13-06-2020,63,44,107
14-06-2020,77,50,127
15-06-2020,79,50,129
16-06-2020,80,42,122
17-06-2020,69,49,118
18-06-2020,69,40,109
19-06-2020,67,43,110
20-06-2020,62,37,99
21-06-2020,57,44,101
22-06-2020,62,37,99
23-06-2020,56,37,93
24-06-2020,53,24,77
25-06-2020,37,24,61
26-06-2020,52,37,89
27-06-2020,50,24,74
28-06-2020,49,25,74
29-06-2020,52,32,84
30-06-2020,47,23,70
01-07-2020,43,25,68
02-07-2020,40,26,66
03-07-2020,37,30,67
04-07-2020,35,31,66
05-07-2020,25,23,48
06-07-2020,36,24,60
07-07-2020,38,30,68
08-07-2020,42,23,65
09-07-2020,37,14,51
10-07-2020,28,17,45
11-07-2020,34,16,50
12-07-2020,34,24,58
13-07-2020,24,21,45
14-07-2020,42,20,62
15-07-2020,29,21,50
16-07-2020,22,24,46
17-07-2020,27,15,42
18-07-2020,29,12,41
19-07-2020,28,15,43
20-07-2020,33,13,46
21-07-2020,29,15,44
22-07-2020,33,29,62
23-07-2020,29,20,49
24-07-2020,24,10,34
25-07-2020,25,15,40
26-07-2020,22,11,33
27-07-2020,45,23,68
28-07-2020,36,19,55
29-07-2020,39,17,56
30-07-2020,25,14,39
31-07-2020,38,9,47
01-08-2020,33,20,53
02-08-2020,34,14,48
03-08-2020,29,14,43
04-08-2020,23,20,43
05-08-2020,31,16,47
06-08-2020,32,15,47
07-08-2020,29,37,66
08-08-2020,44,27,71
09-08-2020,35,15,50
10-08-2020,33,11,44
11-08-2020,25,15,40
12-08-2020,23,13,36
13-08-2020,17,20,37
14-08-2020,21,13,34
15-08-2020,30,24,54
16-08-2020,32,20,52
17-08-2020,26,19,45
18-08-2020,28,16,44
19-08-2020,30,15,45
20-08-2020,31,20,51
21-08-2020,27,19,46
22-08-2020,36,22,58
23-08-2020,30,17,47
24-08-2020,32,21,53
25-08-2020,28,20,48
26-08-2020,27,19,46
27-08-2020,41,22,63
28-08-2020,39,22,61
29-08-2020,31,13,44
30-08-2020,30,18,48
31-08-2020,22,16,38
01-09-2020,29,19,48
02-09-2020,29,29,58
03-09-2020,28,21,49
04-09-2020,34,19,53
05-09-2020,30,23,53
06-09-2020,32,14,46
07-09-2020,31,24,55
08-09-2020,28,21,49
09-09-2020,36,19,55
10-09-2020,34,20,54
11-09-2020,28,27,55
12-09-2020,49,16,65
13-09-2020,31,23,54
14-09-2020,30,14,44
15-09-2020,46,14,60
16-09-2020,30,26,56
17-09-2020,36,29,65
18-09-2020,35,22,57
19-09-2020,42,20,62
20-09-2020,49,24,73
21-09-2020,43,22,65
22-09-2020,37,20,57
23-09-2020,27,29,56
24-09-2020,40,19,59
25-09-2020,39,16,55
26-09-2020,40,17,57
27-09-2020,32,19,51
28-09-2020,42,25,67
29-09-2020,35,25,60
30-09-2020,37,19,56
01-10-2020,32,23,55
02-10-2020,26,24,50
03-10-2020,34,28,62
04-10-2020,24,21,45
05-10-2020,38,20,58
06-10-2020,36,20,56
07-10-2020,33,15,48
08-10-2020,44,18,62
09-10-2020,26,17,43
10-10-2020,41,25,66
11-10-2020,51,28,79
12-10-2020,31,22,53
13-10-2020,32,15,47
14-10-2020,36,22,58
15-10-2020,33,21,54
16-10-2020,34,20,54
17-10-2020,26,15,41
18-10-2020,24,15,39
19-10-2020,29,24,53
20-10-2020,28,17,45
21-10-2020,24,17,41
22-10-2020,33,19,52
23-10-2020,34,34,68
24-10-2020,44,25,69
25-10-2020,35,28,63
26-10-2020,33,25,58
27-10-2020,30,25,55
28-10-2020,20,22,42
29-10-2020,31,27,58
30-10-2020,33,28,61
31-10-2020,45,22,67
01-11-2020,49,21,70
02-11-2020,43,23,66
03-11-2020,36,25,61
04-11-2020,40,21,61
05-11-2020,42,30,72
06-11-2020,46,20,66
07-11-2020,59,32,91
08-11-2020,57,35,92
09-11-2020,80,33,113
10-11-2020,70,42,112
11-11-2020,63,33,96
12-11-2020,64,27,91
13-11-2020,76,37,113
14-11-2020,73,32,105
15-11-2020,67,44,111
16-11-2020,51,34,85
17-11-2020,76,52,128
18-11-2020,73,30,103
19-11-2020,59,35,94
20-11-2020,66,32,98
21-11-2020,64,39,103
22-11-2020,48,34,82
23-11-2020,56,32,88
24-11-2020,54,35,89
25-11-2020,56,27,83
26-11-2020,69,41,110
27-11-2020,51,38,89
28-11-2020,71,25,96
29-11-2020,50,28,78
30-11-2020,54,35,89
01-12-2020,60,39,99
02-12-2020,67,33,100
03-12-2020,48,42,90
04-12-2020,45,32,77
05-12-2020,47,32,79
06-12-2020,47,30,77
07-12-2020,43,28,71
08-12-2020,52,34,86
09-12-2020,35,18,53
10-12-2020,59,24,83
11-12-2020,39,28,67
12-12-2020,46,39,85
13-12-2020,41,25,66
14-12-2020,53,33,86
15-12-2020,44,18,62
16-12-2020,40,29,69
17-12-2020,44,24,68
18-12-2020,35,30,65
19-12-2020,37,19,56
20-12-2020,36,25,61
21-12-2020,31,27,58
22-12-2020,42,29,71
23-12-2020,50,25,75
24-12-2020,34,28,62
25-12-2020,32,21,53
26-12-2020,28,17,45
27-12-2020,38,20,58
28-12-2020,26,19,45
29-12-2020,21,20,41
30-12-2020,26,25,51
03-01-2021,41,26,67
04-01-2021,30,24,54
05-01-2021,29,26,55
06-01-2021,24,23,47
07-01-2021,28,23,51
08-01-2021,24,22,46
09-01-2021,35,20,55
10-01-2021,35,26,61
11-01-2021,37,26,63
12-01-2021,26,25,51
13-01-2021,36,31,67
14-01-2021,52,24,76
15-01-2021,36,22,58
16-01-2021,42,29,71
17-01-2021,37,18,55
18-01-2021,31,19,50
19-01-2021,36,20,56
20-01-2021,23,20,43
21-01-2021,44,18,62
22-01-2021,26,22,48
23-01-2021,36,32,68
24-01-2021,25,20,45
25-01-2021,32,31,63
26-01-2021,37,21,58
27-01-2021,28,18,46
28-01-2021,36,21,57
29-01-2021,40,30,70
30-01-2021,34,31,65
31-01-2021,24,20,44
01-02-2021,24,22,46
02-02-2021,27,27,54
03-02-2021,28,28,56
04-02-2021,32,21,53
05-02-2021,35,20,55
06-02-2021,36,29,65
07-02-2021,30,19,49
08-02-2021,27,28,55
09-02-2021,35,20,55
10-02-2021,41,20,61
11-02-2021,23,25,48
12-02-2021,31,16,47
13-02-2021,26,19,45
14-02-2021,24,25,49
15-02-2021,30,20,50
16-02-2021,35,25,60
17-02-2021,29,16,45
18-02-2021,43,26,69
19-02-2021,30,20,50
20-02-2021,28,26,54
21-02-2021,22,19,41
22-02-2021,35,23,58
23-02-2021,29,21,50
24-02-2021,30,23,53
25-02-2021,26,19,45
26-02-2021,21,14,35
27-02-2021,31,22,53
28-02-2021,20,17,37
01-03-2021,31,19,50
02-03-2021,27,11,38
03-03-2021,26,25,51
04-03-2021,24,17,41
05-03-2021,33,18,51
06-03-2021,30,15,45
07-03-2021,25,16,41
08-03-2021,29,15,44
09-03-2021,14,13,27
10-03-2021,21,16,37
11-03-2021,23,13,36
12-03-2021,24,13,37
13-03-2021,21,21,42
14-03-2021,23,10,33
15-03-2021,33,14,47
16-03-2021,26,19,45
17-03-2021,14,13,27
18-03-2021,16,12,28
19-03-2021,22,12,34
20-03-2021,13,17,30
21-03-2021,11,14,25
22-03-2021,15,6,21
23-03-2021,14,11,25
24-03-2021,5,0,5
25-03-2021,3,1,4
26-03-2021,0,0,0
27-03-2021,0,0,0
28-03-2021,0,0,0
29-03-2021,0,0,0
30-03-2021,0,0,0
31-03-2021,0,0,0
