Date,Male,Female,Total
2010-01-01,87,64,151
2010-01-02,81,62,143
2010-01-03,102,53,155
2010-01-04,99,75,174
2010-01-05,97,53,150
2010-01-06,87,42,129
2010-01-07,117,59,176
2010-01-08,95,56,151
2010-01-09,91,53,144
2010-01-10,111,80,191
2010-01-11,103,45,148
2010-01-12,103,53,156
2010-01-13,98,67,165
2010-01-14,89,60,149
2010-01-15,92,76,168
2010-01-16,87,67,154
2010-01-17,91,65,156
2010-01-18,98,64,162
2010-01-19,80,54,134
2010-01-20,99,60,159
2010-01-21,91,59,150
2010-01-22,104,44,148
2010-01-23,86,60,146
2010-01-24,75,55,130
2010-01-25,83,60,143
2010-01-26,87,48,135
2010-01-27,96,56,152
2010-01-28,98,62,160
2010-01-29,105,52,157
2010-01-30,67,66,133
2010-01-31,100,56,156
2010-02-01,68,65,133
2010-02-02,71,53,124
2010-02-03,88,55,143
2010-02-04,90,48,138
2010-02-05,81,49,130
2010-02-06,71,56,127
2010-02-07,99,52,151
2010-02-08,97,59,156
2010-02-09,72,41,113
2010-02-10,69,49,118
2010-02-11,67,54,121
2010-02-12,81,47,128
2010-02-13,79,47,126
2010-02-14,95,54,149
2010-02-15,77,44,121
2010-02-16,76,48,124
2010-02-17,64,44,108
2010-02-18,65,50,115
2010-02-19,91,52,143
2010-02-20,87,48,135
2010-02-21,103,53,156
2010-02-22,79,46,125
2010-02-23,72,58,130
2010-02-24,84,51,135
2010-02-25,67,50,117
2010-02-26,84,61,145
2010-02-27,82,48,130
2010-02-28,103,55,158
2010-03-01,85,56,141
2010-03-02,88,59,147
2010-03-03,83,50,133
2010-03-04,96,47,143
2010-03-05,66,52,118
2010-03-06,89,31,120
2010-03-07,65,33,98
2010-03-08,69,46,115
2010-03-09,87,58,145
2010-03-10,78,59,137
2010-03-11,67,36,103
2010-03-12,60,42,102
2010-03-13,77,45,122
2010-03-14,49,37,86
2010-03-15,87,41,128
2010-03-16,76,31,107
2010-03-17,77,49,126
2010-03-18,90,41,131
2010-03-19,68,34,102
2010-03-20,85,40,125
2010-03-21,81,48,129
2010-03-22,83,38,121
2010-03-23,68,54,122
2010-03-24,80,52,132
2010-03-25,97,40,137
2010-03-26,68,47,115
2010-03-27,67,47,114
2010-03-28,69,53,122
2010-03-29,64,49,113
2010-03-30,93,33,126
2010-03-31,58,54,112
2010-04-01,54,38,92
2010-04-02,71,43,114
2010-04-03,59,23,82
2010-04-04,77,56,133
2010-04-05,83,43,126
2010-04-06,66,40,106
2010-04-07,62,31,93
2010-04-08,52,34,86
2010-04-09,73,59,132
2010-04-10,66,50,116
2010-04-11,79,60,139
2010-04-12,99,40,139
2010-04-13,68,46,114
2010-04-14,59,57,116
2010-04-15,63,47,110
2010-04-16,76,50,126
2010-04-17,88,49,137
2010-04-18,73,56,129
2010-04-19,101,60,161
2010-04-20,82,46,128
2010-04-21,98,53,151
2010-04-22,69,51,120
2010-04-23,74,38,112
2010-04-24,62,32,94
2010-04-25,73,48,121
2010-04-26,85,45,130
2010-04-27,68,48,116
2010-04-28,73,37,110
2010-04-29,62,31,93
2010-04-30,60,45,105
2010-05-01,62,46,108
2010-05-02,63,27,90
2010-05-03,66,33,99
2010-05-04,49,47,96
2010-05-05,84,49,133
2010-05-06,90,38,128
2010-05-07,72,41,113
2010-05-08,62,32,94
2010-05-09,75,33,108
2010-05-10,85,29,114
2010-05-11,70,34,104
2010-05-12,89,38,127
2010-05-13,73,51,124
2010-05-14,98,41,139
2010-05-15,92,44,136
2010-05-16,74,41,115
2010-05-17,129,61,190
2010-05-18,85,72,157
2010-05-19,94,48,142
2010-05-20,96,43,139
2010-05-21,75,47,122
2010-05-22,84,68,152
2010-05-23,63,46,109
2010-05-24,84,44,128
2010-05-25,65,38,103
2010-05-26,93,46,139
2010-05-27,83,52,135
2010-05-28,97,52,149
2010-05-29,55,40,95
2010-05-30,53,43,96
2010-05-31,84,46,130
2010-06-01,75,43,118
2010-06-02,78,53,131
2010-06-03,69,60,129
2010-06-04,69,68,137
2010-06-05,74,47,121
2010-06-06,61,28,89
2010-06-07,72,38,110
2010-06-08,71,23,94
2010-06-09,53,50,103
2010-06-10,66,54,120
2010-06-11,57,40,97
2010-06-12,62,28,90
2010-06-13,58,50,108
2010-06-14,56,28,84
2010-06-15,77,51,128
2010-06-16,64,32,96
2010-06-17,63,38,101
2010-06-18,74,38,112
2010-06-19,72,52,124
2010-06-20,78,40,118
2010-06-21,83,51,134
2010-06-22,99,67,166
2010-06-23,98,52,150
2010-06-24,86,52,138
2010-06-25,58,37,95
2010-06-26,62,27,89
2010-06-27,65,38,103
2010-06-28,68,40,108
2010-06-29,55,33,88
2010-06-30,46,42,88
2010-07-01,56,41,97
2010-07-02,62,34,96
2010-07-03,50,33,83
2010-07-04,64,37,101
2010-07-05,63,39,102
2010-07-06,49,41,90
2010-07-07,53,40,93
2010-07-08,70,38,108
2010-07-09,70,46,116
2010-07-10,64,54,118
2010-07-11,68,48,116
2010-07-12,43,39,82
2010-07-13,50,36,86
2010-07-14,60,45,105
2010-07-15,54,33,87
2010-07-16,72,43,115
2010-07-17,62,28,90
2010-07-18,72,33,105
2010-07-19,61,31,92
2010-07-20,48,31,79
2010-07-21,54,38,92
2010-07-22,62,36,98
2010-07-23,61,38,99
2010-07-24,58,43,101
2010-07-25,60,31,91
2010-07-26,58,41,99
2010-07-27,67,48,115
2010-07-28,60,27,87
2010-07-29,50,47,97
2010-07-30,57,53,110
2010-07-31,51,40,91
2010-08-01,63,37,100
2010-08-02,62,42,104
2010-08-03,72,36,108
2010-08-04,61,37,98
2010-08-05,73,53,126
2010-08-06,72,43,115
2010-08-07,60,48,108
2010-08-08,75,30,105
2010-08-09,74,42,116
2010-08-10,77,23,100
2010-08-11,55,34,89
2010-08-12,59,43,102
2010-08-13,61,36,97
2010-08-14,70,40,110
2010-08-15,77,35,112
2010-08-16,86,33,119
2010-08-17,78,51,129
2010-08-18,74,37,111
2010-08-19,88,33,121
2010-08-20,78,61,139
2010-08-21,57,29,86
2010-08-22,61,41,102
2010-08-23,77,39,116
2010-08-24,68,35,103
2010-08-25,98,39,137
2010-08-26,74,45,119
2010-08-27,77,54,131
2010-08-28,80,54,134
2010-08-29,71,36,107
2010-08-30,70,47,117
2010-08-31,82,48,130
2010-09-01,93,36,129
2010-09-02,83,43,126
2010-09-03,79,43,122
2010-09-04,79,42,121
2010-09-05,75,57,132
2010-09-06,82,62,144
2010-09-07,85,57,142
2010-09-08,69,53,122
2010-09-09,73,54,127
2010-09-10,79,43,122
2010-09-11,67,48,115
2010-09-12,54,41,95
2010-09-13,89,48,137
2010-09-14,86,54,140
2010-09-15,90,50,140
2010-09-16,85,57,142
2010-09-17,73,49,122
2010-09-18,78,78,156
2010-09-19,66,42,108
2010-09-20,87,49,136
2010-09-21,64,49,113
2010-09-22,70,53,123
2010-09-23,86,46,132
2010-09-24,75,49,124
2010-09-25,103,53,156
2010-09-26,98,57,155
2010-09-27,86,62,148
2010-09-28,89,49,138
2010-09-29,87,51,138
2010-09-30,92,69,161
2010-10-01,71,62,133
2010-10-02,115,50,165
2010-10-03,92,67,159
2010-10-04,81,43,124
2010-10-05,89,50,139
2010-10-06,83,56,139
2010-10-07,87,65,152
2010-10-08,82,45,127
2010-10-09,71,50,121
2010-10-10,77,49,126
2010-10-11,72,47,119
2010-10-12,90,52,142
2010-10-13,91,53,144
2010-10-14,83,65,148
2010-10-15,104,56,160
2010-10-16,64,59,123
2010-10-17,75,52,127
2010-10-18,86,54,140
2010-10-19,80,47,127
2010-10-20,79,46,125
2010-10-21,82,57,139
2010-10-22,80,45,125
2010-10-23,82,53,135
2010-10-24,75,46,121
2010-10-25,72,47,119
2010-10-26,71,49,120
2010-10-27,107,55,162
2010-10-28,75,40,115
2010-10-29,84,46,130
2010-10-30,81,51,132
2010-10-31,74,48,122
2010-11-01,91,53,144
2010-11-02,84,63,147
2010-11-03,76,44,120
2010-11-04,95,36,131
2010-11-05,74,48,122
2010-11-06,91,48,139
2010-11-07,101,44,145
2010-11-08,87,53,140
2010-11-09,85,41,126
2010-11-10,83,51,134
2010-11-11,76,48,124
2010-11-12,79,56,135
2010-11-13,109,71,180
2010-11-14,75,72,147
2010-11-15,105,58,163
2010-11-16,77,32,109
2010-11-17,88,56,144
2010-11-18,91,48,139
2010-11-19,95,53,148
2010-11-20,107,45,152
2010-11-21,93,55,148
2010-11-22,78,47,125
2010-11-23,84,51,135
2010-11-24,77,51,128
2010-11-25,87,46,133
2010-11-26,95,52,147
2010-11-27,79,43,122
2010-11-28,85,46,131
2010-11-29,87,47,134
2010-11-30,95,51,146
2010-12-01,80,37,117
2010-12-02,80,78,158
2010-12-03,80,55,135
2010-12-04,88,52,140
2010-12-05,97,38,135
2010-12-06,84,56,140
2010-12-07,87,58,145
2010-12-08,82,48,130
2010-12-09,92,51,143
2010-12-10,82,45,127
2010-12-11,81,36,117
2010-12-12,76,51,127
2010-12-13,80,79,159
2010-12-14,83,59,142
2010-12-15,65,62,127
2010-12-16,75,49,124
2010-12-17,85,53,138
2010-12-18,100,53,153
2010-12-19,81,60,141
2010-12-20,93,48,141
2010-12-21,66,49,115
2010-12-22,100,54,154
2010-12-23,75,48,123
2010-12-24,88,43,131
2010-12-25,69,52,121
2010-12-26,74,55,129
2010-12-27,78,40,118
2010-12-28,97,55,152
2010-12-29,91,46,137
2010-12-30,96,46,142
2010-12-31,80,50,130
2011-01-01,99,54,153
2011-01-02,84,57,141
2011-01-03,85,46,131
2011-01-04,93,63,156
2011-01-05,92,47,139
2011-01-06,91,54,145
2011-01-07,120,53,173
2011-01-08,106,44,150
2011-01-09,92,64,156
2011-01-10,106,64,170
2011-01-11,91,74,165
2011-01-12,96,66,162
2011-01-13,96,60,156
2011-01-14,92,54,146
2011-01-15,87,58,145
2011-01-16,92,42,134
2011-01-17,72,55,127
2011-01-18,89,50,139
2011-01-19,87,52,139
2011-01-20,85,53,138
2011-01-21,95,55,150
2011-01-22,68,44,112
2011-01-23,73,54,127
2011-01-24,72,68,140
2011-01-25,89,48,137
2011-01-26,73,43,116
2011-01-27,85,47,132
2011-01-28,89,46,135
2011-01-29,83,36,119
2011-01-30,70,55,125
2011-01-31,73,47,120
2011-02-01,76,49,125
2011-02-02,79,55,134
2011-02-03,72,49,121
2011-02-04,73,45,118
2011-02-05,70,58,128
2011-02-06,64,37,101
2011-02-07,80,45,125
2011-02-08,64,49,113
2011-02-09,61,64,125
2011-02-10,77,59,136
2011-02-11,57,44,101
2011-02-12,61,54,115
2011-02-13,85,52,137
2011-02-14,79,49,128
2011-02-15,72,40,112
2011-02-16,75,38,113
2011-02-17,77,44,121
2011-02-18,79,38,117
2011-02-19,68,55,123
2011-02-20,66,44,110
2011-02-21,65,51,116
2011-02-22,70,43,113
2011-02-23,64,42,106
2011-02-24,70,43,113
2011-02-25,91,46,137
2011-02-26,78,38,116
2011-02-27,73,49,122
2011-02-28,73,41,114
2011-03-01,86,38,124
2011-03-02,72,44,116
2011-03-03,77,41,118
2011-03-04,65,38,103
2011-03-05,51,47,98
2011-03-06,66,37,103
2011-03-07,87,42,129
2011-03-08,53,55,108
2011-03-09,63,38,101
2011-03-10,75,37,112
2011-03-11,63,39,102
2011-03-12,64,36,100
2011-03-13,83,55,138
2011-03-14,59,47,106
2011-03-15,61,43,104
2011-03-16,74,49,123
2011-03-17,61,49,110
2011-03-18,69,49,118
2011-03-19,78,54,132
2011-03-20,83,51,134
2011-03-21,66,52,118
2011-03-22,67,46,113
2011-03-23,73,41,114
2011-03-24,79,35,114
2011-03-25,54,35,89
2011-03-26,54,44,98
2011-03-27,50,35,85
2011-03-28,54,59,113
2011-03-29,68,40,108
2011-03-30,65,35,100
2011-03-31,61,33,94
2011-04-01,61,42,103
2011-04-02,66,44,110
2011-04-03,65,33,98
2011-04-04,55,30,85
2011-04-05,73,42,115
2011-04-06,71,38,109
2011-04-07,67,40,107
2011-04-08,53,41,94
2011-04-09,62,34,96
2011-04-10,63,43,106
2011-04-11,50,42,92
2011-04-12,76,32,108
2011-04-13,55,34,89
2011-04-14,75,42,117
2011-04-15,54,36,90
2011-04-16,75,39,114
2011-04-17,57,35,92
2011-04-18,62,38,100
2011-04-19,62,39,101
2011-04-20,67,42,109
2011-04-21,68,36,104
2011-04-22,62,43,105
2011-04-23,72,34,106
2011-04-24,70,50,120
2011-04-25,74,44,118
2011-04-26,78,37,115
2011-04-27,54,38,92
2011-04-28,63,47,110
2011-04-29,66,45,111
2011-04-30,84,44,128
2011-05-01,70,34,104
2011-05-02,74,43,117
2011-05-03,62,48,110
2011-05-04,84,36,120
2011-05-05,66,40,106
2011-05-06,71,29,100
2011-05-07,62,40,102
2011-05-08,70,35,105
2011-05-09,61,43,104
2011-05-10,69,42,111
2011-05-11,69,48,117
2011-05-12,76,49,125
2011-05-13,66,46,112
2011-05-14,48,48,96
2011-05-15,64,40,104
2011-05-16,64,39,103
2011-05-17,86,47,133
2011-05-18,69,47,116
2011-05-19,71,49,120
2011-05-20,58,32,90
2011-05-21,40,44,84
2011-05-22,57,29,86
2011-05-23,61,36,97
2011-05-24,56,30,86
2011-05-25,59,36,95
2011-05-26,62,40,102
2011-05-27,56,39,95
2011-05-28,64,33,97
2011-05-29,60,35,95
2011-05-30,67,44,111
2011-05-31,55,39,94
2011-06-01,49,48,97
2011-06-02,60,30,90
2011-06-03,56,43,99
2011-06-04,63,40,103
2011-06-05,64,49,113
2011-06-06,68,55,123
2011-06-07,77,43,120
2011-06-08,72,27,99
2011-06-09,58,39,97
2011-06-10,64,35,99
2011-06-11,55,27,82
2011-06-12,62,39,101
2011-06-13,63,35,98
2011-06-14,58,36,94
2011-06-15,47,40,87
2011-06-16,46,29,75
2011-06-17,55,44,99
2011-06-18,67,34,101
2011-06-19,40,40,80
2011-06-20,61,37,98
2011-06-21,46,38,84
2011-06-22,64,40,104
2011-06-23,68,42,110
2011-06-24,70,40,110
2011-06-25,65,27,92
2011-06-26,40,34,74
2011-06-27,65,33,98
2011-06-28,68,38,106
2011-06-29,53,37,90
2011-06-30,66,32,98
2011-07-01,61,37,98
2011-07-02,49,40,89
2011-07-03,53,46,99
2011-07-04,81,28,109
2011-07-05,74,43,117
2011-07-06,71,39,110
2011-07-07,74,51,125
2011-07-08,52,33,85
2011-07-09,68,36,104
2011-07-10,59,33,92
2011-07-11,73,39,112
2011-07-12,79,49,128
2011-07-13,73,46,119
2011-07-14,73,41,114
2011-07-15,66,49,115
2011-07-16,63,49,112
2011-07-17,85,45,130
2011-07-18,71,57,128
2011-07-19,63,50,113
2011-07-20,69,44,113
2011-07-21,80,42,122
2011-07-22,85,56,141
2011-07-23,72,55,127
2011-07-24,82,52,134
2011-07-25,75,50,125
2011-07-26,73,53,126
2011-07-27,78,56,134
2011-07-28,72,57,129
2011-07-29,70,39,109
2011-07-30,77,53,130
2011-07-31,76,33,109
2011-08-01,70,58,128
2011-08-02,94,60,154
2011-08-03,82,45,127
2011-08-04,73,46,119
2011-08-05,76,59,135
2011-08-06,74,41,115
2011-08-07,80,45,125
2011-08-08,71,50,121
2011-08-09,84,42,126
2011-08-10,69,43,112
2011-08-11,77,34,111
2011-08-12,58,32,90
2011-08-13,63,40,103
2011-08-14,68,43,111
2011-08-15,66,40,106
2011-08-16,53,31,84
2011-08-17,58,41,99
2011-08-18,80,35,115
2011-08-19,61,29,90
2011-08-20,53,46,99
2011-08-21,77,41,118
2011-08-22,72,48,120
2011-08-23,80,37,117
2011-08-24,63,44,107
2011-08-25,57,38,95
2011-08-26,69,48,117
2011-08-27,88,30,118
2011-08-28,69,39,108
2011-08-29,70,48,118
2011-08-30,79,43,122
2011-08-31,56,44,100
2011-09-01,81,43,124
2011-09-02,64,48,112
2011-09-03,59,41,100
2011-09-04,64,40,104
2011-09-05,77,41,118
2011-09-06,71,37,108
2011-09-07,53,43,96
2011-09-08,63,49,112
2011-09-09,74,49,123
2011-09-10,70,51,121
2011-09-11,64,43,107
2011-09-12,68,35,103
2011-09-13,56,44,100
2011-09-14,81,43,124
2011-09-15,77,51,128
2011-09-16,57,42,99
2011-09-17,53,36,89
2011-09-18,79,38,117
2011-09-19,60,45,105
2011-09-20,67,37,104
2011-09-21,59,37,96
2011-09-22,74,34,108
2011-09-23,68,43,111
2011-09-24,65,37,102
2011-09-25,57,43,100
2011-09-26,67,47,114
2011-09-27,71,50,121
2011-09-28,72,48,120
2011-09-29,75,39,114
2011-09-30,73,39,112
2011-10-01,76,54,130
2011-10-02,74,44,118
2011-10-03,80,46,126
2011-10-04,70,44,114
2011-10-05,62,30,92
2011-10-06,74,47,121
2011-10-07,67,45,112
2011-10-08,68,45,113
2011-10-09,73,37,110
2011-10-10,75,41,116
2011-10-11,71,43,114
2011-10-12,61,57,118
2011-10-13,82,43,125
2011-10-14,76,61,137
2011-10-15,82,44,126
2011-10-16,58,39,97
2011-10-17,78,44,122
2011-10-18,76,48,124
2011-10-19,58,35,93
2011-10-20,81,32,113
2011-10-21,76,34,110
2011-10-22,84,49,133
2011-10-23,69,48,117
2011-10-24,66,42,108
2011-10-25,79,53,132
2011-10-26,67,46,113
2011-10-27,81,42,123
2011-10-28,65,59,124
2011-10-29,92,56,148
2011-10-30,76,38,114
2011-10-31,74,61,135
2011-11-01,73,48,121
2011-11-02,84,58,142
2011-11-03,64,65,129
2011-11-04,69,37,106
2011-11-05,74,65,139
2011-11-06,67,64,131
2011-11-07,79,48,127
2011-11-08,67,41,108
2011-11-09,58,47,105
2011-11-10,77,49,126
2011-11-11,78,53,131
2011-11-12,55,43,98
2011-11-13,68,44,112
2011-11-14,74,60,134
2011-11-15,90,55,145
2011-11-16,60,45,105
2011-11-17,91,58,149
2011-11-18,61,34,95
2011-11-19,83,52,135
2011-11-20,87,43,130
2011-11-21,72,45,117
2011-11-22,63,42,105
2011-11-23,102,36,138
2011-11-24,68,42,110
2011-11-25,76,53,129
2011-11-26,55,40,95
2011-11-27,92,52,144
2011-11-28,78,42,120
2011-11-29,80,52,132
2011-11-30,94,31,125
2011-12-01,73,51,124
2011-12-02,88,47,135
2011-12-03,87,53,140
2011-12-04,67,56,123
2011-12-05,90,64,154
2011-12-06,68,33,101
2011-12-07,67,41,108
2011-12-08,61,46,107
2011-12-09,84,49,133
2011-12-10,70,47,117
2011-12-11,63,36,99
2011-12-12,82,36,118
2011-12-13,70,63,133
2011-12-14,83,51,134
2011-12-15,85,41,126
2011-12-16,73,46,119
2011-12-17,72,44,116
2011-12-18,90,42,132
2011-12-19,94,50,144
2011-12-20,87,45,132
2011-12-21,96,43,139
2011-12-22,90,53,143
2011-12-23,80,48,128
2011-12-24,84,43,127
2011-12-25,73,57,130
2011-12-26,96,50,146
2011-12-27,93,53,146
2011-12-28,104,59,163
2011-12-29,71,55,126
2011-12-30,85,52,137
2011-12-31,106,62,168
2012-01-01,95,66,161
2012-01-02,85,54,139
2012-01-03,94,50,144
2012-01-04,105,61,166
2012-01-05,80,49,129
2012-01-06,94,51,145
2012-01-07,92,53,145
2012-01-08,70,49,119
2012-01-09,88,61,149
2012-01-10,89,63,152
2012-01-11,78,61,139
2012-01-12,104,50,154
2012-01-13,86,53,139
2012-01-14,78,76,154
2012-01-15,98,55,153
2012-01-16,78,58,136
2012-01-17,74,40,114
2012-01-18,75,52,127
2012-01-19,87,54,141
2012-01-20,88,65,153
2012-01-21,92,52,144
2012-01-22,68,62,130
2012-01-23,91,69,160
2012-01-24,92,47,139
2012-01-25,78,52,130
2012-01-26,75,53,128
2012-01-27,92,49,141
2012-01-28,94,47,141
2012-01-29,97,45,142
2012-01-30,83,34,117
2012-01-31,68,47,115
2012-02-01,75,35,110
2012-02-02,97,55,152
2012-02-03,85,66,151
2012-02-04,70,61,131
2012-02-05,73,60,133
2012-02-06,88,48,136
2012-02-07,83,48,131
2012-02-08,62,37,99
2012-02-09,71,46,117
2012-02-10,63,54,117
2012-02-11,85,57,142
2012-02-12,73,64,137
2012-02-13,88,50,138
2012-02-14,83,48,131
2012-02-15,71,54,125
2012-02-16,74,40,114
2012-02-17,76,49,125
2012-02-18,76,48,124
2012-02-19,70,55,125
2012-02-20,81,51,132
2012-02-21,70,43,113
2012-02-22,88,61,149
2012-02-23,82,38,120
2012-02-24,68,46,114
2012-02-25,78,38,116
2012-02-26,71,48,119
2012-02-27,81,50,131
2012-02-28,84,66,150
2012-02-29,79,48,127
2012-03-01,82,52,134
2012-03-02,66,44,110
2012-03-03,68,65,133
2012-03-04,64,44,108
2012-03-05,71,49,120
2012-03-06,81,61,142
2012-03-07,71,45,116
2012-03-08,60,45,105
2012-03-09,64,43,107
2012-03-10,74,40,114
2012-03-11,71,47,118
2012-03-12,63,41,104
2012-03-13,90,54,144
2012-03-14,76,47,123
2012-03-15,69,41,110
2012-03-16,69,47,116
2012-03-17,75,65,140
2012-03-18,76,43,119
2012-03-19,87,44,131
2012-03-20,88,51,139
2012-03-21,65,46,111
2012-03-22,64,44,108
2012-03-23,68,50,118
2012-03-24,72,42,114
2012-03-25,58,51,109
2012-03-26,76,57,133
2012-03-27,92,35,127
2012-03-28,67,45,112
2012-03-29,61,40,101
2012-03-30,59,51,110
2012-03-31,51,54,105
2012-04-01,65,27,92
2012-04-02,88,42,130
2012-04-03,69,53,122
2012-04-04,53,39,92
2012-04-05,67,37,104
2012-04-06,72,34,106
2012-04-07,73,42,115
2012-04-08,58,32,90
2012-04-09,72,47,119
2012-04-10,85,45,130
2012-04-11,66,37,103
2012-04-12,57,34,91
2012-04-13,69,35,104
2012-04-14,55,45,100
2012-04-15,62,28,90
2012-04-16,70,56,126
2012-04-17,72,39,111
2012-04-18,65,40,105
2012-04-19,68,40,108
2012-04-20,59,70,129
2012-04-21,64,39,103
2012-04-22,65,39,104
2012-04-23,58,36,94
2012-04-24,66,39,105
2012-04-25,73,40,113
2012-04-26,66,48,114
2012-04-27,53,35,88
2012-04-28,77,39,116
2012-04-29,52,44,96
2012-04-30,47,39,86
2012-05-01,61,42,103
2012-05-02,64,46,110
2012-05-03,66,61,127
2012-05-04,65,48,113
2012-05-05,72,58,130
2012-05-06,67,36,103
2012-05-07,58,59,117
2012-05-08,63,44,107
2012-05-09,80,52,132
2012-05-10,80,58,138
2012-05-11,76,59,135
2012-05-12,75,48,123
2012-05-13,80,39,119
2012-05-14,71,48,119
2012-05-15,54,47,101
2012-05-16,67,38,105
2012-05-17,73,37,110
2012-05-18,69,60,129
2012-05-19,69,51,120
2012-05-20,81,56,137
2012-05-21,54,51,105
2012-05-22,83,47,130
2012-05-23,63,36,99
2012-05-24,77,46,123
2012-05-25,79,64,143
2012-05-26,90,44,134
2012-05-27,93,47,140
2012-05-28,96,55,151
2012-05-29,95,51,146
2012-05-30,70,66,136
2012-05-31,84,60,144
2012-06-01,102,79,181
2012-06-02,105,70,175
2012-06-03,75,56,131
2012-06-04,84,48,132
2012-06-05,67,51,118
2012-06-06,50,38,88
2012-06-07,50,32,82
2012-06-08,65,37,102
2012-06-09,56,36,92
2012-06-10,74,45,119
2012-06-11,77,41,118
2012-06-12,67,44,111
2012-06-13,74,47,121
2012-06-14,70,47,117
2012-06-15,72,47,119
2012-06-16,68,47,115
2012-06-17,95,60,155
2012-06-18,77,45,122
2012-06-19,78,38,116
2012-06-20,83,41,124
2012-06-21,81,66,147
2012-06-22,96,61,157
2012-06-23,91,57,148
2012-06-24,97,60,157
2012-06-25,109,61,170
2012-06-26,95,57,152
2012-06-27,86,51,137
2012-06-28,63,39,102
2012-06-29,73,51,124
2012-06-30,72,43,115
2012-07-01,90,58,148
2012-07-02,106,65,171
2012-07-03,102,57,159
2012-07-04,65,37,102
2012-07-05,67,47,114
2012-07-06,75,59,134
2012-07-07,57,28,85
2012-07-08,60,30,90
2012-07-09,62,41,103
2012-07-10,61,33,94
2012-07-11,65,35,100
2012-07-12,36,34,70
2012-07-13,71,37,108
2012-07-14,50,36,86
2012-07-15,67,42,109
2012-07-16,61,43,104
2012-07-17,71,40,111
2012-07-18,74,51,125
2012-07-19,66,51,117
2012-07-20,70,47,117
2012-07-21,55,42,97
2012-07-22,61,36,97
2012-07-23,74,41,115
2012-07-24,70,49,119
2012-07-25,61,36,97
2012-07-26,61,24,85
2012-07-27,52,40,92
2012-07-28,63,39,102
2012-07-29,54,41,95
2012-07-30,68,36,104
2012-07-31,54,26,80
2012-08-01,68,46,114
2012-08-02,72,32,104
2012-08-03,80,35,115
2012-08-04,57,49,106
2012-08-05,67,39,106
2012-08-06,65,41,106
2012-08-07,70,36,106
2012-08-08,73,41,114
2012-08-09,54,44,98
2012-08-10,63,38,101
2012-08-11,66,48,114
2012-08-12,69,39,108
2012-08-13,60,34,94
2012-08-14,86,40,126
2012-08-15,80,47,127
2012-08-16,72,36,108
2012-08-17,63,45,108
2012-08-18,65,48,113
2012-08-19,73,50,123
2012-08-20,59,41,100
2012-08-21,76,52,128
2012-08-22,58,40,98
2012-08-23,51,38,89
2012-08-24,82,45,127
2012-08-25,59,43,102
2012-08-26,73,34,107
2012-08-27,85,40,125
2012-08-28,83,41,124
2012-08-29,63,37,100
2012-08-30,71,27,98
2012-08-31,76,47,123
2012-09-01,63,43,106
2012-09-02,65,45,110
2012-09-03,86,62,148
2012-09-04,62,41,103
2012-09-05,69,43,112
2012-09-06,59,52,111
2012-09-07,78,61,139
2012-09-08,66,44,110
2012-09-09,80,41,121
2012-09-10,104,67,171
2012-09-11,88,52,140
2012-09-12,83,56,139
2012-09-13,71,48,119
2012-09-14,75,38,113
2012-09-15,98,35,133
2012-09-16,62,56,118
2012-09-17,82,51,133
2012-09-18,82,60,142
2012-09-19,80,48,128
2012-09-20,83,39,122
2012-09-21,95,60,155
2012-09-22,88,63,151
2012-09-23,77,66,143
2012-09-24,91,54,145
2012-09-25,73,57,130
2012-09-26,86,52,138
2012-09-27,85,57,142
2012-09-28,83,52,135
2012-09-29,93,62,155
2012-09-30,77,55,132
2012-10-01,90,58,148
2012-10-02,73,49,122
2012-10-03,89,59,148
2012-10-04,78,50,128
2012-10-05,88,54,142
2012-10-06,87,59,146
2012-10-07,75,44,119
2012-10-08,73,43,116
2012-10-09,89,53,142
2012-10-10,75,47,122
2012-10-11,76,50,126
2012-10-12,72,52,124
2012-10-13,83,49,132
2012-10-14,68,50,118
2012-10-15,90,45,135
2012-10-16,81,45,126
2012-10-17,90,42,132
2012-10-18,75,39,114
2012-10-19,69,46,115
2012-10-20,88,50,138
2012-10-21,63,42,105
2012-10-22,59,42,101
2012-10-23,71,57,128
2012-10-24,70,42,112
2012-10-25,86,57,143
2012-10-26,79,46,125
2012-10-27,84,53,137
2012-10-28,72,42,114
2012-10-29,88,42,130
2012-10-30,74,52,126
2012-10-31,87,47,134
2012-11-01,86,49,135
2012-11-02,79,52,131
2012-11-03,62,41,103
2012-11-04,82,49,131
2012-11-05,92,53,145
2012-11-06,79,57,136
2012-11-07,80,49,129
2012-11-08,82,48,130
2012-11-09,78,62,140
2012-11-10,82,58,140
2012-11-11,82,48,130
2012-11-12,91,54,145
2012-11-13,81,45,126
2012-11-14,66,55,121
2012-11-15,86,47,133
2012-11-16,77,54,131
2012-11-17,71,41,112
2012-11-18,74,49,123
2012-11-19,71,53,124
2012-11-20,104,77,181
2012-11-21,69,39,108
2012-11-22,81,40,121
2012-11-23,87,54,141
2012-11-24,96,40,136
2012-11-25,90,53,143
2012-11-26,94,49,143
2012-11-27,75,62,137
2012-11-28,79,66,145
2012-11-29,107,60,167
2012-11-30,81,51,132
2012-12-01,106,44,150
2012-12-02,94,67,161
2012-12-03,73,43,116
2012-12-04,86,40,126
2012-12-05,81,56,137
2012-12-06,73,45,118
2012-12-07,89,52,141
2012-12-08,85,48,133
2012-12-09,84,50,134
2012-12-10,86,66,152
2012-12-11,85,48,133
2012-12-12,78,50,128
2012-12-13,75,35,110
2012-12-14,79,59,138
2012-12-15,76,44,120
2012-12-16,83,55,138
2012-12-17,78,40,118
2012-12-18,97,47,144
2012-12-19,85,37,122
2012-12-20,95,43,138
2012-12-21,66,48,114
2012-12-22,84,48,132
2012-12-23,69,47,116
2012-12-24,69,62,131
2012-12-25,83,49,132
2012-12-26,91,63,154
2012-12-27,72,37,109
2012-12-28,100,49,149
2012-12-29,81,50,131
2012-12-30,83,55,138
2012-12-31,90,52,142
2013-01-01,93,64,157
2013-01-02,91,48,139
2013-01-03,86,63,149
2013-01-04,84,64,148
2013-01-05,101,51,152
2013-01-06,104,58,162
2013-01-07,96,63,159
2013-01-08,100,71,171
2013-01-09,111,65,176
2013-01-10,98,67,165
2013-01-11,108,75,183
2013-01-12,80,62,142
2013-01-13,85,50,135
2013-01-14,93,56,149
2013-01-15,108,51,159
2013-01-16,90,48,138
2013-01-17,88,71,159
2013-01-18,76,47,123
2013-01-19,85,60,145
2013-01-20,94,42,136
2013-01-21,86,50,136
2013-01-22,81,49,130
2013-01-23,78,54,132
2013-01-24,72,60,132
2013-01-25,84,50,134
2013-01-26,93,44,137
2013-01-27,101,36,137
2013-01-28,99,51,150
2013-01-29,90,46,136
2013-01-30,86,52,138
2013-01-31,86,52,138
2013-02-01,89,39,128
2013-02-02,81,48,129
2013-02-03,90,41,131
2013-02-04,89,45,134
2013-02-05,102,50,152
2013-02-06,84,45,129
2013-02-07,85,46,131
2013-02-08,81,57,138
2013-02-09,108,36,144
2013-02-10,87,50,137
2013-02-11,89,59,148
2013-02-12,86,62,148
2013-02-13,81,54,135
2013-02-14,85,54,139
2013-02-15,89,69,158
2013-02-16,83,52,135
2013-02-17,78,52,130
2013-02-18,83,65,148
2013-02-19,78,53,131
2013-02-20,79,48,127
2013-02-21,73,53,126
2013-02-22,82,52,134
2013-02-23,85,69,154
2013-02-24,75,39,114
2013-02-25,83,38,121
2013-02-26,77,51,128
2013-02-27,66,51,117
2013-02-28,79,49,128
2013-03-01,87,42,129
2013-03-02,76,51,127
2013-03-03,93,55,148
2013-03-04,73,49,122
2013-03-05,84,43,127
2013-03-06,67,59,126
2013-03-07,80,55,135
2013-03-08,74,48,122
2013-03-09,66,53,119
2013-03-10,71,41,112
2013-03-11,82,50,132
2013-03-12,82,55,137
2013-03-13,59,39,98
2013-03-14,62,42,104
2013-03-15,72,38,110
2013-03-16,61,57,118
2013-03-17,63,34,97
2013-03-18,75,37,112
2013-03-19,71,46,117
2013-03-20,76,57,133
2013-03-21,63,46,109
2013-03-22,67,35,102
2013-03-23,62,43,105
2013-03-24,67,40,107
2013-03-25,53,49,102
2013-03-26,66,38,104
2013-03-27,69,41,110
2013-03-28,77,54,131
2013-03-29,69,38,107
2013-03-30,79,47,126
2013-03-31,59,43,102
2013-04-01,80,49,129
2013-04-02,74,36,110
2013-04-03,73,46,119
2013-04-04,61,56,117
2013-04-05,71,45,116
2013-04-06,90,46,136
2013-04-07,87,42,129
2013-04-08,65,44,109
2013-04-09,63,60,123
2013-04-10,70,41,111
2013-04-11,68,45,113
2013-04-12,57,46,103
2013-04-13,64,45,109
2013-04-14,66,37,103
2013-04-15,72,40,112
2013-04-16,70,52,122
2013-04-17,91,48,139
2013-04-18,55,40,95
2013-04-19,55,39,94
2013-04-20,64,40,104
2013-04-21,77,44,121
2013-04-22,59,40,99
2013-04-23,73,32,105
2013-04-24,67,52,119
2013-04-25,76,48,124
2013-04-26,72,37,109
2013-04-27,54,47,101
2013-04-28,63,36,99
2013-04-29,72,49,121
2013-04-30,68,49,117
2013-05-01,68,47,115
2013-05-02,71,54,125
2013-05-03,59,35,94
2013-05-04,75,50,125
2013-05-05,60,73,133
2013-05-06,70,42,112
2013-05-07,83,41,124
2013-05-08,70,46,116
2013-05-09,79,41,120
2013-05-10,65,44,109
2013-05-11,53,40,93
2013-05-12,54,40,94
2013-05-13,66,40,106
2013-05-14,64,47,111
2013-05-15,65,33,98
2013-05-16,66,46,112
2013-05-17,79,66,145
2013-05-18,62,45,107
2013-05-19,72,49,121
2013-05-20,105,46,151
2013-05-21,66,56,122
2013-05-22,80,54,134
2013-05-23,79,66,145
2013-05-24,106,67,173
2013-05-25,92,83,175
2013-05-26,89,72,161
2013-05-27,87,46,133
2013-05-28,86,51,137
2013-05-29,67,59,126
2013-05-30,91,44,135
2013-05-31,70,31,101
2013-06-01,74,49,123
2013-06-02,57,37,94
2013-06-03,71,42,113
2013-06-04,68,47,115
2013-06-05,88,30,118
2013-06-06,80,46,126
2013-06-07,68,33,101
2013-06-08,71,43,114
2013-06-09,67,40,107
2013-06-10,82,35,117
2013-06-11,69,41,110
2013-06-12,65,45,110
2013-06-13,66,40,106
2013-06-14,65,42,107
2013-06-15,54,37,91
2013-06-16,62,38,100
2013-06-17,58,33,91
2013-06-18,57,36,93
2013-06-19,61,33,94
2013-06-20,62,44,106
2013-06-21,81,36,117
2013-06-22,68,48,116
2013-06-23,83,58,141
2013-06-24,80,51,131
2013-06-25,66,39,105
2013-06-26,68,45,113
2013-06-27,62,48,110
2013-06-28,69,37,106
2013-06-29,99,43,142
2013-06-30,76,47,123
2013-07-01,69,44,113
2013-07-02,82,48,130
2013-07-03,81,31,112
2013-07-04,66,55,121
2013-07-05,69,37,106
2013-07-06,59,46,105
2013-07-07,83,44,127
2013-07-08,86,42,128
2013-07-09,62,43,105
2013-07-10,79,51,130
2013-07-11,90,51,141
2013-07-12,78,53,131
2013-07-13,68,52,120
2013-07-14,74,44,118
2013-07-15,86,59,145
2013-07-16,90,48,138
2013-07-17,61,61,122
2013-07-18,81,58,139
2013-07-19,57,67,124
2013-07-20,75,54,129
2013-07-21,78,34,112
2013-07-22,68,59,127
2013-07-23,94,47,141
2013-07-24,87,47,134
2013-07-25,86,47,133
2013-07-26,83,48,131
2013-07-27,86,38,124
2013-07-28,82,54,136
2013-07-29,81,57,138
2013-07-30,68,45,113
2013-07-31,81,44,125
2013-08-01,88,66,154
2013-08-02,90,53,143
2013-08-03,69,59,128
2013-08-04,71,42,113
2013-08-05,81,60,141
2013-08-06,88,51,139
2013-08-07,70,44,114
2013-08-08,76,40,116
2013-08-09,66,46,112
2013-08-10,77,47,124
2013-08-11,67,44,111
2013-08-12,74,51,125
2013-08-13,71,44,115
2013-08-14,76,55,131
2013-08-15,76,40,116
2013-08-16,79,36,115
2013-08-17,61,47,108
2013-08-18,74,40,114
2013-08-19,75,41,116
2013-08-20,73,48,121
2013-08-21,88,58,146
2013-08-22,61,34,95
2013-08-23,76,45,121
2013-08-24,74,39,113
2013-08-25,82,59,141
2013-08-26,89,50,139
2013-08-27,76,29,105
2013-08-28,71,52,123
2013-08-29,67,44,111
2013-08-30,52,51,103
2013-08-31,68,44,112
2013-09-01,74,54,128
2013-09-02,88,55,143
2013-09-03,66,47,113
2013-09-04,84,52,136
2013-09-05,82,46,128
2013-09-06,71,59,130
2013-09-07,66,45,111
2013-09-08,75,73,148
2013-09-09,75,56,131
2013-09-10,71,54,125
2013-09-11,90,44,134
2013-09-12,78,48,126
2013-09-13,73,50,123
2013-09-14,64,51,115
2013-09-15,80,51,131
2013-09-16,71,53,124
2013-09-17,79,57,136
2013-09-18,83,52,135
2013-09-19,61,49,110
2013-09-20,75,49,124
2013-09-21,67,63,130
2013-09-22,65,42,107
2013-09-23,73,50,123
2013-09-24,82,53,135
2013-09-25,65,42,107
2013-09-26,70,45,115
2013-09-27,66,65,131
2013-09-28,68,56,124
2013-09-29,71,44,115
2013-09-30,66,56,122
2013-10-01,72,52,124
2013-10-02,72,36,108
2013-10-03,74,60,134
2013-10-04,79,36,115
2013-10-05,71,51,122
2013-10-06,55,36,91
2013-10-07,75,68,143
2013-10-08,67,42,109
2013-10-09,89,34,123
2013-10-10,76,52,128
2013-10-11,61,49,110
2013-10-12,67,48,115
2013-10-13,69,59,128
2013-10-14,79,44,123
2013-10-15,63,43,106
2013-10-16,55,64,119
2013-10-17,82,38,120
2013-10-18,82,50,132
2013-10-19,83,49,132
2013-10-20,75,58,133
2013-10-21,88,45,133
2013-10-22,82,53,135
2013-10-23,81,50,131
2013-10-24,75,36,111
2013-10-25,87,45,132
2013-10-26,79,47,126
2013-10-27,71,52,123
2013-10-28,91,57,148
2013-10-29,75,39,114
2013-10-30,95,51,146
2013-10-31,84,60,144
2013-11-01,75,47,122
2013-11-02,84,55,139
2013-11-03,104,44,148
2013-11-04,84,51,135
2013-11-05,89,58,147
2013-11-06,81,61,142
2013-11-07,92,63,155
2013-11-08,99,45,144
2013-11-09,73,52,125
2013-11-10,91,49,140
2013-11-11,72,62,134
2013-11-12,86,53,139
2013-11-13,94,50,144
2013-11-14,79,46,125
2013-11-15,93,61,154
2013-11-16,99,47,146
2013-11-17,88,58,146
2013-11-18,88,37,125
2013-11-19,92,57,149
2013-11-20,87,75,162
2013-11-21,100,53,153
2013-11-22,111,49,160
2013-11-23,89,55,144
2013-11-24,101,53,154
2013-11-25,77,52,129
2013-11-26,98,52,150
2013-11-27,79,55,134
2013-11-28,94,51,145
2013-11-29,85,54,139
2013-11-30,65,50,115
2013-12-01,82,48,130
2013-12-02,84,50,134
2013-12-03,72,62,134
2013-12-04,78,40,118
2013-12-05,89,48,137
2013-12-06,70,42,112
2013-12-07,92,43,135
2013-12-08,58,58,116
2013-12-09,69,43,112
2013-12-10,64,55,119
2013-12-11,83,46,129
2013-12-12,82,46,128
2013-12-13,69,40,109
2013-12-14,97,50,147
2013-12-15,85,51,136
2013-12-16,100,49,149
2013-12-17,85,40,125
2013-12-18,74,50,124
2013-12-19,82,52,134
2013-12-20,77,70,147
2013-12-21,86,40,126
2013-12-22,72,41,113
2013-12-23,69,52,121
2013-12-24,94,52,146
2013-12-25,102,52,154
2013-12-26,83,49,132
2013-12-27,99,57,156
2013-12-28,70,44,114
2013-12-29,91,51,142
2013-12-30,101,45,146
2013-12-31,86,48,134
2014-01-01,102,41,143
2014-01-02,71,64,135
2014-01-03,103,51,154
2014-01-04,90,64,154
2014-01-05,90,63,153
2014-01-06,76,59,135
2014-01-07,76,53,129
2014-01-08,89,61,150
2014-01-09,101,43,144
2014-01-10,78,70,148
2014-01-11,71,66,137
2014-01-12,100,60,160
2014-01-13,89,53,142
2014-01-14,83,50,133
2014-01-15,101,71,172
2014-01-16,88,55,143
2014-01-17,89,38,127
2014-01-18,95,54,149
2014-01-19,79,55,134
2014-01-20,84,60,144
2014-01-21,74,41,115
2014-01-22,74,37,111
2014-01-23,100,42,142
2014-01-24,88,49,137
2014-01-25,73,51,124
2014-01-26,91,45,136
2014-01-27,77,55,132
2014-01-28,77,60,137
2014-01-29,96,55,151
2014-01-30,91,50,141
2014-01-31,87,56,143
2014-02-01,92,50,142
2014-02-02,71,61,132
2014-02-03,88,55,143
2014-02-04,94,60,154
2014-02-05,72,53,125
2014-02-06,84,67,151
2014-02-07,71,54,125
2014-02-08,74,40,114
2014-02-09,88,45,133
2014-02-10,87,44,131
2014-02-11,72,46,118
2014-02-12,79,49,128
2014-02-13,78,37,115
2014-02-14,72,50,122
2014-02-15,91,48,139
2014-02-16,84,56,140
2014-02-17,96,53,149
2014-02-18,79,54,133
2014-02-19,85,45,130
2014-02-20,86,54,140
2014-02-21,96,54,150
2014-02-22,70,49,119
2014-02-23,82,67,149
2014-02-24,84,53,137
2014-02-25,94,63,157
2014-02-26,76,52,128
2014-02-27,88,48,136
2014-02-28,84,42,126
2014-03-01,126,47,173
2014-03-02,86,60,146
2014-03-03,70,51,121
2014-03-04,77,62,139
2014-03-05,67,55,122
2014-03-06,85,49,134
2014-03-07,95,56,151
2014-03-08,84,63,147
2014-03-09,85,39,124
2014-03-10,84,53,137
2014-03-11,77,57,134
2014-03-12,71,42,113
2014-03-13,58,42,100
2014-03-14,85,44,129
2014-03-15,81,46,127
2014-03-16,66,40,106
2014-03-17,86,56,142
2014-03-18,100,60,160
2014-03-19,85,47,132
2014-03-20,90,53,143
2014-03-21,73,58,131
2014-03-22,72,48,120
2014-03-23,69,52,121
2014-03-24,72,53,125
2014-03-25,85,38,123
2014-03-26,79,48,127
2014-03-27,53,47,100
2014-03-28,89,34,123
2014-03-29,78,39,117
2014-03-30,51,32,83
2014-03-31,68,53,121
2014-04-01,65,60,125
2014-04-02,76,45,121
2014-04-03,62,48,110
2014-04-04,73,46,119
2014-04-05,73,51,124
2014-04-06,63,44,107
2014-04-07,73,37,110
2014-04-08,52,41,93
2014-04-09,60,37,97
2014-04-10,72,40,112
2014-04-11,76,41,117
2014-04-12,85,51,136
2014-04-13,63,51,114
2014-04-14,73,52,125
2014-04-15,84,38,122
2014-04-16,72,48,120
2014-04-17,59,37,96
2014-04-18,73,45,118
2014-04-19,57,42,99
2014-04-20,65,57,122
2014-04-21,79,38,117
2014-04-22,61,43,104
2014-04-23,62,60,122
2014-04-24,77,53,130
2014-04-25,67,46,113
2014-04-26,72,58,130
2014-04-27,79,48,127
2014-04-28,74,56,130
2014-04-29,111,46,157
2014-04-30,71,55,126
2014-05-01,76,65,141
2014-05-02,64,56,120
2014-05-03,77,50,127
2014-05-04,77,44,121
2014-05-05,81,48,129
2014-05-06,74,52,126
2014-05-07,69,44,113
2014-05-08,70,55,125
2014-05-09,88,47,135
2014-05-10,71,41,112
2014-05-11,52,37,89
2014-05-12,69,42,111
2014-05-13,68,43,111
2014-05-14,56,42,98
2014-05-15,67,49,116
2014-05-16,41,35,76
2014-05-17,82,43,125
2014-05-18,78,38,116
2014-05-19,71,28,99
2014-05-20,76,59,135
2014-05-21,80,38,118
2014-05-22,57,41,98
2014-05-23,72,46,118
2014-05-24,69,40,109
2014-05-25,57,39,96
2014-05-26,55,43,98
2014-05-27,77,45,122
2014-05-28,63,42,105
2014-05-29,53,53,106
2014-05-30,94,61,155
2014-05-31,84,55,139
2014-06-01,71,39,110
2014-06-02,74,51,125
2014-06-03,54,48,102
2014-06-04,67,37,104
2014-06-05,94,54,148
2014-06-06,80,53,133
2014-06-07,94,59,153
2014-06-08,101,54,155
2014-06-09,100,72,172
2014-06-10,128,75,203
2014-06-11,90,71,161
2014-06-12,96,65,161
2014-06-13,81,42,123
2014-06-14,79,48,127
2014-06-15,86,41,127
2014-06-16,81,36,117
2014-06-17,79,62,141
2014-06-18,101,43,144
2014-06-19,78,43,121
2014-06-20,82,45,127
2014-06-21,95,64,159
2014-06-22,81,31,112
2014-06-23,65,30,95
2014-06-24,73,57,130
2014-06-25,60,41,101
2014-06-26,67,49,116
2014-06-27,69,49,118
2014-06-28,94,34,128
2014-06-29,85,42,127
2014-06-30,55,40,95
2014-07-01,71,48,119
2014-07-02,74,40,114
2014-07-03,70,46,116
2014-07-04,68,28,96
2014-07-05,81,51,132
2014-07-06,66,42,108
2014-07-07,83,52,135
2014-07-08,67,44,111
2014-07-09,77,48,125
2014-07-10,89,56,145
2014-07-11,102,66,168
2014-07-12,106,65,171
2014-07-13,87,53,140
2014-07-14,62,35,97
2014-07-15,88,57,145
2014-07-16,78,39,117
2014-07-17,85,50,135
2014-07-18,74,39,113
2014-07-19,79,48,127
2014-07-20,70,46,116
2014-07-21,66,37,103
2014-07-22,81,43,124
2014-07-23,72,41,113
2014-07-24,80,46,126
2014-07-25,80,58,138
2014-07-26,74,49,123
2014-07-27,75,52,127
2014-07-28,52,45,97
2014-07-29,77,38,115
2014-07-30,78,37,115
2014-07-31,81,51,132
2014-08-01,73,45,118
2014-08-02,72,44,116
2014-08-03,63,40,103
2014-08-04,78,56,134
2014-08-05,79,40,119
2014-08-06,96,44,140
2014-08-07,69,45,114
2014-08-08,93,43,136
2014-08-09,76,45,121
2014-08-10,73,31,104
2014-08-11,77,45,122
2014-08-12,92,54,146
2014-08-13,81,46,127
2014-08-14,92,32,124
2014-08-15,81,50,131
2014-08-16,64,46,110
2014-08-17,72,40,112
2014-08-18,86,61,147
2014-08-19,72,40,112
2014-08-20,85,56,141
2014-08-21,68,47,115
2014-08-22,79,41,120
2014-08-23,78,58,136
2014-08-24,81,64,145
2014-08-25,78,55,133
2014-08-26,88,55,143
2014-08-27,73,42,115
2014-08-28,76,33,109
2014-08-29,63,57,120
2014-08-30,68,48,116
2014-08-31,56,38,94
2014-09-01,77,38,115
2014-09-02,72,50,122
2014-09-03,77,49,126
2014-09-04,59,43,102
2014-09-05,69,54,123
2014-09-06,54,46,100
2014-09-07,80,43,123
2014-09-08,69,46,115
2014-09-09,87,60,147
2014-09-10,72,39,111
2014-09-11,70,30,100
2014-09-12,73,41,114
2014-09-13,62,44,106
2014-09-14,75,36,111
2014-09-15,73,42,115
2014-09-16,68,35,103
2014-09-17,86,45,131
2014-09-18,80,46,126
2014-09-19,77,48,125
2014-09-20,71,31,102
2014-09-21,72,29,101
2014-09-22,97,44,141
2014-09-23,63,45,108
2014-09-24,76,37,113
2014-09-25,80,50,130
2014-09-26,78,50,128
2014-09-27,57,39,96
2014-09-28,84,50,134
2014-09-29,74,42,116
2014-09-30,85,62,147
2014-10-01,90,26,116
2014-10-02,77,50,127
2014-10-03,69,50,119
2014-10-04,78,50,128
2014-10-05,70,50,120
2014-10-06,59,41,100
2014-10-07,71,51,122
2014-10-08,70,35,105
2014-10-09,88,48,136
2014-10-10,70,54,124
2014-10-11,63,48,111
2014-10-12,68,50,118
2014-10-13,79,38,117
2014-10-14,64,46,110
2014-10-15,59,41,100
2014-10-16,56,52,108
2014-10-17,61,34,95
2014-10-18,73,49,122
2014-10-19,81,45,126
2014-10-20,79,53,132
2014-10-21,68,47,115
2014-10-22,94,50,144
2014-10-23,79,54,133
2014-10-24,76,56,132
2014-10-25,80,42,122
2014-10-26,63,42,105
2014-10-27,94,57,151
2014-10-28,80,51,131
2014-10-29,72,41,113
2014-10-30,70,50,120
2014-10-31,79,45,124
2014-11-01,79,47,126
2014-11-02,80,43,123
2014-11-03,93,50,143
2014-11-04,87,56,143
2014-11-05,84,50,134
2014-11-06,80,51,131
2014-11-07,88,54,142
2014-11-08,79,69,148
2014-11-09,84,60,144
2014-11-10,100,54,154
2014-11-11,69,57,126
2014-11-12,68,44,112
2014-11-13,80,45,125
2014-11-14,88,51,139
2014-11-15,86,28,114
2014-11-16,87,54,141
2014-11-17,97,53,150
2014-11-18,97,43,140
2014-11-19,89,49,138
2014-11-20,96,54,150
2014-11-21,78,48,126
2014-11-22,86,47,133
2014-11-23,79,69,148
2014-11-24,87,55,142
2014-11-25,95,38,133
2014-11-26,80,64,144
2014-11-27,94,60,154
2014-11-28,84,53,137
2014-11-29,98,58,156
2014-11-30,101,55,156
2014-12-01,80,58,138
2014-12-02,84,55,139
2014-12-03,85,53,138
2014-12-04,78,52,130
2014-12-05,110,64,174
2014-12-06,89,38,127
2014-12-07,68,47,115
2014-12-08,80,53,133
2014-12-09,88,76,164
2014-12-10,92,53,145
2014-12-11,80,61,141
2014-12-12,87,54,141
2014-12-13,104,58,162
2014-12-14,82,58,140
2014-12-15,79,45,124
2014-12-16,85,51,136
2014-12-17,80,58,138
2014-12-18,84,60,144
2014-12-19,77,61,138
2014-12-20,94,42,136
2014-12-21,84,53,137
2014-12-22,101,66,167
2014-12-23,92,71,163
2014-12-24,90,62,152
2014-12-25,99,65,164
2014-12-26,106,54,160
2014-12-27,81,45,126
2014-12-28,107,44,151
2014-12-29,81,59,140
2014-12-30,90,69,159
2014-12-31,86,53,139
2015-01-01,111,72,183
2015-01-02,98,50,148
2015-01-03,100,54,154
2015-01-04,83,61,144
2015-01-05,91,77,168
2015-01-06,101,57,158
2015-01-07,76,59,135
2015-01-08,80,65,145
2015-01-09,109,60,169
2015-01-10,102,64,166
2015-01-11,107,46,153
2015-01-12,100,55,155
2015-01-13,88,76,164
2015-01-14,100,51,151
2015-01-15,116,58,174
2015-01-16,94,54,148
2015-01-17,81,51,132
2015-01-18,91,63,154
2015-01-19,81,62,143
2015-01-20,75,64,139
2015-01-21,93,61,154
2015-01-22,87,73,160
2015-01-23,85,70,155
2015-01-24,83,55,138
2015-01-25,90,53,143
2015-01-26,110,66,176
2015-01-27,112,63,175
2015-01-28,99,66,165
2015-01-29,110,62,172
2015-01-30,91,46,137
2015-01-31,103,64,167
2015-02-01,91,53,144
2015-02-02,126,74,200
2015-02-03,81,65,146
2015-02-04,87,64,151
2015-02-05,89,54,143
2015-02-06,91,77,168
2015-02-07,103,56,159
2015-02-08,85,48,133
2015-02-09,79,74,153
2015-02-10,103,57,160
2015-02-11,106,52,158
2015-02-12,93,59,152
2015-02-13,96,67,163
2015-02-14,122,63,185
2015-02-15,110,52,162
2015-02-16,102,77,179
2015-02-17,89,60,149
2015-02-18,97,60,157
2015-02-19,91,64,155
2015-02-20,100,58,158
2015-02-21,65,48,113
2015-02-22,82,69,151
2015-02-23,88,59,147
2015-02-24,96,65,161
2015-02-25,81,51,132
2015-02-26,83,64,147
2015-02-27,98,51,149
2015-02-28,99,61,160
2015-03-01,75,58,133
2015-03-02,75,57,132
2015-03-03,93,51,144
2015-03-04,89,53,142
2015-03-05,84,57,141
2015-03-06,78,59,137
2015-03-07,103,52,155
2015-03-08,70,58,128
2015-03-09,88,71,159
2015-03-10,77,57,134
2015-03-11,75,43,118
2015-03-12,81,57,138
2015-03-13,77,63,140
2015-03-14,72,66,138
2015-03-15,91,49,140
2015-03-16,61,53,114
2015-03-17,94,56,150
2015-03-18,75,41,116
2015-03-19,65,58,123
2015-03-20,80,48,128
2015-03-21,75,40,115
2015-03-22,77,54,131
2015-03-23,77,50,127
2015-03-24,56,39,95
2015-03-25,74,56,130
2015-03-26,89,59,148
2015-03-27,66,50,116
2015-03-28,75,52,127
2015-03-29,88,43,131
2015-03-30,61,36,97
2015-03-31,64,51,115
2015-04-01,83,48,131
2015-04-02,75,59,134
2015-04-03,61,36,97
2015-04-04,64,43,107
2015-04-05,75,42,117
2015-04-06,64,56,120
2015-04-07,55,42,97
2015-04-08,67,36,103
2015-04-09,66,36,102
2015-04-10,76,42,118
2015-04-11,75,40,115
2015-04-12,56,43,99
2015-04-13,78,58,136
2015-04-14,75,31,106
2015-04-15,85,44,129
2015-04-16,69,51,120
2015-04-17,69,38,107
2015-04-18,83,46,129
2015-04-19,77,38,115
2015-04-20,93,47,140
2015-04-21,70,59,129
2015-04-22,80,49,129
2015-04-23,73,41,114
2015-04-24,87,50,137
2015-04-25,68,53,121
2015-04-26,62,38,100
2015-04-27,62,41,103
2015-04-28,73,46,119
2015-04-29,77,39,116
2015-04-30,67,49,116
2015-05-01,73,50,123
2015-05-02,69,46,115
2015-05-03,70,50,120
2015-05-04,74,43,117
2015-05-05,70,48,118
2015-05-06,75,45,120
2015-05-07,61,61,122
2015-05-08,97,54,151
2015-05-09,95,59,154
2015-05-10,73,55,128
2015-05-11,63,50,113
2015-05-12,86,42,128
2015-05-13,63,56,119
2015-05-14,70,39,109
2015-05-15,82,43,125
2015-05-16,75,54,129
2015-05-17,54,52,106
2015-05-18,75,50,125
2015-05-19,58,59,117
2015-05-20,81,28,109
2015-05-21,78,41,119
2015-05-22,87,56,143
2015-05-23,74,51,125
2015-05-24,68,56,124
2015-05-25,81,53,134
2015-05-26,77,49,126
2015-05-27,88,41,129
2015-05-28,92,66,158
2015-05-29,87,54,141
2015-05-30,77,35,112
2015-05-31,55,42,97
2015-06-01,72,36,108
2015-06-02,80,38,118
2015-06-03,72,43,115
2015-06-04,52,54,106
2015-06-05,80,40,120
2015-06-06,68,46,114
2015-06-07,62,55,117
2015-06-08,78,52,130
2015-06-09,83,59,142
2015-06-10,70,47,117
2015-06-11,81,43,124
2015-06-12,84,46,130
2015-06-13,64,42,106
2015-06-14,61,47,108
2015-06-15,91,48,139
2015-06-16,77,38,115
2015-06-17,66,44,110
2015-06-18,64,62,126
2015-06-19,87,36,123
2015-06-20,57,41,98
2015-06-21,68,35,103
2015-06-22,55,32,87
2015-06-23,72,35,107
2015-06-24,71,36,107
2015-06-25,46,32,78
2015-06-26,55,40,95
2015-06-27,65,48,113
2015-06-28,66,44,110
2015-06-29,65,41,106
2015-06-30,75,41,116
2015-07-01,70,36,106
2015-07-02,63,43,106
2015-07-03,67,31,98
2015-07-04,62,40,102
2015-07-05,68,44,112
2015-07-06,74,44,118
2015-07-07,61,54,115
2015-07-08,65,39,104
2015-07-09,62,41,103
2015-07-10,69,47,116
2015-07-11,51,41,92
2015-07-12,66,39,105
2015-07-13,82,46,128
2015-07-14,78,40,118
2015-07-15,75,43,118
2015-07-16,83,32,115
2015-07-17,65,44,109
2015-07-18,67,32,99
2015-07-19,49,42,91
2015-07-20,71,36,107
2015-07-21,70,47,117
2015-07-22,63,42,105
2015-07-23,54,43,97
2015-07-24,77,50,127
2015-07-25,85,52,137
2015-07-26,77,42,119
2015-07-27,57,44,101
2015-07-28,68,46,114
2015-07-29,60,43,103
2015-07-30,79,38,117
2015-07-31,65,46,111
2015-08-01,71,46,117
2015-08-02,84,39,123
2015-08-03,66,45,111
2015-08-04,89,42,131
2015-08-05,72,50,122
2015-08-06,65,56,121
2015-08-07,84,37,121
2015-08-08,82,44,126
2015-08-09,59,37,96
2015-08-10,79,45,124
2015-08-11,61,50,111
2015-08-12,85,49,134
2015-08-13,95,59,154
2015-08-14,94,60,154
2015-08-15,69,49,118
2015-08-16,59,33,92
2015-08-17,89,59,148
2015-08-18,83,41,124
2015-08-19,81,57,138
2015-08-20,98,50,148
2015-08-21,91,52,143
2015-08-22,81,48,129
2015-08-23,67,65,132
2015-08-24,65,66,131
2015-08-25,91,55,146
2015-08-26,57,73,130
2015-08-27,87,49,136
2015-08-28,90,65,155
2015-08-29,77,61,138
2015-08-30,93,55,148
2015-08-31,96,54,150
2015-09-01,82,52,134
2015-09-02,98,75,173
2015-09-03,94,72,166
2015-09-04,86,69,155
2015-09-05,91,63,154
2015-09-06,90,63,153
2015-09-07,105,77,182
2015-09-08,95,78,173
2015-09-09,98,71,169
2015-09-10,86,72,158
2015-09-11,100,69,169
2015-09-12,91,58,149
2015-09-13,92,65,157
2015-09-14,81,56,137
2015-09-15,108,80,188
2015-09-16,90,64,154
2015-09-17,85,58,143
2015-09-18,79,62,141
2015-09-19,71,53,124
2015-09-20,93,60,153
2015-09-21,89,55,144
2015-09-22,71,44,115
2015-09-23,93,57,150
2015-09-24,99,50,149
2015-09-25,90,56,146
2015-09-26,79,60,139
2015-09-27,78,46,124
2015-09-28,80,53,133
2015-09-29,80,58,138
2015-09-30,63,53,116
2015-10-01,68,50,118
2015-10-02,74,55,129
2015-10-03,79,50,129
2015-10-04,75,55,130
2015-10-05,72,55,127
2015-10-06,68,58,126
2015-10-07,95,59,154
2015-10-08,73,41,114
2015-10-09,82,57,139
2015-10-10,89,56,145
2015-10-11,60,50,110
2015-10-12,86,50,136
2015-10-13,73,54,127
2015-10-14,72,45,117
2015-10-15,78,50,128
2015-10-16,84,65,149
2015-10-17,68,65,133
2015-10-18,81,60,141
2015-10-19,80,53,133
2015-10-20,83,61,144
2015-10-21,77,36,113
2015-10-22,77,56,133
2015-10-23,70,52,122
2015-10-24,71,45,116
2015-10-25,76,56,132
2015-10-26,95,55,150
2015-10-27,93,48,141
2015-10-28,79,51,130
2015-10-29,88,50,138
2015-10-30,90,61,151
2015-10-31,82,63,145
2015-11-01,81,47,128
2015-11-02,96,49,145
2015-11-03,82,45,127
2015-11-04,88,63,151
2015-11-05,77,44,121
2015-11-06,76,47,123
2015-11-07,83,44,127
2015-11-08,70,40,110
2015-11-09,106,45,151
2015-11-10,73,59,132
2015-11-11,76,51,127
2015-11-12,94,42,136
2015-11-13,83,58,141
2015-11-14,93,51,144
2015-11-15,85,57,142
2015-11-16,112,46,158
2015-11-17,95,50,145
2015-11-18,80,55,135
2015-11-19,81,54,135
2015-11-20,94,58,152
2015-11-21,104,57,161
2015-11-22,88,62,150
2015-11-23,86,45,131
2015-11-24,86,60,146
2015-11-25,86,47,133
2015-11-26,79,49,128
2015-11-27,103,48,151
2015-11-28,95,59,154
2015-11-29,94,60,154
2015-11-30,87,54,141
2015-12-01,106,58,164
2015-12-02,104,68,172
2015-12-03,94,58,152
2015-12-04,85,42,127
2015-12-05,99,77,176
2015-12-06,107,43,150
2015-12-07,88,53,141
2015-12-08,76,67,143
2015-12-09,81,49,130
2015-12-10,86,63,149
2015-12-11,88,49,137
2015-12-12,83,41,124
2015-12-13,98,55,153
2015-12-14,100,38,138
2015-12-15,101,55,156
2015-12-16,89,63,152
2015-12-17,108,61,169
2015-12-18,97,50,147
2015-12-19,74,60,134
2015-12-20,106,65,171
2015-12-21,105,63,168
2015-12-22,109,58,167
2015-12-23,120,73,193
2015-12-24,78,63,141
2015-12-25,80,63,143
2015-12-26,109,66,175
2015-12-27,103,65,168
2015-12-28,113,66,179
2015-12-29,101,69,170
2015-12-30,89,75,164
2015-12-31,115,79,194
2016-01-01,97,76,173
2016-01-02,95,67,162
2016-01-03,96,76,172
2016-01-04,104,62,166
2016-01-05,92,70,162
2016-01-06,101,61,162
2016-01-07,96,64,160
2016-01-08,93,67,160
2016-01-09,83,64,147
2016-01-10,86,64,150
2016-01-11,103,68,171
2016-01-12,86,69,155
2016-01-13,75,64,139
2016-01-14,100,74,174
2016-01-15,89,50,139
2016-01-16,85,58,143
2016-01-17,101,67,168
2016-01-18,97,57,154
2016-01-19,91,78,169
2016-01-20,96,71,167
2016-01-21,112,56,168
2016-01-22,107,55,162
2016-01-23,90,63,153
2016-01-24,99,52,151
2016-01-25,85,60,145
2016-01-26,124,52,176
2016-01-27,105,74,179
2016-01-28,111,75,186
2016-01-29,100,51,151
2016-01-30,113,65,178
2016-01-31,84,69,153
2016-02-01,99,58,157
2016-02-02,100,49,149
2016-02-03,99,53,152
2016-02-04,95,53,148
2016-02-05,96,54,150
2016-02-06,98,53,151
2016-02-07,77,49,126
2016-02-08,101,60,161
2016-02-09,93,57,150
2016-02-10,94,61,155
2016-02-11,105,52,157
2016-02-12,75,66,141
2016-02-13,99,59,158
2016-02-14,113,61,174
2016-02-15,88,70,158
2016-02-16,90,65,155
2016-02-17,80,55,135
2016-02-18,88,51,139
2016-02-19,83,54,137
2016-02-20,100,52,152
2016-02-21,61,71,132
2016-02-22,70,51,121
2016-02-23,77,59,136
2016-02-24,90,57,147
2016-02-25,84,54,138
2016-02-26,86,66,152
2016-02-27,90,58,148
2016-02-28,90,50,140
2016-02-29,73,39,112
2016-03-01,86,64,150
2016-03-02,84,54,138
2016-03-03,82,66,148
2016-03-04,89,60,149
2016-03-05,85,55,140
2016-03-06,75,45,120
2016-03-07,66,42,108
2016-03-08,84,54,138
2016-03-09,91,37,128
2016-03-10,75,52,127
2016-03-11,66,56,122
2016-03-12,80,44,124
2016-03-13,80,40,120
2016-03-14,69,60,129
2016-03-15,87,43,130
2016-03-16,88,53,141
2016-03-17,70,61,131
2016-03-18,81,52,133
2016-03-19,84,56,140
2016-03-20,87,41,128
2016-03-21,64,54,118
2016-03-22,64,56,120
2016-03-23,82,33,115
2016-03-24,110,35,145
2016-03-25,75,58,133
2016-03-26,65,54,119
2016-03-27,63,37,100
2016-03-28,69,48,117
2016-03-29,74,58,132
2016-03-30,66,48,114
2016-03-31,76,56,132
2016-04-01,70,48,118
2016-04-02,86,54,140
2016-04-03,68,40,108
2016-04-04,63,44,107
2016-04-05,69,55,124
2016-04-06,69,47,116
2016-04-07,77,46,123
2016-04-08,75,43,118
2016-04-09,89,45,134
2016-04-10,67,56,123
2016-04-11,71,38,109
2016-04-12,91,41,132
2016-04-13,65,42,107
2016-04-14,78,43,121
2016-04-15,90,49,139
2016-04-16,67,49,116
2016-04-17,90,63,153
2016-04-18,90,64,154
2016-04-19,90,57,147
2016-04-20,73,47,120
2016-04-21,81,53,134
2016-04-22,77,47,124
2016-04-23,83,42,125
2016-04-24,58,52,110
2016-04-25,76,59,135
2016-04-26,97,61,158
2016-04-27,85,44,129
2016-04-28,80,57,137
2016-04-29,98,46,144
2016-04-30,66,60,126
2016-05-01,62,52,114
2016-05-02,76,63,139
2016-05-03,97,54,151
2016-05-04,70,58,128
2016-05-05,87,49,136
2016-05-06,90,60,150
2016-05-07,86,45,131
2016-05-08,77,51,128
2016-05-09,88,59,147
2016-05-10,88,54,142
2016-05-11,93,42,135
2016-05-12,83,61,144
2016-05-13,63,42,105
2016-05-14,66,55,121
2016-05-15,67,54,121
2016-05-16,108,68,176
2016-05-17,91,50,141
2016-05-18,93,57,150
2016-05-19,83,75,158
2016-05-20,98,63,161
2016-05-21,87,74,161
2016-05-22,98,42,140
2016-05-23,71,50,121
2016-05-24,76,46,122
2016-05-25,67,48,115
2016-05-26,66,50,116
2016-05-27,99,40,139
2016-05-28,73,57,130
2016-05-29,73,50,123
2016-05-30,62,44,106
2016-05-31,62,44,106
2016-06-01,87,55,142
2016-06-02,81,53,134
2016-06-03,96,55,151
2016-06-04,97,59,156
2016-06-05,90,48,138
2016-06-06,71,43,114
2016-06-07,75,54,129
2016-06-08,78,49,127
2016-06-09,70,55,125
2016-06-10,62,59,121
2016-06-11,76,43,119
2016-06-12,71,65,136
2016-06-13,71,56,127
2016-06-14,70,50,120
2016-06-15,78,43,121
2016-06-16,78,47,125
2016-06-17,63,36,99
2016-06-18,84,56,140
2016-06-19,60,48,108
2016-06-20,72,47,119
2016-06-21,66,31,97
2016-06-22,69,46,115
2016-06-23,71,32,103
2016-06-24,76,50,126
2016-06-25,82,56,138
2016-06-26,88,55,143
2016-06-27,63,42,105
2016-06-28,76,50,126
2016-06-29,75,40,115
2016-06-30,85,41,126
2016-07-01,102,42,144
2016-07-02,70,46,116
2016-07-03,69,40,109
2016-07-04,77,37,114
2016-07-05,74,60,134
2016-07-06,76,50,126
2016-07-07,81,30,111
2016-07-08,68,56,124
2016-07-09,84,55,139
2016-07-10,83,50,133
2016-07-11,88,50,138
2016-07-12,83,59,142
2016-07-13,94,46,140
2016-07-14,90,61,151
2016-07-15,98,44,142
2016-07-16,94,48,142
2016-07-17,76,56,132
2016-07-18,92,53,145
2016-07-19,95,40,135
2016-07-20,107,61,168
2016-07-21,108,59,167
2016-07-22,109,67,176
2016-07-23,109,60,169
2016-07-24,101,66,167
2016-07-25,90,44,134
2016-07-26,107,59,166
2016-07-27,90,54,144
2016-07-28,94,76,170
2016-07-29,106,45,151
2016-07-30,80,69,149
2016-07-31,91,50,141
2016-08-01,79,69,148
2016-08-02,110,78,188
2016-08-03,98,66,164
2016-08-04,99,66,165
2016-08-05,101,49,150
2016-08-06,98,59,157
2016-08-07,84,57,141
2016-08-08,87,69,156
2016-08-09,74,53,127
2016-08-10,98,57,155
2016-08-11,76,43,119
2016-08-12,73,34,107
2016-08-13,83,57,140
2016-08-14,90,58,148
2016-08-15,84,48,132
2016-08-16,90,65,155
2016-08-17,99,59,158
2016-08-18,84,55,139
2016-08-19,88,59,147
2016-08-20,93,59,152
2016-08-21,77,47,124
2016-08-22,96,65,161
2016-08-23,91,47,138
2016-08-24,89,59,148
2016-08-25,108,49,157
2016-08-26,86,53,139
2016-08-27,91,59,150
2016-08-28,91,56,147
2016-08-29,77,60,137
2016-08-30,86,51,137
2016-08-31,81,58,139
2016-09-01,79,68,147
2016-09-02,94,65,159
2016-09-03,98,49,147
2016-09-04,93,56,149
2016-09-05,113,65,178
2016-09-06,111,58,169
2016-09-07,98,53,151
2016-09-08,121,73,194
2016-09-09,117,71,188
2016-09-10,105,93,198
2016-09-11,117,76,193
2016-09-12,127,70,197
2016-09-13,102,83,185
2016-09-14,118,65,183
2016-09-15,133,72,205
2016-09-16,136,86,222
2016-09-17,134,94,228
2016-09-18,110,62,172
2016-09-19,124,77,201
2016-09-20,120,59,179
2016-09-21,127,90,217
2016-09-22,89,69,158
2016-09-23,123,69,192
2016-09-24,104,77,181
2016-09-25,128,66,194
2016-09-26,112,69,181
2016-09-27,104,57,161
2016-09-28,120,61,181
2016-09-29,113,69,182
2016-09-30,113,71,184
2016-10-01,113,65,178
2016-10-02,105,82,187
2016-10-03,83,65,148
2016-10-04,85,67,152
2016-10-05,84,63,147
2016-10-06,98,67,165
2016-10-07,84,57,141
2016-10-08,99,53,152
2016-10-09,82,62,144
2016-10-10,73,54,127
2016-10-11,89,52,141
2016-10-12,86,51,137
2016-10-13,94,61,155
2016-10-14,100,51,151
2016-10-15,112,37,149
2016-10-16,108,57,165
2016-10-17,124,59,183
2016-10-18,100,64,164
2016-10-19,96,56,152
2016-10-20,120,43,163
2016-10-21,104,58,162
2016-10-22,99,63,162
2016-10-23,92,71,163
2016-10-24,107,57,164
2016-10-25,110,64,174
2016-10-26,111,47,158
2016-10-27,101,59,160
2016-10-28,101,62,163
2016-10-29,94,58,152
2016-10-30,90,61,151
2016-10-31,102,45,147
2016-11-01,115,58,173
2016-11-02,108,61,169
2016-11-03,109,58,167
2016-11-04,122,64,186
2016-11-05,86,58,144
2016-11-06,107,64,171
2016-11-07,91,58,149
2016-11-08,103,64,167
2016-11-09,116,60,176
2016-11-10,97,60,157
2016-11-11,112,69,181
2016-11-12,90,62,152
2016-11-13,87,62,149
2016-11-14,105,71,176
2016-11-15,83,64,147
2016-11-16,120,52,172
2016-11-17,115,62,177
2016-11-18,98,56,154
2016-11-19,110,57,167
2016-11-20,89,72,161
2016-11-21,114,62,176
2016-11-22,94,70,164
2016-11-23,77,51,128
2016-11-24,121,67,188
2016-11-25,94,67,161
2016-11-26,95,58,153
2016-11-27,104,71,175
2016-11-28,90,80,170
2016-11-29,89,63,152
2016-11-30,92,52,144
2016-12-01,96,53,149
2016-12-02,96,59,155
2016-12-03,104,55,159
2016-12-04,98,63,161
2016-12-05,78,72,150
2016-12-06,92,51,143
2016-12-07,80,44,124
2016-12-08,119,50,169
2016-12-09,91,62,153
2016-12-10,92,61,153
2016-12-11,75,67,142
2016-12-12,99,50,149
2016-12-13,89,59,148
2016-12-14,82,51,133
2016-12-15,100,56,156
2016-12-16,72,61,133
2016-12-17,86,57,143
2016-12-18,101,57,158
2016-12-19,89,65,154
2016-12-20,88,63,151
2016-12-21,99,59,158
2016-12-22,97,54,151
2016-12-23,70,62,132
2016-12-24,118,64,182
2016-12-25,92,57,149
2016-12-26,83,72,155
2016-12-27,87,77,164
2016-12-28,71,56,127
2016-12-29,105,55,160
2016-12-30,108,56,164
2016-12-31,92,49,141
2017-01-01,91,68,159
2017-01-02,103,74,177
2017-01-03,95,56,151
2017-01-04,89,78,167
2017-01-05,90,55,145
2017-01-06,83,63,146
2017-01-07,97,62,159
2017-01-08,109,64,173
2017-01-09,85,53,138
2017-01-10,112,57,169
2017-01-11,99,55,154
2017-01-12,96,61,157
2017-01-13,107,59,166
2017-01-14,115,74,189
2017-01-15,117,63,180
2017-01-16,86,64,150
2017-01-17,99,59,158
2017-01-18,86,66,152
2017-01-19,87,55,142
2017-01-20,86,52,138
2017-01-21,108,63,171
2017-01-22,80,60,140
2017-01-23,96,64,160
2017-01-24,97,80,177
2017-01-25,99,75,174
2017-01-26,80,74,154
2017-01-27,87,47,134
2017-01-28,93,51,144
2017-01-29,66,51,117
2017-01-30,74,58,132
2017-01-31,89,59,148
2017-02-01,92,48,140
2017-02-02,100,53,153
2017-02-03,90,80,170
2017-02-04,75,60,135
2017-02-05,92,69,161
2017-02-06,79,49,128
2017-02-07,75,61,136
2017-02-08,84,53,137
2017-02-09,83,60,143
2017-02-10,78,55,133
2017-02-11,90,54,144
2017-02-12,80,40,120
2017-02-13,70,57,127
2017-02-14,72,69,141
2017-02-15,83,51,134
2017-02-16,87,51,138
2017-02-17,82,60,142
2017-02-18,77,51,128
2017-02-19,82,63,145
2017-02-20,91,62,153
2017-02-21,84,50,134
2017-02-22,80,49,129
2017-02-23,83,60,143
2017-02-24,81,47,128
2017-02-25,86,47,133
2017-02-26,72,53,125
2017-02-27,89,48,137
2017-02-28,93,52,145
2017-03-01,82,62,144
2017-03-02,75,51,126
2017-03-03,71,37,108
2017-03-04,80,51,131
2017-03-05,87,45,132
2017-03-06,73,60,133
2017-03-07,76,49,125
2017-03-08,87,43,130
2017-03-09,86,51,137
2017-03-10,78,42,120
2017-03-11,76,56,132
2017-03-12,73,48,121
2017-03-13,88,46,134
2017-03-14,98,56,154
2017-03-15,82,49,131
2017-03-16,93,52,145
2017-03-17,80,49,129
2017-03-18,62,51,113
2017-03-19,78,43,121
2017-03-20,95,38,133
2017-03-21,92,51,143
2017-03-22,82,59,141
2017-03-23,83,54,137
2017-03-24,82,58,140
2017-03-25,99,43,142
2017-03-26,81,56,137
2017-03-27,79,51,130
2017-03-28,82,55,137
2017-03-29,69,55,124
2017-03-30,71,41,112
2017-03-31,73,57,130
2017-04-01,77,44,121
2017-04-02,79,48,127
2017-04-03,97,50,147
2017-04-04,81,43,124
2017-04-05,70,48,118
2017-04-06,57,48,105
2017-04-07,66,42,108
2017-04-08,75,38,113
2017-04-09,61,47,108
2017-04-10,80,58,138
2017-04-11,79,60,139
2017-04-12,69,45,114
2017-04-13,74,64,138
2017-04-14,75,48,123
2017-04-15,91,54,145
2017-04-16,80,57,137
2017-04-17,78,42,120
2017-04-18,82,63,145
2017-04-19,79,52,131
2017-04-20,92,68,160
2017-04-21,90,81,171
2017-04-22,76,63,139
2017-04-23,82,48,130
2017-04-24,86,41,127
2017-04-25,76,46,122
2017-04-26,77,51,128
2017-04-27,71,42,113
2017-04-28,78,45,123
2017-04-29,80,44,124
2017-04-30,77,65,142
2017-05-01,94,53,147
2017-05-02,83,43,126
2017-05-03,81,51,132
2017-05-04,70,51,121
2017-05-05,94,58,152
2017-05-06,82,44,126
2017-05-07,80,55,135
2017-05-08,86,60,146
2017-05-09,107,59,166
2017-05-10,87,54,141
2017-05-11,94,44,138
2017-05-12,79,48,127
2017-05-13,96,59,155
2017-05-14,88,48,136
2017-05-15,96,53,149
2017-05-16,129,68,197
2017-05-17,85,46,131
2017-05-18,91,50,141
2017-05-19,95,50,145
2017-05-20,82,42,124
2017-05-21,86,48,134
2017-05-22,81,48,129
2017-05-23,76,57,133
2017-05-24,89,57,146
2017-05-25,66,67,133
2017-05-26,88,62,150
2017-05-27,76,47,123
2017-05-28,76,55,131
2017-05-29,69,50,119
2017-05-30,68,46,114
2017-05-31,68,50,118
2017-06-01,65,41,106
2017-06-02,81,46,127
2017-06-03,80,52,132
2017-06-04,82,50,132
2017-06-05,105,75,180
2017-06-06,138,74,212
2017-06-07,80,43,123
2017-06-08,108,50,158
2017-06-09,92,34,126
2017-06-10,72,49,121
2017-06-11,67,40,107
2017-06-12,83,52,135
2017-06-13,73,65,138
2017-06-14,65,44,109
2017-06-15,72,50,122
2017-06-16,61,54,115
2017-06-17,61,43,104
2017-06-18,58,41,99
2017-06-19,84,41,125
2017-06-20,71,47,118
2017-06-21,82,40,122
2017-06-22,86,48,134
2017-06-23,73,35,108
2017-06-24,77,44,121
2017-06-25,82,47,129
2017-06-26,76,45,121
2017-06-27,86,43,129
2017-06-28,77,43,120
2017-06-29,72,49,121
2017-06-30,54,41,95
2017-07-01,75,46,121
2017-07-02,59,41,100
2017-07-03,75,49,124
2017-07-04,74,41,115
2017-07-05,75,48,123
2017-07-06,69,39,108
2017-07-07,57,56,113
2017-07-08,70,44,114
2017-07-09,88,52,140
2017-07-10,78,49,127
2017-07-11,89,61,150
2017-07-12,71,44,115
2017-07-13,75,53,128
2017-07-14,80,47,127
2017-07-15,86,42,128
2017-07-16,86,49,135
2017-07-17,85,64,149
2017-07-18,78,45,123
2017-07-19,81,59,140
2017-07-20,76,44,120
2017-07-21,80,37,117
2017-07-22,85,56,141
2017-07-23,67,58,125
2017-07-24,83,61,144
2017-07-25,85,35,120
2017-07-26,87,49,136
2017-07-27,92,45,137
2017-07-28,77,53,130
2017-07-29,74,53,127
2017-07-30,73,61,134
2017-07-31,81,47,128
2017-08-01,73,51,124
2017-08-02,86,48,134
2017-08-03,70,72,142
2017-08-04,70,54,124
2017-08-05,92,61,153
2017-08-06,92,45,137
2017-08-07,78,50,128
2017-08-08,89,54,143
2017-08-09,90,64,154
2017-08-10,96,48,144
2017-08-11,97,64,161
2017-08-12,99,45,144
2017-08-13,96,48,144
2017-08-14,84,54,138
2017-08-15,100,67,167
2017-08-16,91,61,152
2017-08-17,83,56,139
2017-08-18,98,57,155
2017-08-19,84,64,148
2017-08-20,88,74,162
2017-08-21,75,58,133
2017-08-22,96,64,160
2017-08-23,78,49,127
2017-08-24,99,54,153
2017-08-25,71,51,122
2017-08-26,87,60,147
2017-08-27,90,52,142
2017-08-28,97,47,144
2017-08-29,94,59,153
2017-08-30,89,59,148
2017-08-31,58,43,101
2017-09-01,90,62,152
2017-09-02,76,46,122
2017-09-03,78,65,143
2017-09-04,83,53,136
2017-09-05,84,49,133
2017-09-06,91,64,155
2017-09-07,82,62,144
2017-09-08,92,45,137
2017-09-09,79,62,141
2017-09-10,73,55,128
2017-09-11,80,66,146
2017-09-12,89,51,140
2017-09-13,83,57,140
2017-09-14,97,47,144
2017-09-15,89,69,158
2017-09-16,68,50,118
2017-09-17,64,60,124
2017-09-18,95,41,136
2017-09-19,85,51,136
2017-09-20,100,59,159
2017-09-21,100,57,157
2017-09-22,69,51,120
2017-09-23,73,42,115
2017-09-24,77,55,132
2017-09-25,87,52,139
2017-09-26,89,57,146
2017-09-27,61,65,126
2017-09-28,88,55,143
2017-09-29,89,34,123
2017-09-30,111,53,164
2017-10-01,93,55,148
2017-10-02,90,66,156
2017-10-03,75,40,115
2017-10-04,103,55,158
2017-10-05,85,48,133
2017-10-06,85,56,141
2017-10-07,98,51,149
2017-10-08,100,59,159
2017-10-09,80,64,144
2017-10-10,83,55,138
2017-10-11,83,55,138
2017-10-12,78,60,138
2017-10-13,96,49,145
2017-10-14,100,68,168
2017-10-15,84,57,141
2017-10-16,106,62,168
2017-10-17,128,70,198
2017-10-18,94,49,143
2017-10-19,87,54,141
2017-10-20,93,76,169
2017-10-21,98,56,154
2017-10-22,74,49,123
2017-10-23,108,55,163
2017-10-24,101,71,172
2017-10-25,113,56,169
2017-10-26,116,75,191
2017-10-27,104,67,171
2017-10-28,96,69,165
2017-10-29,111,62,173
2017-10-30,114,60,174
2017-10-31,92,67,159
2017-11-01,92,67,159
2017-11-02,126,77,203
2017-11-03,87,59,146
2017-11-04,104,58,162
2017-11-05,92,70,162
2017-11-06,93,60,153
2017-11-07,76,50,126
2017-11-08,88,57,145
2017-11-09,104,75,179
2017-11-10,79,65,144
2017-11-11,115,67,182
2017-11-12,80,71,151
2017-11-13,116,61,177
2017-11-14,112,68,180
2017-11-15,98,50,148
2017-11-16,117,64,181
2017-11-17,93,63,156
2017-11-18,82,63,145
2017-11-19,94,49,143
2017-11-20,97,62,159
2017-11-21,96,59,155
2017-11-22,118,76,194
2017-11-23,105,74,179
2017-11-24,94,54,148
2017-11-25,109,71,180
2017-11-26,100,60,160
2017-11-27,108,70,178
2017-11-28,108,72,180
2017-11-29,113,72,185
2017-11-30,103,72,175
2017-12-01,104,66,170
2017-12-02,95,59,154
2017-12-03,122,83,205
2017-12-04,107,63,170
2017-12-05,104,75,179
2017-12-06,97,68,165
2017-12-07,88,59,147
2017-12-08,100,52,152
2017-12-09,108,63,171
2017-12-10,107,85,192
2017-12-11,108,57,165
2017-12-12,108,58,166
2017-12-13,74,70,144
2017-12-14,110,74,184
2017-12-15,110,73,183
2017-12-16,107,69,176
2017-12-17,97,49,146
2017-12-18,117,89,206
2017-12-19,127,72,199
2017-12-20,100,79,179
2017-12-21,99,64,163
2017-12-22,100,89,189
2017-12-23,119,71,190
2017-12-24,117,66,183
2017-12-25,110,80,190
2017-12-26,94,56,150
2017-12-27,107,59,166
2017-12-28,123,71,194
2017-12-29,122,72,194
2017-12-30,119,83,202
2017-12-31,128,58,186
2018-01-01,118,71,189
2018-01-02,105,59,164
2018-01-03,106,66,172
2018-01-04,110,85,195
2018-01-05,120,91,211
2018-01-06,122,85,207
2018-01-07,110,77,187
2018-01-08,115,78,193
2018-01-09,99,72,171
2018-01-10,141,79,220
2018-01-11,114,88,202
2018-01-12,119,75,194
2018-01-13,127,79,206
2018-01-14,121,84,205
2018-01-15,120,73,193
2018-01-16,96,76,172
2018-01-17,106,82,188
2018-01-18,134,61,195
2018-01-19,98,80,178
2018-01-20,114,62,176
2018-01-21,128,71,199
2018-01-22,112,65,177
2018-01-23,113,81,194
2018-01-24,94,69,163
2018-01-25,100,70,170
2018-01-26,91,62,153
2018-01-27,102,75,177
2018-01-28,116,82,198
2018-01-29,110,76,186
2018-01-30,115,70,185
2018-01-31,113,68,181
2018-02-01,85,69,154
2018-02-02,111,68,179
2018-02-03,74,68,142
2018-02-04,104,73,177
2018-02-05,126,70,196
2018-02-06,100,61,161
2018-02-07,76,60,136
2018-02-08,119,82,201
2018-02-09,105,68,173
2018-02-10,87,79,166
2018-02-11,100,71,171
2018-02-12,101,66,167
2018-02-13,88,69,157
2018-02-14,92,51,143
2018-02-15,87,58,145
2018-02-16,89,66,155
2018-02-17,109,69,178
2018-02-18,82,65,147
2018-02-19,75,60,135
2018-02-20,97,63,160
2018-02-21,70,68,138
2018-02-22,83,57,140
2018-02-23,78,56,134
2018-02-24,72,51,123
2018-02-25,88,59,147
2018-02-26,87,58,145
2018-02-27,72,57,129
2018-02-28,82,50,132
2018-03-01,78,45,123
2018-03-02,95,53,148
2018-03-03,94,56,150
2018-03-04,86,60,146
2018-03-05,93,54,147
2018-03-06,78,60,138
2018-03-07,86,60,146
2018-03-08,99,48,147
2018-03-09,89,49,138
2018-03-10,93,57,150
2018-03-11,72,54,126
2018-03-12,88,54,142
2018-03-13,102,63,165
2018-03-14,79,43,122
2018-03-15,97,58,155
2018-03-16,68,45,113
2018-03-17,78,39,117
2018-03-18,74,53,127
2018-03-19,73,53,126
2018-03-20,85,54,139
2018-03-21,75,51,126
2018-03-22,75,36,111
2018-03-23,71,52,123
2018-03-24,63,53,116
2018-03-25,74,58,132
2018-03-26,69,43,112
2018-03-27,80,54,134
2018-03-28,86,70,156
2018-03-29,84,62,146
2018-03-30,87,51,138
2018-03-31,82,47,129
2018-04-01,66,42,108
2018-04-02,90,58,148
2018-04-03,80,58,138
2018-04-04,90,66,156
2018-04-05,90,57,147
2018-04-06,61,61,122
2018-04-07,71,46,117
2018-04-08,69,42,111
2018-04-09,82,46,128
2018-04-10,82,44,126
2018-04-11,77,30,107
2018-04-12,84,50,134
2018-04-13,72,45,117
2018-04-14,87,49,136
2018-04-15,74,52,126
2018-04-16,100,55,155
2018-04-17,61,60,121
2018-04-18,88,54,142
2018-04-19,71,49,120
2018-04-20,83,53,136
2018-04-21,76,30,106
2018-04-22,76,61,137
2018-04-23,80,43,123
2018-04-24,73,41,114
2018-04-25,84,43,127
2018-04-26,82,44,126
2018-04-27,75,54,129
2018-04-28,81,55,136
2018-04-29,95,56,151
2018-04-30,66,49,115
2018-05-01,85,47,132
2018-05-02,93,60,153
2018-05-03,78,44,122
2018-05-04,88,55,143
2018-05-05,83,46,129
2018-05-06,73,40,113
2018-05-07,77,49,126
2018-05-08,81,44,125
2018-05-09,74,40,114
2018-05-10,78,35,113
2018-05-11,71,34,105
2018-05-12,71,87,158
2018-05-13,72,52,124
2018-05-14,65,58,123
2018-05-15,73,48,121
2018-05-16,82,47,129
2018-05-17,59,51,110
2018-05-18,75,43,118
2018-05-19,60,46,106
2018-05-20,98,42,140
2018-05-21,84,47,131
2018-05-22,65,49,114
2018-05-23,62,57,119
2018-05-24,83,59,142
2018-05-25,76,48,124
2018-05-26,92,48,140
2018-05-27,79,33,112
2018-05-28,100,44,144
2018-05-29,80,61,141
2018-05-30,79,50,129
2018-05-31,70,49,119
2018-06-01,86,51,137
2018-06-02,71,47,118
2018-06-03,80,60,140
2018-06-04,87,53,140
2018-06-05,76,52,128
2018-06-06,70,56,126
2018-06-07,74,52,126
2018-06-08,79,60,139
2018-06-09,99,50,149
2018-06-10,71,46,117
2018-06-11,78,41,119
2018-06-12,70,61,131
2018-06-13,114,67,181
2018-06-14,93,81,174
2018-06-15,99,55,154
2018-06-16,83,53,136
2018-06-17,72,46,118
2018-06-18,94,59,153
2018-06-19,68,55,123
2018-06-20,78,37,115
2018-06-21,77,44,121
2018-06-22,86,51,137
2018-06-23,87,67,154
2018-06-24,110,53,163
2018-06-25,73,54,127
2018-06-26,87,52,139
2018-06-27,65,44,109
2018-06-28,43,54,97
2018-06-29,67,55,122
2018-06-30,70,43,113
2018-07-01,73,51,124
2018-07-02,88,40,128
2018-07-03,63,39,102
2018-07-04,50,57,107
2018-07-05,79,43,122
2018-07-06,72,49,121
2018-07-07,61,63,124
2018-07-08,70,51,121
2018-07-09,86,47,133
2018-07-10,64,37,101
2018-07-11,79,49,128
2018-07-12,72,49,121
2018-07-13,72,30,102
2018-07-14,76,39,115
2018-07-15,47,41,88
2018-07-16,67,34,101
2018-07-17,60,63,123
2018-07-18,82,47,129
2018-07-19,66,49,115
2018-07-20,69,40,109
2018-07-21,72,58,130
2018-07-22,70,37,107
2018-07-23,58,41,99
2018-07-24,71,38,109
2018-07-25,89,41,130
2018-07-26,69,39,108
2018-07-27,65,57,122
2018-07-28,66,40,106
2018-07-29,60,45,105
2018-07-30,87,44,131
2018-07-31,85,51,136
2018-08-01,84,50,134
2018-08-02,70,39,109
2018-08-03,80,33,113
2018-08-04,75,49,124
2018-08-05,68,56,124
2018-08-06,86,45,131
2018-08-07,80,57,137
2018-08-08,85,38,123
2018-08-09,93,44,137
2018-08-10,75,47,122
2018-08-11,79,59,138
2018-08-12,70,47,117
2018-08-13,85,42,127
2018-08-14,76,44,120
2018-08-15,75,47,122
2018-08-16,89,53,142
2018-08-17,66,52,118
2018-08-18,82,61,143
2018-08-19,62,47,109
2018-08-20,77,49,126
2018-08-21,96,38,134
2018-08-22,98,54,152
2018-08-23,78,49,127
2018-08-24,66,55,121
2018-08-25,72,34,106
2018-08-26,97,52,149
2018-08-27,84,56,140
2018-08-28,82,55,137
2018-08-29,74,40,114
2018-08-30,75,48,123
2018-08-31,95,56,151
2018-09-01,88,58,146
2018-09-02,71,51,122
2018-09-03,87,47,134
2018-09-04,95,60,155
2018-09-05,104,47,151
2018-09-06,104,49,153
2018-09-07,82,53,135
2018-09-08,67,58,125
2018-09-09,98,63,161
2018-09-10,89,64,153
2018-09-11,107,69,176
2018-09-12,82,56,138
2018-09-13,94,77,171
2018-09-14,110,44,154
2018-09-15,111,61,172
2018-09-16,94,61,155
2018-09-17,98,64,162
2018-09-18,74,49,123
2018-09-19,90,56,146
2018-09-20,71,67,138
2018-09-21,100,75,175
2018-09-22,99,61,160
2018-09-23,86,68,154
2018-09-24,77,53,130
2018-09-25,70,63,133
2018-09-26,111,47,158
2018-09-27,91,59,150
2018-09-28,81,59,140
2018-09-29,100,51,151
2018-09-30,65,65,130
2018-10-01,103,57,160
2018-10-02,93,58,151
2018-10-03,82,63,145
2018-10-04,91,63,154
2018-10-05,92,62,154
2018-10-06,94,53,147
2018-10-07,85,65,150
2018-10-08,91,59,150
2018-10-09,78,54,132
2018-10-10,75,51,126
2018-10-11,86,58,144
2018-10-12,96,52,148
2018-10-13,82,41,123
2018-10-14,92,47,139
2018-10-15,87,43,130
2018-10-16,83,58,141
2018-10-17,88,60,148
2018-10-18,86,57,143
2018-10-19,88,64,152
2018-10-20,103,61,164
2018-10-21,88,51,139
2018-10-22,102,57,159
2018-10-23,69,49,118
2018-10-24,97,67,164
2018-10-25,89,64,153
2018-10-26,81,43,124
2018-10-27,80,56,136
2018-10-28,104,60,164
2018-10-29,103,57,160
2018-10-30,83,53,136
2018-10-31,95,78,173
2018-11-01,109,68,177
2018-11-02,137,60,197
2018-11-03,101,60,161
2018-11-04,95,44,139
2018-11-05,94,55,149
2018-11-06,85,51,136
2018-11-07,91,47,138
2018-11-08,87,53,140
2018-11-09,90,60,150
2018-11-10,84,70,154
2018-11-11,91,51,142
2018-11-12,114,65,179
2018-11-13,87,61,148
2018-11-14,111,50,161
2018-11-15,107,47,154
2018-11-16,91,41,132
2018-11-17,103,53,156
2018-11-18,81,56,137
2018-11-19,90,46,136
2018-11-20,95,77,172
2018-11-21,81,62,143
2018-11-22,87,60,147
2018-11-23,94,58,152
2018-11-24,105,66,171
2018-11-25,80,49,129
2018-11-26,81,57,138
2018-11-27,78,66,144
2018-11-28,64,46,110
2018-11-29,104,54,158
2018-11-30,83,55,138
2018-12-01,95,62,157
2018-12-02,100,49,149
2018-12-03,87,53,140
2018-12-04,100,53,153
2018-12-05,91,58,149
2018-12-06,86,65,151
2018-12-07,100,42,142
2018-12-08,94,46,140
2018-12-09,90,61,151
2018-12-10,80,62,142
2018-12-11,95,57,152
2018-12-12,103,62,165
2018-12-13,89,54,143
2018-12-14,97,57,154
2018-12-15,95,48,143
2018-12-16,77,51,128
2018-12-17,109,49,158
2018-12-18,109,70,179
2018-12-19,85,71,156
2018-12-20,99,47,146
2018-12-21,101,60,161
2018-12-22,102,78,180
2018-12-23,102,65,167
2018-12-24,99,65,164
2018-12-25,95,63,158
2018-12-26,97,73,170
2018-12-27,120,61,181
2018-12-28,104,65,169
2018-12-29,83,53,136
2018-12-30,101,65,166
2018-12-31,111,58,169
2019-01-01,104,79,183
2019-01-02,105,66,171
2019-01-03,104,70,174
2019-01-04,115,69,184
2019-01-05,104,77,181
2019-01-06,101,52,153
2019-01-07,95,69,164
2019-01-08,91,65,156
2019-01-09,108,71,179
2019-01-10,113,83,196
2019-01-11,89,65,154
2019-01-12,103,69,172
2019-01-13,91,65,156
2019-01-14,109,79,188
2019-01-15,119,59,178
2019-01-16,138,65,203
2019-01-17,123,58,181
2019-01-18,100,64,164
2019-01-19,113,66,179
2019-01-20,132,81,213
2019-01-21,113,77,190
2019-01-22,86,69,155
2019-01-23,73,69,142
2019-01-24,105,68,173
2019-01-25,106,59,165
2019-01-26,102,61,163
2019-01-27,109,48,157
2019-01-28,102,55,157
2019-01-29,102,58,160
2019-01-30,107,66,173
2019-01-31,114,64,178
2019-02-01,108,61,169
2019-02-02,96,77,173
2019-02-03,101,63,164
2019-02-04,100,73,173
2019-02-05,103,65,168
2019-02-06,120,75,195
2019-02-07,109,76,185
2019-02-08,112,66,178
2019-02-09,86,59,145
2019-02-10,96,80,176
2019-02-11,90,65,155
2019-02-12,108,69,177
2019-02-13,113,77,190
2019-02-14,109,63,172
2019-02-15,85,63,148
2019-02-16,71,66,137
2019-02-17,113,58,171
2019-02-18,88,67,155
2019-02-19,102,61,163
2019-02-20,87,55,142
2019-02-21,91,59,150
2019-02-22,97,61,158
2019-02-23,83,59,142
2019-02-24,98,54,152
2019-02-25,92,58,150
2019-02-26,96,61,157
2019-02-27,87,54,141
2019-02-28,115,59,174
2019-03-01,76,56,132
2019-03-02,78,65,143
2019-03-03,101,45,146
2019-03-04,96,53,149
2019-03-05,81,50,131
2019-03-06,93,53,146
2019-03-07,81,56,137
2019-03-08,94,58,152
2019-03-09,77,59,136
2019-03-10,84,52,136
2019-03-11,95,46,141
2019-03-12,85,60,145
2019-03-13,95,77,172
2019-03-14,88,62,150
2019-03-15,68,49,117
2019-03-16,92,53,145
2019-03-17,91,58,149
2019-03-18,94,48,142
2019-03-19,85,57,142
2019-03-20,65,44,109
2019-03-21,94,41,135
2019-03-22,81,57,138
2019-03-23,78,46,124
2019-03-24,86,42,128
2019-03-25,69,38,107
2019-03-26,79,47,126
2019-03-27,68,51,119
2019-03-28,85,52,137
2019-03-29,77,61,138
2019-03-30,87,45,132
2019-03-31,69,58,127
2019-04-01,87,48,135
2019-04-02,81,43,124
2019-04-03,69,50,119
2019-04-04,73,39,112
2019-04-05,88,49,137
2019-04-06,77,50,127
2019-04-07,66,62,128
2019-04-08,68,54,122
2019-04-09,69,50,119
2019-04-10,84,64,148
2019-04-11,82,54,136
2019-04-12,69,52,121
2019-04-13,62,47,109
2019-04-14,60,46,106
2019-04-15,78,52,130
2019-04-16,66,44,110
2019-04-17,62,39,101
2019-04-18,62,50,112
2019-04-19,68,63,131
2019-04-20,61,46,107
2019-04-21,63,42,105
2019-04-22,74,46,120
2019-04-23,76,51,127
2019-04-24,74,41,115
2019-04-25,73,51,124
2019-04-26,72,51,123
2019-04-27,55,47,102
2019-04-28,70,45,115
2019-04-29,92,49,141
2019-04-30,65,58,123
2019-05-01,56,65,121
2019-05-02,81,51,132
2019-05-03,65,62,127
2019-05-04,75,48,123
2019-05-05,57,56,113
2019-05-06,63,44,107
2019-05-07,95,54,149
2019-05-08,69,50,119
2019-05-09,72,63,135
2019-05-10,68,56,124
2019-05-11,74,39,113
2019-05-12,80,41,121
2019-05-13,70,54,124
2019-05-14,66,52,118
2019-05-15,68,53,121
2019-05-16,74,48,122
2019-05-17,65,44,109
2019-05-18,74,40,114
2019-05-19,78,39,117
2019-05-20,77,35,112
2019-05-21,70,42,112
2019-05-22,73,48,121
2019-05-23,56,41,97
2019-05-24,81,37,118
2019-05-25,65,54,119
2019-05-26,70,51,121
2019-05-27,70,52,122
2019-05-28,72,43,115
2019-05-29,76,53,129
2019-05-30,74,71,145
2019-05-31,79,66,145
2019-06-01,110,67,177
2019-06-02,115,55,170
2019-06-03,82,56,138
2019-06-04,92,52,144
2019-06-05,77,45,122
2019-06-06,101,53,154
2019-06-07,80,49,129
2019-06-08,98,56,154
2019-06-09,86,56,142
2019-06-10,92,76,168
2019-06-11,112,68,180
2019-06-12,85,61,146
2019-06-13,86,50,136
2019-06-14,81,52,133
2019-06-15,70,57,127
2019-06-16,83,45,128
2019-06-17,66,37,103
2019-06-18,62,46,108
2019-06-19,67,49,116
2019-06-20,61,38,99
2019-06-21,57,43,100
2019-06-22,63,56,119
2019-06-23,97,55,152
2019-06-24,78,43,121
2019-06-25,70,45,115
2019-06-26,71,49,120
2019-06-27,77,41,118
2019-06-28,71,41,112
2019-06-29,77,45,122
2019-06-30,76,60,136
2019-07-01,89,61,150
2019-07-02,70,45,115
2019-07-03,75,49,124
2019-07-04,69,46,115
2019-07-05,50,42,92
2019-07-06,71,58,129
2019-07-07,59,40,99
2019-07-08,66,37,103
2019-07-09,67,54,121
2019-07-10,56,43,99
2019-07-11,73,48,121
2019-07-12,67,45,112
2019-07-13,66,47,113
2019-07-14,71,33,104
2019-07-15,67,49,116
2019-07-16,72,50,122
2019-07-17,43,45,88
2019-07-18,88,39,127
2019-07-19,81,45,126
2019-07-20,74,42,116
2019-07-21,51,43,94
2019-07-22,75,51,126
2019-07-23,70,58,128
2019-07-24,84,39,123
2019-07-25,67,40,107
2019-07-26,65,31,96
2019-07-27,63,44,107
2019-07-28,69,44,113
2019-07-29,69,43,112
2019-07-30,92,45,137
2019-07-31,76,31,107
2019-08-01,70,32,102
2019-08-02,79,27,106
2019-08-03,66,37,103
2019-08-04,73,41,114
2019-08-05,92,44,136
2019-08-06,76,42,118
2019-08-07,53,42,95
2019-08-08,70,41,111
2019-08-09,72,34,106
2019-08-10,84,36,120
2019-08-11,76,51,127
2019-08-12,73,53,126
2019-08-13,73,34,107
2019-08-14,74,45,119
2019-08-15,78,51,129
2019-08-16,76,37,113
2019-08-17,72,39,111
2019-08-18,92,51,143
2019-08-19,80,51,131
2019-08-20,90,59,149
2019-08-21,87,52,139
2019-08-22,75,54,129
2019-08-23,96,55,151
2019-08-24,85,43,128
2019-08-25,89,39,128
2019-08-26,87,50,137
2019-08-27,102,47,149
2019-08-28,75,59,134
2019-08-29,95,60,155
2019-08-30,83,60,143
2019-08-31,76,44,120
2019-09-01,86,51,137
2019-09-02,78,56,134
2019-09-03,84,50,134
2019-09-04,90,46,136
2019-09-05,90,48,138
2019-09-06,84,40,124
2019-09-07,87,53,140
2019-09-08,97,49,146
2019-09-09,90,49,139
2019-09-10,80,53,133
2019-09-11,79,47,126
2019-09-12,83,51,134
2019-09-13,81,47,128
2019-09-14,77,43,120
2019-09-15,87,50,137
2019-09-16,71,46,117
2019-09-17,79,37,116
2019-09-18,91,39,130
2019-09-19,74,39,113
2019-09-20,69,40,109
2019-09-21,91,58,149
2019-09-22,69,43,112
2019-09-23,85,51,136
2019-09-24,66,60,126
2019-09-25,82,36,118
2019-09-26,83,43,126
2019-09-27,77,34,111
2019-09-28,63,57,120
2019-09-29,82,48,130
2019-09-30,80,51,131
2019-10-01,75,51,126
2019-10-02,61,47,108
2019-10-03,76,47,123
2019-10-04,70,43,113
2019-10-05,94,52,146
2019-10-06,65,39,104
2019-10-07,72,51,123
2019-10-08,87,49,136
2019-10-09,83,50,133
2019-10-10,88,46,134
2019-10-11,72,47,119
2019-10-12,82,58,140
2019-10-13,74,56,130
2019-10-14,92,48,140
2019-10-15,90,44,134
2019-10-16,68,33,101
2019-10-17,71,41,112
2019-10-18,98,61,159
2019-10-19,84,46,130
2019-10-20,72,62,134
2019-10-21,83,57,140
2019-10-22,74,67,141
2019-10-23,82,61,143
2019-10-24,79,56,135
2019-10-25,74,45,119
2019-10-26,84,59,143
2019-10-27,74,58,132
2019-10-28,80,50,130
2019-10-29,83,56,139
2019-10-30,100,38,138
2019-10-31,89,45,134
2019-11-01,81,61,142
2019-11-02,86,50,136
2019-11-03,89,54,143
2019-11-04,103,64,167
2019-11-05,68,45,113
2019-11-06,86,65,151
2019-11-07,67,51,118
2019-11-08,86,57,143
2019-11-09,108,48,156
2019-11-10,99,55,154
2019-11-11,83,58,141
2019-11-12,97,45,142
2019-11-13,88,52,140
2019-11-14,98,72,170
2019-11-15,111,60,171
2019-11-16,100,49,149
2019-11-17,89,44,133
2019-11-18,98,50,148
2019-11-19,86,51,137
2019-11-20,99,49,148
2019-11-21,99,46,145
2019-11-22,98,58,156
2019-11-23,83,33,116
2019-11-24,96,68,164
2019-11-25,94,58,152
2019-11-26,74,43,117
2019-11-27,77,49,126
2019-11-28,84,49,133
2019-11-29,74,56,130
2019-11-30,75,52,127
2019-12-01,77,53,130
2019-12-02,91,40,131
2019-12-03,96,55,151
2019-12-04,67,43,110
2019-12-05,84,53,137
2019-12-06,90,62,152
2019-12-07,84,40,124
2019-12-08,86,53,139
2019-12-09,75,43,118
2019-12-10,104,63,167
2019-12-11,89,62,151
2019-12-12,83,62,145
2019-12-13,103,57,160
2019-12-14,95,65,160
2019-12-15,90,50,140
2019-12-16,75,61,136
2019-12-17,86,43,129
2019-12-18,74,56,130
2019-12-19,86,65,151
2019-12-20,87,68,155
2019-12-21,104,53,157
2019-12-22,101,60,161
2019-12-23,100,62,162
2019-12-24,100,65,165
2019-12-25,106,58,164
2019-12-26,115,67,182
2019-12-27,103,48,151
2019-12-28,87,92,179
2019-12-29,106,66,172
2019-12-30,97,69,166
2019-12-31,110,53,163
2020-01-01,125,80,205
2020-01-02,98,86,184
2020-01-03,121,70,191
2020-01-04,79,60,139
2020-01-05,79,54,133
2020-01-06,93,77,170
2020-01-07,105,68,173
2020-01-08,118,55,173
2020-01-09,96,46,142
2020-01-10,102,58,160
2020-01-11,100,64,164
2020-01-12,111,73,184
2020-01-13,108,58,166
2020-01-14,103,63,166
2020-01-15,102,69,171
2020-01-16,101,71,172
2020-01-17,96,56,152
2020-01-18,97,59,156
2020-01-19,82,42,124
2020-01-20,99,70,169
2020-01-21,90,69,159
2020-01-22,83,64,147
2020-01-23,80,49,129
2020-01-24,82,57,139
2020-01-25,109,59,168
2020-01-26,84,61,145
2020-01-27,97,90,187
2020-01-28,85,59,144
2020-01-29,95,52,147
2020-01-30,84,66,150
2020-01-31,68,69,137
2020-02-01,104,49,153
2020-02-02,94,59,153
2020-02-03,82,57,139
2020-02-04,99,66,165
2020-02-05,104,54,158
2020-02-06,103,53,156
2020-02-07,85,74,159
2020-02-08,88,52,140
2020-02-09,95,62,157
2020-02-10,81,76,157
2020-02-11,98,53,151
2020-02-12,92,52,144
2020-02-13,108,76,184
2020-02-14,77,53,130
2020-02-15,110,58,168
2020-02-16,101,55,156
2020-02-17,105,70,175
2020-02-18,77,56,133
2020-02-19,109,71,180
2020-02-20,88,52,140
2020-02-21,89,68,157
2020-02-22,85,54,139
2020-02-23,108,56,164
2020-02-24,79,60,139
2020-02-25,82,66,148
2020-02-26,80,49,129
2020-02-27,73,49,122
2020-02-28,77,52,129
2020-02-29,81,67,148
2020-03-01,82,51,133
2020-03-02,91,53,144
2020-03-03,87,54,141
2020-03-04,75,54,129
2020-03-05,70,55,125
2020-03-06,87,42,129
2020-03-07,79,33,112
2020-03-08,71,51,122
2020-03-09,83,50,133
2020-03-10,92,51,143
2020-03-11,83,47,130
2020-03-12,87,61,148
2020-03-13,81,55,136
2020-03-14,69,54,123
2020-03-15,67,36,103
2020-03-16,71,45,116
2020-03-17,80,43,123
2020-03-18,78,56,134
2020-03-19,72,54,126
2020-03-20,78,48,126
2020-03-21,96,30,126
2020-03-22,75,42,117
2020-03-23,73,43,116
2020-03-24,63,30,93
2020-03-25,60,31,91
2020-03-26,56,32,88
2020-03-27,59,36,95
2020-03-28,58,44,102
2020-03-29,59,36,95
2020-03-30,54,40,94
2020-03-31,65,30,95
2020-04-01,57,43,100
2020-04-02,53,42,95
2020-04-03,49,39,88
2020-04-04,54,42,96
2020-04-05,45,42,87
2020-04-06,49,31,80
2020-04-07,49,26,75
2020-04-08,62,37,99
2020-04-09,44,40,84
2020-04-10,49,28,77
2020-04-11,58,27,85
2020-04-12,53,24,77
2020-04-13,64,38,102
2020-04-14,58,52,110
2020-04-15,61,51,112
2020-04-16,65,42,107
2020-04-17,55,39,94
2020-04-18,67,46,113
2020-04-19,62,54,116
2020-04-20,42,41,83
2020-04-21,52,42,94
2020-04-22,50,37,87
2020-04-23,51,32,83
2020-04-24,55,44,99
2020-04-25,49,43,92
2020-04-26,35,40,75
2020-04-27,54,40,94
2020-04-28,59,32,91
2020-04-29,64,44,108
2020-04-30,71,36,107
2020-05-01,63,39,102
2020-05-02,54,45,99
2020-05-03,66,50,116
2020-05-04,59,45,104
2020-05-05,54,43,97
2020-05-06,60,47,107
2020-05-07,68,50,118
2020-05-08,67,48,115
2020-05-09,80,55,135
2020-05-10,86,41,127
2020-05-11,62,43,105
2020-05-12,74,53,127
2020-05-13,63,44,107
2020-05-14,66,31,97
2020-05-15,83,53,136
2020-05-16,68,54,122
2020-05-17,68,41,109
2020-05-18,68,42,110
2020-05-19,66,46,112
2020-05-20,78,51,129
2020-05-21,77,58,135
2020-05-22,82,71,153
2020-05-23,71,69,140
2020-05-24,102,63,165
2020-05-25,108,79,187
2020-05-26,105,84,189
2020-05-27,120,97,217
2020-05-28,103,97,200
2020-05-29,92,55,147
2020-05-30,83,64,147
2020-05-31,89,66,155
2020-06-01,105,57,162
2020-06-02,107,62,169
2020-06-03,128,86,214
2020-06-04,119,85,204
2020-06-05,138,80,218
2020-06-06,127,80,207
2020-06-07,126,92,218
2020-06-08,133,75,208
2020-06-09,149,76,225
2020-06-10,157,94,251
2020-06-11,139,91,230
2020-06-12,156,92,248
2020-06-13,134,71,205
2020-06-14,122,64,186
2020-06-15,131,95,226
2020-06-16,111,82,193
2020-06-17,114,74,188
2020-06-18,120,80,200
2020-06-19,140,78,218
2020-06-20,117,56,173
2020-06-21,82,53,135
2020-06-22,87,50,137
2020-06-23,109,47,156
2020-06-24,87,54,141
2020-06-25,88,54,142
2020-06-26,90,64,154
2020-06-27,112,49,161
2020-06-28,68,58,126
2020-06-29,89,55,144
2020-06-30,62,52,114
2020-07-01,103,41,144
2020-07-02,73,47,120
2020-07-03,89,58,147
2020-07-04,70,44,114
2020-07-05,65,37,102
2020-07-06,74,48,122
2020-07-07,67,40,107
2020-07-08,76,42,118
2020-07-09,70,45,115
2020-07-10,63,50,113
2020-07-11,47,35,82
2020-07-12,65,34,99
2020-07-13,62,41,103
2020-07-14,61,34,95
2020-07-15,64,54,118
2020-07-16,68,35,103
2020-07-17,56,29,85
2020-07-18,77,38,115
2020-07-19,55,35,90
2020-07-20,61,36,97
2020-07-21,58,30,88
2020-07-22,64,31,95
2020-07-23,75,50,125
2020-07-24,60,42,102
2020-07-25,62,51,113
2020-07-26,69,44,113
2020-07-27,80,34,114
2020-07-28,53,43,96
2020-07-29,74,45,119
2020-07-30,76,33,109
2020-07-31,62,37,99
2020-08-01,52,24,76
2020-08-02,61,44,105
2020-08-03,56,43,99
2020-08-04,53,37,90
2020-08-05,71,26,97
2020-08-06,59,38,97
2020-08-07,66,40,106
2020-08-08,51,33,84
2020-08-09,59,34,93
2020-08-10,50,47,97
2020-08-11,82,37,119
2020-08-12,58,37,95
2020-08-13,71,44,115
2020-08-14,68,30,98
2020-08-15,63,39,102
2020-08-16,64,34,98
2020-08-17,69,43,112
2020-08-18,60,41,101
2020-08-19,69,32,101
2020-08-20,55,40,95
2020-08-21,73,27,100
2020-08-22,45,53,98
2020-08-23,55,49,104
2020-08-24,58,39,97
2020-08-25,69,51,120
2020-08-26,62,55,117
2020-08-27,60,54,114
2020-08-28,66,41,107
2020-08-29,62,40,102
2020-08-30,58,35,93
2020-08-31,56,47,103
2020-09-01,62,50,112
2020-09-02,60,38,98
2020-09-03,61,34,95
2020-09-04,69,35,104
2020-09-05,67,48,115
2020-09-06,81,40,121
2020-09-07,72,42,114
2020-09-08,64,58,122
2020-09-09,86,50,136
2020-09-10,69,39,108
2020-09-11,68,32,100
2020-09-12,69,47,116
2020-09-13,73,50,123
2020-09-14,75,42,117
2020-09-15,76,45,121
2020-09-16,76,66,142
2020-09-17,70,44,114
2020-09-18,81,44,125
2020-09-19,92,57,149
2020-09-20,70,39,109
2020-09-21,76,54,130
2020-09-22,86,43,129
2020-09-23,56,48,104
2020-09-24,77,48,125
2020-09-25,75,56,131
2020-09-26,81,39,120
2020-09-27,61,42,103
2020-09-28,72,40,112
2020-09-29,66,41,107
2020-09-30,70,38,108
2020-10-01,70,51,121
2020-10-02,73,44,117
2020-10-03,76,40,116
2020-10-04,71,45,116
2020-10-05,75,53,128
2020-10-06,60,37,97
2020-10-07,58,42,100
2020-10-08,66,39,105
2020-10-09,78,41,119
2020-10-10,62,36,98
2020-10-11,72,40,112
2020-10-12,69,48,117
2020-10-13,81,46,127
2020-10-14,60,42,102
2020-10-15,56,40,96
2020-10-16,66,45,111
2020-10-17,57,42,99
2020-10-18,59,37,96
2020-10-19,66,28,94
2020-10-20,65,26,91
2020-10-21,56,34,90
2020-10-22,48,38,86
2020-10-23,45,31,76
2020-10-24,50,32,82
2020-10-25,50,39,89
2020-10-26,51,24,75
2020-10-27,48,22,70
2020-10-28,42,30,72
2020-10-29,55,28,83
2020-10-30,44,38,82
2020-10-31,51,34,85
2020-11-01,50,21,71
2020-11-02,43,26,69
2020-11-03,33,22,55
2020-11-04,33,23,56
2020-11-05,28,17,45
2020-11-06,19,6,25
2020-11-07,5,9,14
2020-11-08,5,2,7
2020-11-09,5,7,12
2020-11-10,0,1,1
2020-11-11,3,0,3
2020-11-12,4,1,5
2020-11-13,3,5,8
2020-11-14,2,2,4
2020-11-15,0,3,3
2020-11-16,3,0,3
2020-11-17,4,2,6
2020-11-18,1,1,2
2020-11-19,1,0,1
2020-11-20,2,0,2
2020-11-21,0,1,1
2020-11-22,1,1,2
2020-11-23,1,0,1
2020-11-24,1,1,2
2020-11-25,1,0,1
2020-11-26,2,0,2
2020-11-27,3,0,3
2020-11-28,0,0,0
2020-11-29,0,0,0
2020-11-30,1,0,1
2020-12-01,3,0,3
2020-12-02,1,0,1
2020-12-03,1,0,1
2020-12-04,0,0,0
2020-12-05,1,0,1
2020-12-06,1,0,1
2020-12-07,0,0,0
2020-12-08,0,0,0
2020-12-09,2,1,3
2020-12-10,1,0,1
2020-12-11,2,0,2
2020-12-12,0,0,0
2020-12-13,0,0,0
2020-12-14,2,0,2
2020-12-15,1,1,2
2020-12-16,0,0,0
2020-12-17,0,0,0
2020-12-18,0,0,0
2020-12-19,2,0,2
2020-12-20,1,0,1
2020-12-21,1,0,1
2020-12-22,0,0,0
2020-12-23,0,0,0
2020-12-24,1,1,2
2020-12-25,1,0,1
2020-12-26,0,0,0
2020-12-27,1,0,1
2020-12-28,0,0,0
2020-12-29,0,0,0
2020-12-30,1,0,1
2020-12-31,0,0,0
