Date,Male,Female,Total
01-01-2010,61,36,97
02-01-2010,76,48,124
03-01-2010,72,59,131
04-01-2010,81,37,118
05-01-2010,71,41,112
06-01-2010,81,57,138
07-01-2010,74,33,107
08-01-2010,96,23,119
09-01-2010,60,46,106
10-01-2010,70,52,122
11-01-2010,80,40,120
12-01-2010,89,41,130
13-01-2010,113,40,153
14-01-2010,85,63,148
15-01-2010,71,37,108
16-01-2010,66,62,128
17-01-2010,88,46,134
18-01-2010,66,43,109
19-01-2010,83,41,124
20-01-2010,70,46,116
21-01-2010,70,42,112
22-01-2010,59,62,121
23-01-2010,85,56,141
24-01-2010,75,48,123
25-01-2010,70,43,113
26-01-2010,68,68,136
27-01-2010,70,33,103
28-01-2010,64,57,121
29-01-2010,70,42,112
30-01-2010,75,39,114
31-01-2010,51,41,92
01-02-2010,53,28,81
02-02-2010,72,38,110
03-02-2010,57,35,92
04-02-2010,58,34,92
05-02-2010,63,32,95
06-02-2010,54,23,77
07-02-2010,65,61,126
08-02-2010,71,25,96
09-02-2010,49,26,75
10-02-2010,53,41,94
11-02-2010,52,30,82
12-02-2010,62,36,98
13-02-2010,60,33,93
14-02-2010,46,23,69
15-02-2010,59,50,109
16-02-2010,56,28,84
17-02-2010,58,21,79
18-02-2010,69,28,97
19-02-2010,63,21,84
20-02-2010,43,36,79
21-02-2010,76,40,116
22-02-2010,70,38,108
23-02-2010,59,29,88
24-02-2010,71,30,101
25-02-2010,50,26,76
26-02-2010,61,41,102
27-02-2010,66,39,105
28-02-2010,46,17,63
01-03-2010,56,30,86
02-03-2010,78,43,121
03-03-2010,54,25,79
04-03-2010,49,25,74
05-03-2010,47,29,76
06-03-2010,40,36,76
07-03-2010,44,33,77
08-03-2010,52,18,70
09-03-2010,63,24,87
10-03-2010,51,20,71
11-03-2010,51,29,80
12-03-2010,45,31,76
13-03-2010,49,24,73
14-03-2010,46,25,71
15-03-2010,50,25,75
16-03-2010,48,33,81
17-03-2010,58,45,103
18-03-2010,55,27,82
19-03-2010,61,29,90
20-03-2010,44,30,74
21-03-2010,53,23,76
22-03-2010,61,31,92
23-03-2010,51,24,75
24-03-2010,59,28,87
25-03-2010,35,34,69
26-03-2010,57,25,82
27-03-2010,60,26,86
28-03-2010,51,33,84
29-03-2010,46,17,63
30-03-2010,53,25,78
31-03-2010,49,34,83
01-04-2010,49,26,75
02-04-2010,58,25,83
03-04-2010,42,25,67
04-04-2010,44,30,74
05-04-2010,57,30,87
06-04-2010,60,24,84
07-04-2010,40,28,68
08-04-2010,53,40,93
09-04-2010,41,22,63
10-04-2010,58,44,102
11-04-2010,46,43,89
12-04-2010,45,35,80
13-04-2010,43,24,67
14-04-2010,46,26,72
15-04-2010,56,26,82
16-04-2010,57,36,93
17-04-2010,50,36,86
18-04-2010,75,39,114
19-04-2010,61,37,98
20-04-2010,67,35,102
21-04-2010,55,39,94
22-04-2010,45,30,75
23-04-2010,56,26,82
24-04-2010,61,26,87
25-04-2010,48,20,68
26-04-2010,50,33,83
27-04-2010,56,33,89
28-04-2010,57,34,91
29-04-2010,57,27,84
30-04-2010,44,36,80
01-05-2010,33,20,53
02-05-2010,38,29,67
03-05-2010,57,28,85
04-05-2010,52,25,77
05-05-2010,60,27,87
06-05-2010,44,22,66
07-05-2010,38,35,73
08-05-2010,53,35,88
09-05-2010,49,29,78
10-05-2010,35,23,58
11-05-2010,60,34,94
12-05-2010,51,20,71
13-05-2010,46,23,69
14-05-2010,49,25,74
15-05-2010,46,46,92
16-05-2010,58,19,77
17-05-2010,70,38,108
18-05-2010,63,32,95
19-05-2010,53,53,106
20-05-2010,46,30,76
21-05-2010,51,29,80
22-05-2010,46,28,74
23-05-2010,53,41,94
24-05-2010,64,28,92
25-05-2010,51,41,92
26-05-2010,44,38,82
27-05-2010,45,26,71
28-05-2010,48,22,70
29-05-2010,47,21,68
30-05-2010,42,25,67
31-05-2010,45,20,65
01-06-2010,58,28,86
02-06-2010,43,30,73
03-06-2010,45,34,79
04-06-2010,52,29,81
05-06-2010,48,21,69
06-06-2010,37,21,58
07-06-2010,37,22,59
08-06-2010,41,19,60
09-06-2010,34,28,62
10-06-2010,46,28,74
11-06-2010,45,21,66
12-06-2010,39,25,64
13-06-2010,43,24,67
14-06-2010,34,21,55
15-06-2010,37,25,62
16-06-2010,47,24,71
17-06-2010,37,17,54
18-06-2010,34,22,56
19-06-2010,41,37,78
20-06-2010,58,30,88
21-06-2010,57,25,82
22-06-2010,63,45,108
23-06-2010,66,46,112
24-06-2010,71,42,113
25-06-2010,58,24,82
26-06-2010,35,29,64
27-06-2010,49,24,73
28-06-2010,39,25,64
29-06-2010,51,34,85
30-06-2010,44,18,62
01-07-2010,41,26,67
02-07-2010,40,25,65
03-07-2010,43,27,70
04-07-2010,43,17,60
05-07-2010,37,10,47
06-07-2010,34,20,54
07-07-2010,43,27,70
08-07-2010,68,22,90
09-07-2010,55,34,89
10-07-2010,38,20,58
11-07-2010,52,25,77
12-07-2010,40,23,63
13-07-2010,49,37,86
14-07-2010,41,17,58
15-07-2010,60,23,83
16-07-2010,49,34,83
17-07-2010,24,26,50
18-07-2010,37,25,62
19-07-2010,39,35,74
20-07-2010,45,22,67
21-07-2010,48,31,79
22-07-2010,30,23,53
23-07-2010,42,23,65
24-07-2010,39,16,55
25-07-2010,34,20,54
26-07-2010,53,25,78
27-07-2010,46,28,74
28-07-2010,42,25,67
29-07-2010,47,35,82
30-07-2010,40,26,66
31-07-2010,36,19,55
01-08-2010,36,20,56
02-08-2010,31,30,61
03-08-2010,45,23,68
04-08-2010,45,30,75
05-08-2010,56,22,78
06-08-2010,48,24,72
07-08-2010,51,25,76
08-08-2010,57,31,88
09-08-2010,43,24,67
10-08-2010,55,22,77
11-08-2010,41,30,71
12-08-2010,45,24,69
13-08-2010,43,29,72
14-08-2010,47,30,77
15-08-2010,56,37,93
16-08-2010,50,23,73
17-08-2010,49,25,74
18-08-2010,54,39,93
19-08-2010,37,20,57
20-08-2010,45,25,70
21-08-2010,56,27,83
22-08-2010,60,30,90
23-08-2010,55,32,87
24-08-2010,57,35,92
25-08-2010,47,37,84
26-08-2010,61,33,94
27-08-2010,53,29,82
28-08-2010,64,39,103
29-08-2010,54,37,91
30-08-2010,51,26,77
31-08-2010,50,32,82
01-09-2010,56,44,100
02-09-2010,46,30,76
03-09-2010,61,33,94
04-09-2010,48,32,80
05-09-2010,52,27,79
06-09-2010,50,33,83
07-09-2010,51,34,85
08-09-2010,50,34,84
09-09-2010,61,43,104
10-09-2010,72,34,106
11-09-2010,56,39,95
12-09-2010,62,39,101
13-09-2010,54,42,96
14-09-2010,50,35,85
15-09-2010,51,34,85
16-09-2010,67,33,100
17-09-2010,55,43,98
18-09-2010,51,31,82
19-09-2010,66,36,102
20-09-2010,59,42,101
21-09-2010,67,52,119
22-09-2010,70,49,119
23-09-2010,73,34,107
24-09-2010,65,35,100
25-09-2010,80,33,113
26-09-2010,70,45,115
27-09-2010,62,36,98
28-09-2010,71,45,116
29-09-2010,62,39,101
30-09-2010,75,45,120
01-10-2010,56,29,85
02-10-2010,60,49,109
03-10-2010,76,38,114
04-10-2010,72,40,112
05-10-2010,65,43,108
06-10-2010,69,57,126
07-10-2010,75,40,115
08-10-2010,72,33,105
09-10-2010,74,50,124
10-10-2010,64,42,106
11-10-2010,67,35,102
12-10-2010,64,40,104
13-10-2010,66,47,113
14-10-2010,67,35,102
15-10-2010,66,45,111
16-10-2010,75,45,120
17-10-2010,59,46,105
18-10-2010,56,50,106
19-10-2010,82,37,119
20-10-2010,67,39,106
21-10-2010,62,43,105
22-10-2010,62,45,107
23-10-2010,58,39,97
24-10-2010,63,45,108
25-10-2010,68,48,116
26-10-2010,65,48,113
27-10-2010,57,54,111
28-10-2010,74,37,111
29-10-2010,64,37,101
30-10-2010,66,34,100
31-10-2010,70,51,121
01-11-2010,73,38,111
02-11-2010,46,46,92
03-11-2010,68,43,111
04-11-2010,53,34,87
05-11-2010,75,37,112
06-11-2010,62,41,103
07-11-2010,66,39,105
08-11-2010,72,38,110
09-11-2010,64,36,100
10-11-2010,66,40,106
11-11-2010,53,41,94
12-11-2010,75,41,116
13-11-2010,55,42,97
14-11-2010,63,36,99
15-11-2010,77,34,111
16-11-2010,59,47,106
17-11-2010,61,33,94
18-11-2010,65,40,105
19-11-2010,66,47,113
20-11-2010,53,43,96
21-11-2010,49,24,73
22-11-2010,67,44,111
23-11-2010,62,37,99
24-11-2010,60,29,89
25-11-2010,81,25,106
26-11-2010,62,46,108
27-11-2010,59,42,101
28-11-2010,55,32,87
29-11-2010,64,34,98
30-11-2010,69,40,109
01-12-2010,62,38,100
02-12-2010,69,36,105
03-12-2010,64,41,105
04-12-2010,48,35,83
05-12-2010,68,35,103
06-12-2010,65,40,105
07-12-2010,58,39,97
08-12-2010,77,40,117
09-12-2010,48,46,94
10-12-2010,67,36,103
11-12-2010,45,38,83
12-12-2010,67,36,103
13-12-2010,63,37,100
14-12-2010,78,40,118
15-12-2010,64,47,111
16-12-2010,69,42,111
17-12-2010,63,41,104
18-12-2010,70,41,111
19-12-2010,46,25,71
20-12-2010,64,33,97
21-12-2010,59,30,89
22-12-2010,58,36,94
23-12-2010,55,28,83
24-12-2010,63,33,96
25-12-2010,55,34,89
26-12-2010,56,45,101
27-12-2010,76,44,120
28-12-2010,88,44,132
29-12-2010,53,43,96
30-12-2010,61,35,96
31-12-2010,62,36,98
01-01-2011,70,39,109
02-01-2011,59,36,95
03-01-2011,78,38,116
04-01-2011,73,38,111
05-01-2011,67,40,107
06-01-2011,76,41,117
07-01-2011,60,46,106
08-01-2011,81,53,134
09-01-2011,68,49,117
10-01-2011,80,52,132
11-01-2011,76,43,119
12-01-2011,80,45,125
13-01-2011,72,49,121
14-01-2011,64,47,111
15-01-2011,64,62,126
16-01-2011,86,44,130
17-01-2011,54,56,110
18-01-2011,71,52,123
19-01-2011,49,29,78
20-01-2011,63,42,105
21-01-2011,74,38,112
22-01-2011,75,40,115
23-01-2011,67,55,122
24-01-2011,55,43,98
25-01-2011,53,48,101
26-01-2011,54,38,92
27-01-2011,56,31,87
28-01-2011,52,49,101
29-01-2011,69,50,119
30-01-2011,56,36,92
31-01-2011,52,48,100
01-02-2011,46,31,77
02-02-2011,59,44,103
03-02-2011,61,41,102
04-02-2011,65,39,104
05-02-2011,79,46,125
06-02-2011,55,40,95
07-02-2011,43,30,73
08-02-2011,52,34,86
09-02-2011,49,25,74
10-02-2011,51,26,77
11-02-2011,42,30,72
12-02-2011,51,38,89
13-02-2011,44,36,80
14-02-2011,50,31,81
15-02-2011,57,41,98
16-02-2011,54,28,82
17-02-2011,44,29,73
18-02-2011,49,28,77
19-02-2011,53,40,93
20-02-2011,52,37,89
21-02-2011,54,34,88
22-02-2011,50,31,81
23-02-2011,44,26,70
24-02-2011,50,37,87
25-02-2011,51,34,85
26-02-2011,57,26,83
27-02-2011,56,35,91
28-02-2011,47,30,77
01-03-2011,43,22,65
02-03-2011,52,36,88
03-03-2011,37,28,65
04-03-2011,50,23,73
05-03-2011,56,34,90
06-03-2011,43,31,74
07-03-2011,55,37,92
08-03-2011,41,27,68
09-03-2011,53,36,89
10-03-2011,54,29,83
11-03-2011,56,35,91
12-03-2011,51,30,81
13-03-2011,52,38,90
14-03-2011,57,37,94
15-03-2011,50,24,74
16-03-2011,54,35,89
17-03-2011,45,31,76
18-03-2011,60,31,91
19-03-2011,48,31,79
20-03-2011,52,30,82
21-03-2011,49,26,75
22-03-2011,48,22,70
23-03-2011,53,23,76
24-03-2011,48,22,70
25-03-2011,64,33,97
26-03-2011,40,40,80
27-03-2011,54,39,93
28-03-2011,41,35,76
29-03-2011,39,27,66
30-03-2011,35,19,54
31-03-2011,54,36,90
01-04-2011,48,33,81
02-04-2011,38,26,64
03-04-2011,51,27,78
04-04-2011,50,28,78
05-04-2011,53,28,81
06-04-2011,44,24,68
07-04-2011,43,29,72
08-04-2011,44,24,68
09-04-2011,45,23,68
10-04-2011,48,28,76
11-04-2011,49,24,73
12-04-2011,49,27,76
13-04-2011,49,27,76
14-04-2011,38,20,58
15-04-2011,46,28,74
16-04-2011,39,23,62
17-04-2011,44,28,72
18-04-2011,56,30,86
19-04-2011,46,25,71
20-04-2011,49,33,82
21-04-2011,46,21,67
22-04-2011,53,31,84
23-04-2011,54,34,88
24-04-2011,58,29,87
25-04-2011,53,35,88
26-04-2011,48,26,74
27-04-2011,68,25,93
28-04-2011,46,32,78
29-04-2011,51,22,73
30-04-2011,49,46,95
01-05-2011,55,29,84
02-05-2011,60,28,88
03-05-2011,54,27,81
04-05-2011,39,37,76
05-05-2011,50,42,92
06-05-2011,34,36,70
07-05-2011,29,29,58
08-05-2011,43,25,68
09-05-2011,42,32,74
10-05-2011,45,39,84
11-05-2011,49,29,78
12-05-2011,53,39,92
13-05-2011,64,33,97
14-05-2011,52,22,74
15-05-2011,46,34,80
16-05-2011,55,36,91
17-05-2011,41,30,71
18-05-2011,52,39,91
19-05-2011,40,34,74
20-05-2011,56,41,97
21-05-2011,36,32,68
22-05-2011,45,25,70
23-05-2011,34,25,59
24-05-2011,43,32,75
25-05-2011,61,28,89
26-05-2011,52,25,77
27-05-2011,31,33,64
28-05-2011,34,28,62
29-05-2011,47,25,72
30-05-2011,46,32,78
31-05-2011,52,31,83
01-06-2011,60,28,88
02-06-2011,36,26,62
03-06-2011,47,31,78
04-06-2011,39,21,60
05-06-2011,55,33,88
06-06-2011,43,23,66
07-06-2011,45,31,76
08-06-2011,34,30,64
09-06-2011,43,28,71
10-06-2011,42,26,68
11-06-2011,35,25,60
12-06-2011,21,25,46
13-06-2011,46,34,80
14-06-2011,52,30,82
15-06-2011,48,29,77
16-06-2011,37,17,54
17-06-2011,38,18,56
18-06-2011,37,19,56
19-06-2011,47,16,63
20-06-2011,45,22,67
21-06-2011,41,20,61
22-06-2011,41,24,65
23-06-2011,39,25,64
24-06-2011,43,34,77
25-06-2011,49,28,77
26-06-2011,34,23,57
27-06-2011,49,19,68
28-06-2011,47,17,64
29-06-2011,38,18,56
30-06-2011,40,19,59
01-07-2011,34,29,63
02-07-2011,58,29,87
03-07-2011,36,22,58
04-07-2011,50,38,88
05-07-2011,29,26,55
06-07-2011,49,29,78
07-07-2011,52,28,80
08-07-2011,53,34,87
09-07-2011,38,29,67
10-07-2011,55,25,80
11-07-2011,46,27,73
12-07-2011,48,37,85
13-07-2011,67,35,102
14-07-2011,55,18,73
15-07-2011,55,33,88
16-07-2011,30,39,69
17-07-2011,35,38,73
18-07-2011,40,31,71
19-07-2011,48,33,81
20-07-2011,71,41,112
21-07-2011,47,25,72
22-07-2011,59,25,84
23-07-2011,49,38,87
24-07-2011,67,33,100
25-07-2011,61,30,91
26-07-2011,47,43,90
27-07-2011,76,36,112
28-07-2011,58,43,101
29-07-2011,66,35,101
30-07-2011,53,30,83
31-07-2011,63,30,93
01-08-2011,56,37,93
02-08-2011,44,30,74
03-08-2011,57,31,88
04-08-2011,55,27,82
05-08-2011,54,42,96
06-08-2011,53,37,90
07-08-2011,57,33,90
08-08-2011,57,32,89
09-08-2011,42,39,81
10-08-2011,50,38,88
11-08-2011,61,24,85
12-08-2011,62,23,85
13-08-2011,56,30,86
14-08-2011,48,22,70
15-08-2011,50,30,80
16-08-2011,49,26,75
17-08-2011,59,23,82
18-08-2011,51,29,80
19-08-2011,47,27,74
20-08-2011,49,32,81
21-08-2011,63,26,89
22-08-2011,56,24,80
23-08-2011,64,36,100
24-08-2011,49,24,73
25-08-2011,52,35,87
26-08-2011,42,29,71
27-08-2011,46,30,76
28-08-2011,48,31,79
29-08-2011,49,18,67
30-08-2011,51,32,83
31-08-2011,45,30,75
01-09-2011,54,34,88
02-09-2011,54,33,87
03-09-2011,49,28,77
04-09-2011,51,25,76
05-09-2011,48,29,77
06-09-2011,44,33,77
07-09-2011,43,26,69
08-09-2011,54,23,77
09-09-2011,35,24,59
10-09-2011,53,33,86
11-09-2011,42,25,67
12-09-2011,37,36,73
13-09-2011,39,34,73
14-09-2011,38,32,70
15-09-2011,45,27,72
16-09-2011,55,25,80
17-09-2011,46,32,78
18-09-2011,52,25,77
19-09-2011,64,30,94
20-09-2011,50,33,83
21-09-2011,59,25,84
22-09-2011,51,30,81
23-09-2011,41,25,66
24-09-2011,36,29,65
25-09-2011,51,26,77
26-09-2011,53,29,82
27-09-2011,51,20,71
28-09-2011,58,28,86
29-09-2011,47,34,81
30-09-2011,53,38,91
01-10-2011,48,26,74
02-10-2011,54,42,96
03-10-2011,48,30,78
04-10-2011,46,18,64
05-10-2011,59,21,80
06-10-2011,41,25,66
07-10-2011,58,27,85
08-10-2011,44,35,79
09-10-2011,62,27,89
10-10-2011,64,28,92
11-10-2011,50,38,88
12-10-2011,47,31,78
13-10-2011,60,39,99
14-10-2011,55,31,86
15-10-2011,49,27,76
16-10-2011,50,34,84
17-10-2011,52,23,75
18-10-2011,56,28,84
19-10-2011,52,33,85
20-10-2011,58,32,90
21-10-2011,51,39,90
22-10-2011,53,40,93
23-10-2011,44,34,78
24-10-2011,50,24,74
25-10-2011,67,35,102
26-10-2011,50,26,76
27-10-2011,63,41,104
28-10-2011,51,48,99
29-10-2011,56,30,86
30-10-2011,46,40,86
31-10-2011,57,35,92
01-11-2011,58,31,89
02-11-2011,54,26,80
03-11-2011,62,33,95
04-11-2011,64,40,104
05-11-2011,69,40,109
06-11-2011,51,39,90
07-11-2011,54,29,83
08-11-2011,52,45,97
09-11-2011,64,25,89
10-11-2011,56,37,93
11-11-2011,49,23,72
12-11-2011,49,31,80
13-11-2011,70,38,108
14-11-2011,54,26,80
15-11-2011,58,46,104
16-11-2011,59,29,88
17-11-2011,60,21,81
18-11-2011,53,37,90
19-11-2011,60,40,100
20-11-2011,59,42,101
21-11-2011,51,37,88
22-11-2011,58,31,89
23-11-2011,50,49,99
24-11-2011,64,32,96
25-11-2011,57,27,84
26-11-2011,62,42,104
27-11-2011,54,28,82
28-11-2011,54,36,90
29-11-2011,61,33,94
30-11-2011,63,23,86
01-12-2011,63,46,109
02-12-2011,44,28,72
03-12-2011,69,34,103
04-12-2011,46,40,86
05-12-2011,61,32,93
06-12-2011,40,38,78
07-12-2011,62,28,90
08-12-2011,60,28,88
09-12-2011,64,29,93
10-12-2011,47,28,75
11-12-2011,54,34,88
12-12-2011,52,39,91
13-12-2011,62,30,92
14-12-2011,66,40,106
15-12-2011,50,29,79
16-12-2011,60,39,99
17-12-2011,52,29,81
18-12-2011,66,46,112
19-12-2011,63,31,94
20-12-2011,64,37,101
21-12-2011,77,43,120
22-12-2011,65,37,102
23-12-2011,63,36,99
24-12-2011,60,48,108
25-12-2011,95,52,147
26-12-2011,67,56,123
27-12-2011,69,36,105
28-12-2011,75,35,110
29-12-2011,64,43,107
30-12-2011,83,45,128
31-12-2011,60,40,100
01-01-2012,57,48,105
02-01-2012,54,33,87
03-01-2012,47,42,89
04-01-2012,59,36,95
05-01-2012,77,29,106
06-01-2012,58,32,90
07-01-2012,57,39,96
08-01-2012,48,38,86
09-01-2012,78,41,119
10-01-2012,55,42,97
11-01-2012,54,48,102
12-01-2012,53,30,83
13-01-2012,71,46,117
14-01-2012,51,40,91
15-01-2012,88,51,139
16-01-2012,60,36,96
17-01-2012,52,40,92
18-01-2012,69,39,108
19-01-2012,60,36,96
20-01-2012,63,39,102
21-01-2012,69,36,105
22-01-2012,61,31,92
23-01-2012,56,33,89
24-01-2012,68,48,116
25-01-2012,72,56,128
26-01-2012,58,37,95
27-01-2012,47,39,86
28-01-2012,75,32,107
29-01-2012,54,46,100
30-01-2012,66,36,102
31-01-2012,66,44,110
01-02-2012,58,43,101
02-02-2012,66,33,99
03-02-2012,64,46,110
04-02-2012,60,42,102
05-02-2012,47,44,91
06-02-2012,55,40,95
07-02-2012,62,34,96
08-02-2012,54,43,97
09-02-2012,63,42,105
10-02-2012,49,38,87
11-02-2012,49,37,86
12-02-2012,44,38,82
13-02-2012,67,42,109
14-02-2012,58,31,89
15-02-2012,49,31,80
16-02-2012,50,29,79
17-02-2012,53,37,90
18-02-2012,58,38,96
19-02-2012,55,46,101
20-02-2012,54,42,96
21-02-2012,62,36,98
22-02-2012,47,40,87
23-02-2012,60,40,100
24-02-2012,51,24,75
25-02-2012,69,30,99
26-02-2012,71,31,102
27-02-2012,54,34,88
28-02-2012,60,37,97
29-02-2012,60,40,100
01-03-2012,57,30,87
02-03-2012,60,47,107
03-03-2012,66,32,98
04-03-2012,63,37,100
05-03-2012,70,20,90
06-03-2012,54,32,86
07-03-2012,48,45,93
08-03-2012,60,38,98
09-03-2012,44,34,78
10-03-2012,72,27,99
11-03-2012,56,28,84
12-03-2012,57,35,92
13-03-2012,61,35,96
14-03-2012,51,31,82
15-03-2012,57,23,80
16-03-2012,53,39,92
17-03-2012,51,36,87
18-03-2012,64,33,97
19-03-2012,51,29,80
20-03-2012,48,32,80
21-03-2012,46,24,70
22-03-2012,61,19,80
23-03-2012,58,33,91
24-03-2012,47,36,83
25-03-2012,45,37,82
26-03-2012,50,38,88
27-03-2012,53,30,83
28-03-2012,51,33,84
29-03-2012,56,26,82
30-03-2012,47,40,87
31-03-2012,52,29,81
01-04-2012,47,34,81
02-04-2012,56,27,83
03-04-2012,58,34,92
04-04-2012,63,27,90
05-04-2012,52,32,84
06-04-2012,57,34,91
07-04-2012,41,39,80
08-04-2012,55,22,77
09-04-2012,52,35,87
10-04-2012,50,30,80
11-04-2012,34,27,61
12-04-2012,33,27,60
13-04-2012,41,22,63
14-04-2012,44,27,71
15-04-2012,44,28,72
16-04-2012,42,32,74
17-04-2012,54,30,84
18-04-2012,47,30,77
19-04-2012,37,30,67
20-04-2012,33,36,69
21-04-2012,47,27,74
22-04-2012,47,20,67
23-04-2012,43,21,64
24-04-2012,38,29,67
25-04-2012,49,23,72
26-04-2012,39,35,74
27-04-2012,34,25,59
28-04-2012,47,35,82
29-04-2012,33,18,51
30-04-2012,55,28,83
01-05-2012,42,29,71
02-05-2012,51,31,82
03-05-2012,53,23,76
04-05-2012,50,36,86
05-05-2012,44,30,74
06-05-2012,52,30,82
07-05-2012,50,44,94
08-05-2012,63,41,104
09-05-2012,54,35,89
10-05-2012,61,39,100
11-05-2012,47,33,80
12-05-2012,48,33,81
13-05-2012,34,25,59
14-05-2012,40,37,77
15-05-2012,46,28,74
16-05-2012,47,32,79
17-05-2012,49,34,83
18-05-2012,58,38,96
19-05-2012,51,31,82
20-05-2012,41,34,75
21-05-2012,61,35,96
22-05-2012,49,35,84
23-05-2012,44,40,84
24-05-2012,47,44,91
25-05-2012,56,39,95
26-05-2012,64,34,98
27-05-2012,57,43,100
28-05-2012,57,48,105
29-05-2012,53,34,87
30-05-2012,50,56,106
31-05-2012,72,50,122
01-06-2012,95,43,138
02-06-2012,71,59,130
03-06-2012,60,31,91
04-06-2012,74,42,116
05-06-2012,38,20,58
06-06-2012,46,39,85
07-06-2012,46,35,81
08-06-2012,35,27,62
09-06-2012,39,38,77
10-06-2012,47,30,77
11-06-2012,55,31,86
12-06-2012,52,30,82
13-06-2012,44,37,81
14-06-2012,65,23,88
15-06-2012,55,26,81
16-06-2012,56,26,82
17-06-2012,57,32,89
18-06-2012,42,37,79
19-06-2012,51,22,73
20-06-2012,44,40,84
21-06-2012,56,42,98
22-06-2012,65,26,91
23-06-2012,63,29,92
24-06-2012,88,46,134
25-06-2012,91,40,131
26-06-2012,69,40,109
27-06-2012,66,31,97
28-06-2012,64,36,100
29-06-2012,50,36,86
30-06-2012,47,34,81
01-07-2012,64,42,106
02-07-2012,75,51,126
03-07-2012,76,45,121
04-07-2012,58,27,85
05-07-2012,63,23,86
06-07-2012,58,21,79
07-07-2012,38,20,58
08-07-2012,36,24,60
09-07-2012,44,25,69
10-07-2012,43,38,81
11-07-2012,46,18,64
12-07-2012,43,26,69
13-07-2012,46,24,70
14-07-2012,49,26,75
15-07-2012,38,35,73
16-07-2012,47,26,73
17-07-2012,58,34,92
18-07-2012,47,28,75
19-07-2012,60,31,91
20-07-2012,66,33,99
21-07-2012,61,24,85
22-07-2012,66,23,89
23-07-2012,44,23,67
24-07-2012,50,27,77
25-07-2012,44,28,72
26-07-2012,52,27,79
27-07-2012,54,28,82
28-07-2012,48,31,79
29-07-2012,51,25,76
30-07-2012,37,41,78
31-07-2012,41,35,76
01-08-2012,46,28,74
02-08-2012,38,27,65
03-08-2012,50,27,77
04-08-2012,62,34,96
05-08-2012,61,25,86
06-08-2012,62,22,84
07-08-2012,54,35,89
08-08-2012,48,23,71
09-08-2012,44,24,68
10-08-2012,45,38,83
11-08-2012,60,21,81
12-08-2012,46,29,75
13-08-2012,54,27,81
14-08-2012,61,32,93
15-08-2012,37,34,71
16-08-2012,50,27,77
17-08-2012,55,35,90
18-08-2012,49,30,79
19-08-2012,57,30,87
20-08-2012,47,24,71
21-08-2012,56,30,86
22-08-2012,51,24,75
23-08-2012,39,28,67
24-08-2012,32,28,60
25-08-2012,42,40,82
26-08-2012,50,22,72
27-08-2012,60,28,88
28-08-2012,54,34,88
29-08-2012,47,24,71
30-08-2012,48,40,88
31-08-2012,50,38,88
01-09-2012,49,40,89
02-09-2012,55,38,93
03-09-2012,49,39,88
04-09-2012,65,27,92
05-09-2012,56,26,82
06-09-2012,66,36,102
07-09-2012,46,26,72
08-09-2012,63,39,102
09-09-2012,54,41,95
10-09-2012,75,42,117
11-09-2012,58,44,102
12-09-2012,59,39,98
13-09-2012,66,37,103
14-09-2012,55,28,83
15-09-2012,61,34,95
16-09-2012,54,34,88
17-09-2012,57,39,96
18-09-2012,63,37,100
19-09-2012,63,42,105
20-09-2012,66,34,100
21-09-2012,64,29,93
22-09-2012,68,41,109
23-09-2012,77,46,123
24-09-2012,54,46,100
25-09-2012,72,46,118
26-09-2012,64,44,108
27-09-2012,62,40,102
28-09-2012,83,39,122
29-09-2012,76,29,105
30-09-2012,62,50,112
01-10-2012,68,44,112
02-10-2012,71,40,111
03-10-2012,73,45,118
04-10-2012,55,46,101
05-10-2012,54,41,95
06-10-2012,58,38,96
07-10-2012,57,31,88
08-10-2012,58,29,87
09-10-2012,67,49,116
10-10-2012,59,35,94
11-10-2012,62,48,110
12-10-2012,61,53,114
13-10-2012,65,42,107
14-10-2012,60,36,96
15-10-2012,57,42,99
16-10-2012,55,42,97
17-10-2012,54,59,113
18-10-2012,61,38,99
19-10-2012,52,27,79
20-10-2012,49,36,85
21-10-2012,55,36,91
22-10-2012,60,33,93
23-10-2012,51,51,102
24-10-2012,72,29,101
25-10-2012,53,31,84
26-10-2012,63,36,99
27-10-2012,64,30,94
28-10-2012,72,40,112
29-10-2012,54,29,83
30-10-2012,59,31,90
31-10-2012,62,44,106
01-11-2012,63,33,96
02-11-2012,73,39,112
03-11-2012,54,40,94
04-11-2012,61,45,106
05-11-2012,69,26,95
06-11-2012,63,40,103
07-11-2012,58,34,92
08-11-2012,66,38,104
09-11-2012,70,35,105
10-11-2012,55,36,91
11-11-2012,58,44,102
12-11-2012,58,20,78
13-11-2012,54,27,81
14-11-2012,73,31,104
15-11-2012,53,35,88
16-11-2012,75,35,110
17-11-2012,66,37,103
18-11-2012,56,37,93
19-11-2012,71,42,113
20-11-2012,68,42,110
21-11-2012,50,32,82
22-11-2012,50,35,85
23-11-2012,61,36,97
24-11-2012,64,40,104
25-11-2012,73,44,117
26-11-2012,57,51,108
27-11-2012,75,37,112
28-11-2012,62,45,107
29-11-2012,86,27,113
30-11-2012,57,34,91
01-12-2012,58,37,95
02-12-2012,72,34,106
03-12-2012,53,41,94
04-12-2012,51,30,81
05-12-2012,68,38,106
06-12-2012,74,44,118
07-12-2012,64,39,103
08-12-2012,56,41,97
09-12-2012,80,44,124
10-12-2012,80,43,123
11-12-2012,55,36,91
12-12-2012,64,45,109
13-12-2012,57,29,86
14-12-2012,55,46,101
15-12-2012,54,45,99
16-12-2012,60,30,90
17-12-2012,52,51,103
18-12-2012,68,27,95
19-12-2012,66,35,101
20-12-2012,65,44,109
21-12-2012,67,42,109
22-12-2012,70,32,102
23-12-2012,46,39,85
24-12-2012,66,39,105
25-12-2012,50,37,87
26-12-2012,53,41,94
27-12-2012,85,38,123
28-12-2012,61,41,102
29-12-2012,73,39,112
30-12-2012,67,47,114
31-12-2012,67,40,107
01-01-2013,68,43,111
02-01-2013,66,50,116
03-01-2013,86,44,130
04-01-2013,90,47,137
05-01-2013,84,37,121
06-01-2013,93,50,143
07-01-2013,82,59,141
08-01-2013,77,51,128
09-01-2013,93,51,144
10-01-2013,87,51,138
11-01-2013,77,45,122
12-01-2013,69,54,123
13-01-2013,75,48,123
14-01-2013,88,49,137
15-01-2013,88,36,124
16-01-2013,76,38,114
17-01-2013,76,53,129
18-01-2013,71,57,128
19-01-2013,69,47,116
20-01-2013,69,50,119
21-01-2013,57,46,103
22-01-2013,54,35,89
23-01-2013,63,36,99
24-01-2013,72,45,117
25-01-2013,75,39,114
26-01-2013,81,39,120
27-01-2013,70,45,115
28-01-2013,67,41,108
29-01-2013,76,53,129
30-01-2013,67,45,112
31-01-2013,69,45,114
01-02-2013,64,48,112
02-02-2013,62,52,114
03-02-2013,69,27,96
04-02-2013,51,55,106
05-02-2013,67,35,102
06-02-2013,81,26,107
07-02-2013,62,51,113
08-02-2013,75,41,116
09-02-2013,47,38,85
10-02-2013,73,37,110
11-02-2013,68,49,117
12-02-2013,77,45,122
13-02-2013,61,36,97
14-02-2013,70,36,106
15-02-2013,73,58,131
16-02-2013,69,34,103
17-02-2013,56,34,90
18-02-2013,59,27,86
19-02-2013,54,42,96
20-02-2013,51,47,98
21-02-2013,71,51,122
22-02-2013,75,32,107
23-02-2013,69,35,104
24-02-2013,58,42,100
25-02-2013,71,46,117
26-02-2013,67,30,97
27-02-2013,64,38,102
28-02-2013,70,43,113
01-03-2013,64,42,106
02-03-2013,53,42,95
03-03-2013,68,32,100
04-03-2013,63,43,106
05-03-2013,64,34,98
06-03-2013,68,36,104
07-03-2013,54,32,86
08-03-2013,53,27,80
09-03-2013,58,29,87
10-03-2013,63,33,96
11-03-2013,49,25,74
12-03-2013,50,23,73
13-03-2013,51,23,74
14-03-2013,53,36,89
15-03-2013,43,39,82
16-03-2013,66,29,95
17-03-2013,52,22,74
18-03-2013,48,32,80
19-03-2013,43,37,80
20-03-2013,42,26,68
21-03-2013,57,41,98
22-03-2013,66,34,100
23-03-2013,65,37,102
24-03-2013,49,27,76
25-03-2013,49,39,88
26-03-2013,44,21,65
27-03-2013,50,25,75
28-03-2013,58,30,88
29-03-2013,51,27,78
30-03-2013,50,38,88
31-03-2013,53,29,82
01-04-2013,64,38,102
02-04-2013,71,32,103
03-04-2013,62,39,101
04-04-2013,62,33,95
05-04-2013,60,26,86
06-04-2013,54,31,85
07-04-2013,56,31,87
08-04-2013,55,39,94
09-04-2013,49,36,85
10-04-2013,58,29,87
11-04-2013,54,24,78
12-04-2013,39,29,68
13-04-2013,51,30,81
14-04-2013,49,19,68
15-04-2013,36,35,71
16-04-2013,59,32,91
17-04-2013,45,29,74
18-04-2013,51,31,82
19-04-2013,51,25,76
20-04-2013,52,35,87
21-04-2013,62,32,94
22-04-2013,41,30,71
23-04-2013,50,22,72
24-04-2013,56,33,89
25-04-2013,51,28,79
26-04-2013,49,27,76
27-04-2013,55,30,85
28-04-2013,48,38,86
29-04-2013,54,33,87
30-04-2013,56,33,89
01-05-2013,36,40,76
02-05-2013,60,35,95
03-05-2013,61,36,97
04-05-2013,47,34,81
05-05-2013,63,30,93
06-05-2013,50,35,85
07-05-2013,62,33,95
08-05-2013,51,28,79
09-05-2013,78,46,124
10-05-2013,59,44,103
11-05-2013,50,36,86
12-05-2013,49,37,86
13-05-2013,63,40,103
14-05-2013,51,33,84
15-05-2013,43,26,69
16-05-2013,51,25,76
17-05-2013,54,32,86
18-05-2013,76,23,99
19-05-2013,63,32,95
20-05-2013,67,41,108
21-05-2013,51,32,83
22-05-2013,49,35,84
23-05-2013,77,42,119
24-05-2013,56,52,108
25-05-2013,82,36,118
26-05-2013,70,49,119
27-05-2013,75,49,124
28-05-2013,64,31,95
29-05-2013,57,49,106
30-05-2013,71,27,98
31-05-2013,54,27,81
01-06-2013,44,33,77
02-06-2013,63,33,96
03-06-2013,48,42,90
04-06-2013,54,35,89
05-06-2013,57,28,85
06-06-2013,58,27,85
07-06-2013,52,45,97
08-06-2013,53,44,97
09-06-2013,52,38,90
10-06-2013,58,32,90
11-06-2013,49,41,90
12-06-2013,48,29,77
13-06-2013,42,26,68
14-06-2013,56,27,83
15-06-2013,51,35,86
16-06-2013,33,20,53
17-06-2013,58,33,91
18-06-2013,50,32,82
19-06-2013,61,30,91
20-06-2013,47,31,78
21-06-2013,63,37,100
22-06-2013,47,39,86
23-06-2013,60,35,95
24-06-2013,62,32,94
25-06-2013,39,30,69
26-06-2013,50,25,75
27-06-2013,47,29,76
28-06-2013,42,32,74
29-06-2013,52,29,81
30-06-2013,58,28,86
01-07-2013,51,34,85
02-07-2013,51,37,88
03-07-2013,49,23,72
04-07-2013,54,37,91
05-07-2013,72,35,107
06-07-2013,47,36,83
07-07-2013,56,24,80
08-07-2013,64,41,105
09-07-2013,53,34,87
10-07-2013,49,26,75
11-07-2013,52,29,81
12-07-2013,52,42,94
13-07-2013,64,36,100
14-07-2013,61,35,96
15-07-2013,45,32,77
16-07-2013,72,31,103
17-07-2013,55,34,89
18-07-2013,61,38,99
19-07-2013,72,34,106
20-07-2013,55,35,90
21-07-2013,77,30,107
22-07-2013,54,29,83
23-07-2013,47,29,76
24-07-2013,63,39,102
25-07-2013,56,36,92
26-07-2013,61,38,99
27-07-2013,57,38,95
28-07-2013,50,37,87
29-07-2013,52,32,84
30-07-2013,58,48,106
31-07-2013,45,33,78
01-08-2013,55,35,90
02-08-2013,53,33,86
03-08-2013,63,40,103
04-08-2013,55,28,83
05-08-2013,66,44,110
06-08-2013,35,33,68
07-08-2013,60,43,103
08-08-2013,46,39,85
09-08-2013,66,27,93
10-08-2013,63,36,99
11-08-2013,72,30,102
12-08-2013,50,32,82
13-08-2013,62,30,92
14-08-2013,56,26,82
15-08-2013,58,34,92
16-08-2013,68,49,117
17-08-2013,75,36,111
18-08-2013,64,38,102
19-08-2013,64,29,93
20-08-2013,50,34,84
21-08-2013,46,34,80
22-08-2013,49,43,92
23-08-2013,42,30,72
24-08-2013,59,37,96
25-08-2013,63,45,108
26-08-2013,64,39,103
27-08-2013,63,36,99
28-08-2013,66,23,89
29-08-2013,54,36,90
30-08-2013,66,36,102
31-08-2013,54,36,90
01-09-2013,63,33,96
02-09-2013,61,40,101
03-09-2013,48,37,85
04-09-2013,58,36,94
05-09-2013,65,35,100
06-09-2013,56,32,88
07-09-2013,54,37,91
08-09-2013,55,31,86
09-09-2013,59,41,100
10-09-2013,62,47,109
11-09-2013,56,34,90
12-09-2013,63,43,106
13-09-2013,61,42,103
14-09-2013,53,40,93
15-09-2013,42,40,82
16-09-2013,75,43,118
17-09-2013,70,38,108
18-09-2013,52,29,81
19-09-2013,69,35,104
20-09-2013,52,30,82
21-09-2013,50,40,90
22-09-2013,56,34,90
23-09-2013,53,29,82
24-09-2013,62,30,92
25-09-2013,46,39,85
26-09-2013,51,34,85
27-09-2013,61,46,107
28-09-2013,51,40,91
29-09-2013,58,32,90
30-09-2013,45,30,75
01-10-2013,39,37,76
02-10-2013,63,43,106
03-10-2013,47,43,90
04-10-2013,53,46,99
05-10-2013,72,28,100
06-10-2013,48,37,85
07-10-2013,59,37,96
08-10-2013,50,41,91
09-10-2013,44,32,76
10-10-2013,42,38,80
11-10-2013,52,40,92
12-10-2013,56,41,97
13-10-2013,48,48,96
14-10-2013,53,45,98
15-10-2013,56,34,90
16-10-2013,51,35,86
17-10-2013,59,26,85
18-10-2013,64,31,95
19-10-2013,43,28,71
20-10-2013,72,37,109
21-10-2013,61,34,95
22-10-2013,68,43,111
23-10-2013,57,28,85
24-10-2013,73,36,109
25-10-2013,70,29,99
26-10-2013,64,42,106
27-10-2013,61,43,104
28-10-2013,63,32,95
29-10-2013,56,30,86
30-10-2013,68,51,119
31-10-2013,59,38,97
01-11-2013,49,36,85
02-11-2013,65,30,95
03-11-2013,62,29,91
04-11-2013,79,45,124
05-11-2013,72,30,102
06-11-2013,70,39,109
07-11-2013,56,39,95
08-11-2013,59,37,96
09-11-2013,70,31,101
10-11-2013,67,36,103
11-11-2013,63,43,106
12-11-2013,68,39,107
13-11-2013,71,45,116
14-11-2013,56,35,91
15-11-2013,73,35,108
16-11-2013,69,38,107
17-11-2013,71,44,115
18-11-2013,65,27,92
19-11-2013,60,38,98
20-11-2013,61,48,109
21-11-2013,72,48,120
22-11-2013,65,37,102
23-11-2013,80,48,128
24-11-2013,76,48,124
25-11-2013,65,44,109
26-11-2013,56,41,97
27-11-2013,59,39,98
28-11-2013,57,36,93
29-11-2013,69,42,111
30-11-2013,62,42,104
01-12-2013,69,47,116
02-12-2013,70,42,112
03-12-2013,57,27,84
04-12-2013,61,41,102
05-12-2013,51,45,96
06-12-2013,65,33,98
07-12-2013,77,23,100
08-12-2013,77,39,116
09-12-2013,60,37,97
10-12-2013,74,36,110
11-12-2013,60,45,105
12-12-2013,59,35,94
13-12-2013,55,30,85
14-12-2013,65,32,97
15-12-2013,54,32,86
16-12-2013,69,41,110
17-12-2013,53,46,99
18-12-2013,56,43,99
19-12-2013,53,31,84
20-12-2013,59,36,95
21-12-2013,63,30,93
22-12-2013,55,29,84
23-12-2013,53,50,103
24-12-2013,56,40,96
25-12-2013,48,37,85
26-12-2013,80,40,120
27-12-2013,53,40,93
28-12-2013,70,36,106
29-12-2013,68,39,107
30-12-2013,68,44,112
31-12-2013,56,44,100
01-01-2014,62,38,100
02-01-2014,79,43,122
03-01-2014,69,42,111
04-01-2014,66,38,104
05-01-2014,83,41,124
06-01-2014,73,47,120
07-01-2014,75,41,116
08-01-2014,67,49,116
09-01-2014,59,37,96
10-01-2014,77,68,145
11-01-2014,70,41,111
12-01-2014,69,50,119
13-01-2014,69,41,110
14-01-2014,61,37,98
15-01-2014,68,43,111
16-01-2014,87,54,141
17-01-2014,71,47,118
18-01-2014,58,38,96
19-01-2014,70,29,99
20-01-2014,56,51,107
21-01-2014,58,41,99
22-01-2014,55,34,89
23-01-2014,64,40,104
24-01-2014,54,39,93
25-01-2014,60,42,102
26-01-2014,53,52,105
27-01-2014,60,47,107
28-01-2014,70,43,113
29-01-2014,71,50,121
30-01-2014,67,39,106
31-01-2014,63,41,104
01-02-2014,61,37,98
02-02-2014,63,45,108
03-02-2014,74,37,111
04-02-2014,67,55,122
05-02-2014,58,41,99
06-02-2014,59,42,101
07-02-2014,56,47,103
08-02-2014,53,36,89
09-02-2014,50,26,76
10-02-2014,60,35,95
11-02-2014,67,43,110
12-02-2014,69,33,102
13-02-2014,55,45,100
14-02-2014,67,38,105
15-02-2014,55,33,88
16-02-2014,65,28,93
17-02-2014,58,35,93
18-02-2014,76,33,109
19-02-2014,82,46,128
20-02-2014,74,38,112
21-02-2014,79,47,126
22-02-2014,71,32,103
23-02-2014,55,35,90
24-02-2014,71,50,121
25-02-2014,76,49,125
26-02-2014,60,30,90
27-02-2014,57,41,98
28-02-2014,63,41,104
01-03-2014,57,35,92
02-03-2014,55,42,97
03-03-2014,73,32,105
04-03-2014,80,42,122
05-03-2014,55,44,99
06-03-2014,64,34,98
07-03-2014,70,37,107
08-03-2014,57,43,100
09-03-2014,48,46,94
10-03-2014,63,43,106
11-03-2014,62,32,94
12-03-2014,61,45,106
13-03-2014,67,47,114
14-03-2014,51,34,85
15-03-2014,59,39,98
16-03-2014,65,34,99
17-03-2014,71,45,116
18-03-2014,74,39,113
19-03-2014,63,36,99
20-03-2014,59,30,89
21-03-2014,60,36,96
22-03-2014,42,30,72
23-03-2014,52,30,82
24-03-2014,59,24,83
25-03-2014,52,26,78
26-03-2014,55,33,88
27-03-2014,53,29,82
28-03-2014,44,30,74
29-03-2014,50,27,77
30-03-2014,48,42,90
31-03-2014,61,32,93
01-04-2014,59,44,103
02-04-2014,35,35,70
03-04-2014,48,35,83
04-04-2014,33,35,68
05-04-2014,54,37,91
06-04-2014,56,31,87
07-04-2014,54,30,84
08-04-2014,51,28,79
09-04-2014,51,43,94
10-04-2014,63,37,100
11-04-2014,59,33,92
12-04-2014,52,26,78
13-04-2014,49,34,83
14-04-2014,50,30,80
15-04-2014,57,32,89
16-04-2014,51,30,81
17-04-2014,67,33,100
18-04-2014,37,33,70
19-04-2014,45,31,76
20-04-2014,54,28,82
21-04-2014,59,34,93
22-04-2014,51,29,80
23-04-2014,60,31,91
24-04-2014,47,37,84
25-04-2014,65,32,97
26-04-2014,60,47,107
27-04-2014,50,31,81
28-04-2014,38,33,71
29-04-2014,48,50,98
30-04-2014,61,36,97
01-05-2014,76,44,120
02-05-2014,54,42,96
03-05-2014,60,34,94
04-05-2014,42,37,79
05-05-2014,65,32,97
06-05-2014,56,27,83
07-05-2014,48,36,84
08-05-2014,61,38,99
09-05-2014,51,30,81
10-05-2014,43,38,81
11-05-2014,45,29,74
12-05-2014,63,26,89
13-05-2014,58,31,89
14-05-2014,55,35,90
15-05-2014,50,33,83
16-05-2014,46,44,90
17-05-2014,46,42,88
18-05-2014,52,22,74
19-05-2014,59,43,102
20-05-2014,59,31,90
21-05-2014,50,29,79
22-05-2014,49,28,77
23-05-2014,55,39,94
24-05-2014,45,26,71
25-05-2014,46,32,78
26-05-2014,50,39,89
27-05-2014,59,28,87
28-05-2014,53,30,83
29-05-2014,62,26,88
30-05-2014,61,40,101
31-05-2014,62,30,92
01-06-2014,42,32,74
02-06-2014,56,28,84
03-06-2014,40,36,76
04-06-2014,60,29,89
05-06-2014,61,33,94
06-06-2014,63,42,105
07-06-2014,84,60,144
08-06-2014,77,49,126
09-06-2014,82,65,147
10-06-2014,76,44,120
11-06-2014,98,41,139
12-06-2014,51,54,105
13-06-2014,56,32,88
14-06-2014,52,30,82
15-06-2014,44,32,76
16-06-2014,63,25,88
17-06-2014,59,22,81
18-06-2014,71,36,107
19-06-2014,60,35,95
20-06-2014,66,34,100
21-06-2014,73,41,114
22-06-2014,50,29,79
23-06-2014,47,37,84
24-06-2014,50,21,71
25-06-2014,50,28,78
26-06-2014,49,31,80
27-06-2014,42,22,64
28-06-2014,64,32,96
29-06-2014,37,30,67
30-06-2014,52,30,82
01-07-2014,51,35,86
02-07-2014,49,29,78
03-07-2014,50,28,78
04-07-2014,47,23,70
05-07-2014,49,28,77
06-07-2014,65,24,89
07-07-2014,54,50,104
08-07-2014,47,37,84
09-07-2014,51,27,78
10-07-2014,57,33,90
11-07-2014,69,34,103
12-07-2014,68,27,95
13-07-2014,62,46,108
14-07-2014,43,26,69
15-07-2014,56,24,80
16-07-2014,48,32,80
17-07-2014,54,28,82
18-07-2014,67,33,100
19-07-2014,54,37,91
20-07-2014,44,32,76
21-07-2014,55,35,90
22-07-2014,62,26,88
23-07-2014,42,34,76
24-07-2014,45,30,75
25-07-2014,53,42,95
26-07-2014,62,39,101
27-07-2014,58,34,92
28-07-2014,51,45,96
29-07-2014,53,35,88
30-07-2014,61,40,101
31-07-2014,63,39,102
01-08-2014,64,38,102
02-08-2014,64,33,97
03-08-2014,52,37,89
04-08-2014,61,31,92
05-08-2014,46,29,75
06-08-2014,41,37,78
07-08-2014,44,29,73
08-08-2014,54,31,85
09-08-2014,66,33,99
10-08-2014,48,32,80
11-08-2014,46,29,75
12-08-2014,55,31,86
13-08-2014,62,42,104
14-08-2014,53,25,78
15-08-2014,53,35,88
16-08-2014,58,25,83
17-08-2014,55,33,88
18-08-2014,58,32,90
19-08-2014,49,40,89
20-08-2014,57,44,101
21-08-2014,54,38,92
22-08-2014,57,34,91
23-08-2014,60,36,96
24-08-2014,60,42,102
25-08-2014,59,45,104
26-08-2014,74,32,106
27-08-2014,54,34,88
28-08-2014,54,33,87
29-08-2014,58,26,84
30-08-2014,62,31,93
31-08-2014,47,41,88
01-09-2014,46,23,69
02-09-2014,65,38,103
03-09-2014,60,35,95
04-09-2014,57,21,78
05-09-2014,40,23,63
06-09-2014,50,19,69
07-09-2014,53,25,78
08-09-2014,44,32,76
09-09-2014,48,29,77
10-09-2014,57,28,85
11-09-2014,45,36,81
12-09-2014,46,24,70
13-09-2014,56,38,94
14-09-2014,44,31,75
15-09-2014,38,35,73
16-09-2014,53,40,93
17-09-2014,46,36,82
18-09-2014,58,36,94
19-09-2014,49,32,81
20-09-2014,49,27,76
21-09-2014,53,26,79
22-09-2014,59,30,89
23-09-2014,53,38,91
24-09-2014,53,31,84
25-09-2014,53,27,80
26-09-2014,46,32,78
27-09-2014,53,36,89
28-09-2014,48,34,82
29-09-2014,45,26,71
30-09-2014,56,35,91
01-10-2014,49,34,83
02-10-2014,61,26,87
03-10-2014,43,34,77
04-10-2014,51,35,86
05-10-2014,58,42,100
06-10-2014,62,35,97
07-10-2014,51,33,84
08-10-2014,50,26,76
09-10-2014,54,37,91
10-10-2014,43,20,63
11-10-2014,46,34,80
12-10-2014,63,19,82
13-10-2014,45,23,68
14-10-2014,40,29,69
15-10-2014,39,35,74
16-10-2014,58,29,87
17-10-2014,49,21,70
18-10-2014,43,40,83
19-10-2014,51,22,73
20-10-2014,52,38,90
21-10-2014,47,29,76
22-10-2014,49,41,90
23-10-2014,62,21,83
24-10-2014,67,40,107
25-10-2014,65,39,104
26-10-2014,52,31,83
27-10-2014,66,45,111
28-10-2014,62,38,100
29-10-2014,71,30,101
30-10-2014,49,30,79
31-10-2014,65,34,99
01-11-2014,60,30,90
02-11-2014,54,32,86
03-11-2014,64,40,104
04-11-2014,61,32,93
05-11-2014,75,26,101
06-11-2014,59,20,79
07-11-2014,64,39,103
08-11-2014,54,40,94
09-11-2014,46,39,85
10-11-2014,52,32,84
11-11-2014,64,33,97
12-11-2014,48,31,79
13-11-2014,44,27,71
14-11-2014,61,29,90
15-11-2014,59,36,95
16-11-2014,65,39,104
17-11-2014,65,51,116
18-11-2014,58,39,97
19-11-2014,69,26,95
20-11-2014,60,30,90
21-11-2014,64,46,110
22-11-2014,78,38,116
23-11-2014,59,34,93
24-11-2014,64,39,103
25-11-2014,36,33,69
26-11-2014,62,38,100
27-11-2014,70,46,116
28-11-2014,73,41,114
29-11-2014,62,39,101
30-11-2014,53,40,93
01-12-2014,59,40,99
02-12-2014,74,35,109
03-12-2014,69,36,105
04-12-2014,74,26,100
05-12-2014,64,48,112
06-12-2014,54,41,95
07-12-2014,59,34,93
08-12-2014,46,50,96
09-12-2014,50,43,93
10-12-2014,71,47,118
11-12-2014,81,34,115
12-12-2014,64,42,106
13-12-2014,69,41,110
14-12-2014,61,46,107
15-12-2014,57,25,82
16-12-2014,69,45,114
17-12-2014,50,33,83
18-12-2014,62,28,90
19-12-2014,73,40,113
20-12-2014,74,51,125
21-12-2014,50,42,92
22-12-2014,73,51,124
23-12-2014,65,45,110
24-12-2014,75,49,124
25-12-2014,62,42,104
26-12-2014,71,53,124
27-12-2014,61,49,110
28-12-2014,81,43,124
29-12-2014,71,39,110
30-12-2014,84,47,131
31-12-2014,86,46,132
01-01-2015,81,55,136
02-01-2015,70,48,118
03-01-2015,54,42,96
04-01-2015,75,48,123
05-01-2015,66,57,123
06-01-2015,68,36,104
07-01-2015,56,44,100
08-01-2015,68,48,116
09-01-2015,76,55,131
10-01-2015,70,47,117
11-01-2015,67,34,101
12-01-2015,78,46,124
13-01-2015,72,49,121
14-01-2015,61,51,112
15-01-2015,77,39,116
16-01-2015,79,57,136
17-01-2015,71,47,118
18-01-2015,65,56,121
19-01-2015,91,42,133
20-01-2015,64,40,104
21-01-2015,68,33,101
22-01-2015,59,47,106
23-01-2015,57,38,95
24-01-2015,53,45,98
25-01-2015,54,36,90
26-01-2015,65,34,99
27-01-2015,70,54,124
28-01-2015,54,41,95
29-01-2015,66,40,106
30-01-2015,70,63,133
31-01-2015,87,53,140
01-02-2015,69,49,118
02-02-2015,69,45,114
03-02-2015,74,44,118
04-02-2015,72,57,129
05-02-2015,69,53,122
06-02-2015,90,56,146
07-02-2015,73,52,125
08-02-2015,68,46,114
09-02-2015,75,45,120
10-02-2015,67,48,115
11-02-2015,75,43,118
12-02-2015,87,48,135
13-02-2015,93,41,134
14-02-2015,82,43,125
15-02-2015,74,58,132
16-02-2015,83,53,136
17-02-2015,67,46,113
18-02-2015,73,35,108
19-02-2015,83,43,126
20-02-2015,72,44,116
21-02-2015,73,44,117
22-02-2015,69,39,108
23-02-2015,66,41,107
24-02-2015,69,52,121
25-02-2015,68,50,118
26-02-2015,76,51,127
27-02-2015,62,34,96
28-02-2015,65,41,106
01-03-2015,72,43,115
02-03-2015,60,39,99
03-03-2015,79,38,117
04-03-2015,56,37,93
05-03-2015,71,41,112
06-03-2015,65,43,108
07-03-2015,70,42,112
08-03-2015,57,36,93
09-03-2015,56,33,89
10-03-2015,71,38,109
11-03-2015,50,37,87
12-03-2015,76,44,120
13-03-2015,64,35,99
14-03-2015,56,32,88
15-03-2015,61,35,96
16-03-2015,63,24,87
17-03-2015,62,47,109
18-03-2015,53,37,90
19-03-2015,49,40,89
20-03-2015,60,38,98
21-03-2015,80,32,112
22-03-2015,63,42,105
23-03-2015,53,32,85
24-03-2015,57,46,103
25-03-2015,65,32,97
26-03-2015,51,36,87
27-03-2015,63,31,94
28-03-2015,44,38,82
29-03-2015,53,36,89
30-03-2015,66,27,93
31-03-2015,43,28,71
01-04-2015,52,40,92
02-04-2015,45,28,73
03-04-2015,52,27,79
04-04-2015,39,27,66
05-04-2015,55,30,85
06-04-2015,54,31,85
07-04-2015,39,28,67
08-04-2015,52,33,85
09-04-2015,53,39,92
10-04-2015,52,36,88
11-04-2015,36,31,67
12-04-2015,46,31,77
13-04-2015,54,40,94
14-04-2015,50,34,84
15-04-2015,55,31,86
16-04-2015,43,39,82
17-04-2015,47,27,74
18-04-2015,65,32,97
19-04-2015,56,39,95
20-04-2015,54,45,99
21-04-2015,62,32,94
22-04-2015,55,40,95
23-04-2015,50,26,76
24-04-2015,49,32,81
25-04-2015,48,30,78
26-04-2015,36,24,60
27-04-2015,64,30,94
28-04-2015,47,39,86
29-04-2015,43,47,90
30-04-2015,52,29,81
01-05-2015,59,31,90
02-05-2015,53,25,78
03-05-2015,52,38,90
04-05-2015,47,42,89
05-05-2015,56,27,83
06-05-2015,57,50,107
07-05-2015,41,38,79
08-05-2015,52,34,86
09-05-2015,60,37,97
10-05-2015,64,37,101
11-05-2015,61,38,99
12-05-2015,50,45,95
13-05-2015,47,24,71
14-05-2015,43,27,70
15-05-2015,48,28,76
16-05-2015,38,36,74
17-05-2015,43,24,67
18-05-2015,57,34,91
19-05-2015,56,31,87
20-05-2015,45,31,76
21-05-2015,47,28,75
22-05-2015,33,36,69
23-05-2015,45,38,83
24-05-2015,45,32,77
25-05-2015,74,39,113
26-05-2015,61,46,107
27-05-2015,48,37,85
28-05-2015,56,40,96
29-05-2015,50,28,78
30-05-2015,59,39,98
31-05-2015,51,25,76
01-06-2015,50,28,78
02-06-2015,37,20,57
03-06-2015,50,28,78
04-06-2015,45,27,72
05-06-2015,56,31,87
06-06-2015,67,32,99
07-06-2015,54,35,89
08-06-2015,46,28,74
09-06-2015,58,30,88
10-06-2015,63,32,95
11-06-2015,51,41,92
12-06-2015,43,33,76
13-06-2015,53,31,84
14-06-2015,47,28,75
15-06-2015,61,24,85
16-06-2015,54,26,80
17-06-2015,34,31,65
18-06-2015,48,32,80
19-06-2015,48,29,77
20-06-2015,42,22,64
21-06-2015,44,20,64
22-06-2015,42,35,77
23-06-2015,45,18,63
24-06-2015,40,20,60
25-06-2015,36,42,78
26-06-2015,37,23,60
27-06-2015,45,21,66
28-06-2015,56,31,87
29-06-2015,39,27,66
30-06-2015,51,26,77
01-07-2015,50,27,77
02-07-2015,51,27,78
03-07-2015,54,34,88
04-07-2015,49,38,87
05-07-2015,54,28,82
06-07-2015,54,28,82
07-07-2015,56,26,82
08-07-2015,35,41,76
09-07-2015,47,27,74
10-07-2015,38,29,67
11-07-2015,39,22,61
12-07-2015,47,35,82
13-07-2015,48,37,85
14-07-2015,54,25,79
15-07-2015,53,37,90
16-07-2015,47,26,73
17-07-2015,45,33,78
18-07-2015,42,40,82
19-07-2015,40,28,68
20-07-2015,46,43,89
21-07-2015,50,24,74
22-07-2015,47,21,68
23-07-2015,49,16,65
24-07-2015,50,36,86
25-07-2015,51,38,89
26-07-2015,58,33,91
27-07-2015,46,27,73
28-07-2015,46,25,71
29-07-2015,40,24,64
30-07-2015,46,39,85
31-07-2015,49,37,86
01-08-2015,49,31,80
02-08-2015,41,37,78
03-08-2015,58,29,87
04-08-2015,52,22,74
05-08-2015,56,36,92
06-08-2015,37,29,66
07-08-2015,49,29,78
08-08-2015,49,30,79
09-08-2015,64,37,101
10-08-2015,61,25,86
11-08-2015,37,28,65
12-08-2015,56,33,89
13-08-2015,50,37,87
14-08-2015,57,31,88
15-08-2015,56,34,90
16-08-2015,51,34,85
17-08-2015,63,32,95
18-08-2015,67,41,108
19-08-2015,54,41,95
20-08-2015,54,31,85
21-08-2015,47,32,79
22-08-2015,67,33,100
23-08-2015,58,32,90
24-08-2015,65,27,92
25-08-2015,53,43,96
26-08-2015,59,37,96
27-08-2015,62,35,97
28-08-2015,73,44,117
29-08-2015,51,33,84
30-08-2015,59,36,95
31-08-2015,76,39,115
01-09-2015,73,48,121
02-09-2015,59,37,96
03-09-2015,45,40,85
04-09-2015,58,44,102
05-09-2015,71,54,125
06-09-2015,61,44,105
07-09-2015,67,48,115
08-09-2015,64,33,97
09-09-2015,56,45,101
10-09-2015,56,48,104
11-09-2015,68,47,115
12-09-2015,76,46,122
13-09-2015,68,40,108
14-09-2015,55,42,97
15-09-2015,59,44,103
16-09-2015,83,40,123
17-09-2015,66,37,103
18-09-2015,52,48,100
19-09-2015,45,44,89
20-09-2015,77,45,122
21-09-2015,60,36,96
22-09-2015,67,33,100
23-09-2015,56,31,87
24-09-2015,48,46,94
25-09-2015,41,39,80
26-09-2015,44,47,91
27-09-2015,49,50,99
28-09-2015,39,28,67
29-09-2015,55,35,90
30-09-2015,53,34,87
01-10-2015,58,42,100
02-10-2015,64,32,96
03-10-2015,53,30,83
04-10-2015,63,35,98
05-10-2015,57,39,96
06-10-2015,70,39,109
07-10-2015,67,46,113
08-10-2015,43,27,70
09-10-2015,47,38,85
10-10-2015,55,30,85
11-10-2015,50,35,85
12-10-2015,57,41,98
13-10-2015,61,34,95
14-10-2015,43,27,70
15-10-2015,45,39,84
16-10-2015,54,26,80
17-10-2015,38,30,68
18-10-2015,58,22,80
19-10-2015,46,29,75
20-10-2015,53,37,90
21-10-2015,56,25,81
22-10-2015,59,33,92
23-10-2015,52,38,90
24-10-2015,64,34,98
25-10-2015,53,34,87
26-10-2015,71,40,111
27-10-2015,48,35,83
28-10-2015,73,29,102
29-10-2015,55,25,80
30-10-2015,68,28,96
31-10-2015,61,25,86
01-11-2015,66,35,101
02-11-2015,66,57,123
03-11-2015,69,36,105
04-11-2015,52,41,93
05-11-2015,53,35,88
06-11-2015,58,35,93
07-11-2015,59,31,90
08-11-2015,49,40,89
09-11-2015,73,46,119
10-11-2015,58,35,93
11-11-2015,55,42,97
12-11-2015,60,32,92
13-11-2015,48,36,84
14-11-2015,50,37,87
15-11-2015,66,38,104
16-11-2015,49,43,92
17-11-2015,64,38,102
18-11-2015,82,46,128
19-11-2015,61,33,94
20-11-2015,57,43,100
21-11-2015,53,37,90
22-11-2015,78,51,129
23-11-2015,61,38,99
24-11-2015,62,35,97
25-11-2015,63,39,102
26-11-2015,61,39,100
27-11-2015,69,45,114
28-11-2015,59,23,82
29-11-2015,79,49,128
30-11-2015,75,41,116
01-12-2015,68,35,103
02-12-2015,56,39,95
03-12-2015,74,39,113
04-12-2015,62,39,101
05-12-2015,72,31,103
06-12-2015,64,22,86
07-12-2015,63,42,105
08-12-2015,58,43,101
09-12-2015,54,33,87
10-12-2015,54,33,87
11-12-2015,59,47,106
12-12-2015,59,36,95
13-12-2015,51,33,84
14-12-2015,68,47,115
15-12-2015,58,37,95
16-12-2015,86,52,138
17-12-2015,66,48,114
18-12-2015,65,51,116
19-12-2015,57,52,109
20-12-2015,70,44,114
21-12-2015,72,42,114
22-12-2015,82,42,124
23-12-2015,73,46,119
24-12-2015,79,40,119
25-12-2015,77,52,129
26-12-2015,75,44,119
27-12-2015,65,51,116
28-12-2015,95,35,130
29-12-2015,73,57,130
30-12-2015,63,50,113
31-12-2015,88,45,133
01-01-2016,72,45,117
02-01-2016,77,57,134
03-01-2016,68,53,121
04-01-2016,61,50,111
05-01-2016,81,62,143
06-01-2016,64,50,114
07-01-2016,75,56,131
08-01-2016,68,49,117
09-01-2016,79,56,135
10-01-2016,69,42,111
11-01-2016,66,57,123
12-01-2016,71,42,113
13-01-2016,77,25,102
14-01-2016,81,49,130
15-01-2016,79,41,120
16-01-2016,77,50,127
17-01-2016,67,47,114
18-01-2016,99,42,141
19-01-2016,85,48,133
20-01-2016,87,42,129
21-01-2016,70,52,122
22-01-2016,64,49,113
23-01-2016,70,44,114
24-01-2016,68,46,114
25-01-2016,76,45,121
26-01-2016,77,56,133
27-01-2016,95,58,153
28-01-2016,63,46,109
29-01-2016,90,59,149
30-01-2016,81,56,137
31-01-2016,68,46,114
01-02-2016,60,36,96
02-02-2016,58,41,99
03-02-2016,85,49,134
04-02-2016,69,45,114
05-02-2016,76,35,111
06-02-2016,95,47,142
07-02-2016,68,48,116
08-02-2016,64,43,107
09-02-2016,67,33,100
10-02-2016,74,42,116
11-02-2016,60,57,117
12-02-2016,54,60,114
13-02-2016,57,45,102
14-02-2016,70,44,114
15-02-2016,63,46,109
16-02-2016,69,42,111
17-02-2016,67,47,114
18-02-2016,62,40,102
19-02-2016,65,30,95
20-02-2016,63,38,101
21-02-2016,60,38,98
22-02-2016,63,39,102
23-02-2016,72,46,118
24-02-2016,65,43,108
25-02-2016,61,38,99
26-02-2016,70,34,104
27-02-2016,62,49,111
28-02-2016,80,43,123
29-02-2016,59,37,96
01-03-2016,58,37,95
02-03-2016,54,42,96
03-03-2016,67,32,99
04-03-2016,65,32,97
05-03-2016,58,52,110
06-03-2016,45,41,86
07-03-2016,67,38,105
08-03-2016,54,36,90
09-03-2016,56,35,91
10-03-2016,64,42,106
11-03-2016,41,22,63
12-03-2016,58,35,93
13-03-2016,67,28,95
14-03-2016,65,38,103
15-03-2016,68,43,111
16-03-2016,50,37,87
17-03-2016,63,21,84
18-03-2016,44,37,81
19-03-2016,56,35,91
20-03-2016,56,31,87
21-03-2016,44,28,72
22-03-2016,40,34,74
23-03-2016,60,41,101
24-03-2016,52,38,90
25-03-2016,47,42,89
26-03-2016,68,38,106
27-03-2016,46,38,84
28-03-2016,54,29,83
29-03-2016,57,38,95
30-03-2016,58,37,95
31-03-2016,61,40,101
01-04-2016,50,44,94
02-04-2016,53,41,94
03-04-2016,57,39,96
04-04-2016,62,34,96
05-04-2016,54,36,90
06-04-2016,51,37,88
07-04-2016,66,36,102
08-04-2016,51,22,73
09-04-2016,60,35,95
10-04-2016,55,43,98
11-04-2016,52,28,80
12-04-2016,45,41,86
13-04-2016,45,35,80
14-04-2016,49,31,80
15-04-2016,53,36,89
16-04-2016,47,38,85
17-04-2016,61,37,98
18-04-2016,61,34,95
19-04-2016,65,34,99
20-04-2016,66,39,105
21-04-2016,53,33,86
22-04-2016,52,34,86
23-04-2016,42,37,79
24-04-2016,51,36,87
25-04-2016,56,34,90
26-04-2016,52,36,88
27-04-2016,57,42,99
28-04-2016,57,35,92
29-04-2016,56,42,98
30-04-2016,59,26,85
01-05-2016,67,36,103
02-05-2016,59,45,104
03-05-2016,69,48,117
04-05-2016,49,48,97
05-05-2016,49,41,90
06-05-2016,42,28,70
07-05-2016,58,37,95
08-05-2016,42,22,64
09-05-2016,54,35,89
10-05-2016,54,44,98
11-05-2016,42,42,84
12-05-2016,50,34,84
13-05-2016,49,43,92
14-05-2016,65,42,107
15-05-2016,60,33,93
16-05-2016,74,37,111
17-05-2016,61,47,108
18-05-2016,61,47,108
19-05-2016,58,55,113
20-05-2016,71,32,103
21-05-2016,66,37,103
22-05-2016,62,40,102
23-05-2016,69,38,107
24-05-2016,59,37,96
25-05-2016,56,45,101
26-05-2016,52,41,93
27-05-2016,61,32,93
28-05-2016,71,34,105
29-05-2016,54,33,87
30-05-2016,59,24,83
31-05-2016,44,30,74
01-06-2016,34,32,66
02-06-2016,51,40,91
03-06-2016,49,34,83
04-06-2016,56,37,93
05-06-2016,64,49,113
06-06-2016,60,29,89
07-06-2016,50,34,84
08-06-2016,43,29,72
09-06-2016,67,36,103
10-06-2016,43,33,76
11-06-2016,49,34,83
12-06-2016,48,45,93
13-06-2016,59,41,100
14-06-2016,41,43,84
15-06-2016,49,37,86
16-06-2016,58,33,91
17-06-2016,54,26,80
18-06-2016,48,28,76
19-06-2016,53,32,85
20-06-2016,41,41,82
21-06-2016,62,33,95
22-06-2016,62,34,96
23-06-2016,55,25,80
24-06-2016,66,45,111
25-06-2016,51,28,79
26-06-2016,56,33,89
27-06-2016,49,26,75
28-06-2016,49,34,83
29-06-2016,45,32,77
30-06-2016,51,28,79
01-07-2016,65,28,93
02-07-2016,41,30,71
03-07-2016,58,32,90
04-07-2016,45,34,79
05-07-2016,52,25,77
06-07-2016,50,34,84
07-07-2016,65,35,100
08-07-2016,71,32,103
09-07-2016,58,36,94
10-07-2016,41,33,74
11-07-2016,61,36,97
12-07-2016,57,45,102
13-07-2016,55,30,85
14-07-2016,73,39,112
15-07-2016,49,35,84
16-07-2016,59,37,96
17-07-2016,52,30,82
18-07-2016,55,39,94
19-07-2016,58,45,103
20-07-2016,59,50,109
21-07-2016,66,45,111
22-07-2016,68,46,114
23-07-2016,86,45,131
24-07-2016,66,50,116
25-07-2016,77,47,124
26-07-2016,66,36,102
27-07-2016,71,60,131
28-07-2016,63,41,104
29-07-2016,66,32,98
30-07-2016,58,44,102
31-07-2016,59,37,96
01-08-2016,64,51,115
02-08-2016,68,43,111
03-08-2016,87,46,133
04-08-2016,67,44,111
05-08-2016,70,49,119
06-08-2016,74,39,113
07-08-2016,59,45,104
08-08-2016,79,43,122
09-08-2016,67,38,105
10-08-2016,72,38,110
11-08-2016,77,34,111
12-08-2016,67,37,104
13-08-2016,66,32,98
14-08-2016,69,39,108
15-08-2016,88,43,131
16-08-2016,66,46,112
17-08-2016,73,47,120
18-08-2016,62,46,108
19-08-2016,78,41,119
20-08-2016,79,50,129
21-08-2016,66,43,109
22-08-2016,89,47,136
23-08-2016,62,38,100
24-08-2016,63,45,108
25-08-2016,53,63,116
26-08-2016,64,55,119
27-08-2016,89,47,136
28-08-2016,84,52,136
29-08-2016,89,51,140
30-08-2016,65,48,113
31-08-2016,69,40,109
01-09-2016,71,57,128
02-09-2016,59,43,102
03-09-2016,72,43,115
04-09-2016,86,50,136
05-09-2016,92,46,138
06-09-2016,93,59,152
07-09-2016,96,45,141
08-09-2016,80,53,133
09-09-2016,99,60,159
10-09-2016,83,45,128
11-09-2016,98,40,138
12-09-2016,89,54,143
13-09-2016,105,37,142
14-09-2016,93,45,138
15-09-2016,98,51,149
16-09-2016,85,43,128
17-09-2016,62,50,112
18-09-2016,88,61,149
19-09-2016,94,59,153
20-09-2016,95,52,147
21-09-2016,84,41,125
22-09-2016,76,48,124
23-09-2016,73,49,122
24-09-2016,73,58,131
25-09-2016,99,56,155
26-09-2016,62,43,105
27-09-2016,79,48,127
28-09-2016,77,46,123
29-09-2016,80,31,111
30-09-2016,73,34,107
01-10-2016,89,57,146
02-10-2016,67,45,112
03-10-2016,58,40,98
04-10-2016,72,39,111
05-10-2016,65,39,104
06-10-2016,77,36,113
07-10-2016,56,37,93
08-10-2016,68,40,108
09-10-2016,47,39,86
10-10-2016,73,25,98
11-10-2016,75,33,108
12-10-2016,68,40,108
13-10-2016,55,42,97
14-10-2016,71,40,111
15-10-2016,62,42,104
16-10-2016,58,36,94
17-10-2016,82,43,125
18-10-2016,79,41,120
19-10-2016,70,36,106
20-10-2016,68,60,128
21-10-2016,70,40,110
22-10-2016,76,45,121
23-10-2016,59,32,91
24-10-2016,86,50,136
25-10-2016,71,40,111
26-10-2016,61,38,99
27-10-2016,59,38,97
28-10-2016,73,48,121
29-10-2016,69,42,111
30-10-2016,55,42,97
31-10-2016,85,45,130
01-11-2016,58,50,108
02-11-2016,59,50,109
03-11-2016,69,40,109
04-11-2016,71,45,116
05-11-2016,79,44,123
06-11-2016,68,46,114
07-11-2016,74,47,121
08-11-2016,66,40,106
09-11-2016,82,46,128
10-11-2016,81,53,134
11-11-2016,76,39,115
12-11-2016,89,36,125
13-11-2016,72,41,113
14-11-2016,79,38,117
15-11-2016,70,31,101
16-11-2016,69,39,108
17-11-2016,69,49,118
18-11-2016,72,43,115
19-11-2016,76,41,117
20-11-2016,69,44,113
21-11-2016,80,50,130
22-11-2016,86,58,144
23-11-2016,70,42,112
24-11-2016,72,56,128
25-11-2016,58,36,94
26-11-2016,63,42,105
27-11-2016,71,37,108
28-11-2016,73,45,118
29-11-2016,62,52,114
30-11-2016,65,48,113
01-12-2016,70,47,117
02-12-2016,63,35,98
03-12-2016,59,30,89
04-12-2016,72,36,108
05-12-2016,51,60,111
06-12-2016,54,40,94
07-12-2016,72,36,108
08-12-2016,79,46,125
09-12-2016,66,40,106
10-12-2016,78,46,124
11-12-2016,70,33,103
12-12-2016,55,44,99
13-12-2016,64,40,104
14-12-2016,59,34,93
15-12-2016,52,30,82
16-12-2016,68,33,101
17-12-2016,68,45,113
18-12-2016,61,45,106
19-12-2016,55,51,106
20-12-2016,67,36,103
21-12-2016,75,36,111
22-12-2016,61,44,105
23-12-2016,73,47,120
24-12-2016,81,47,128
25-12-2016,64,29,93
26-12-2016,86,41,127
27-12-2016,65,37,102
28-12-2016,63,44,107
29-12-2016,70,52,122
30-12-2016,77,38,115
31-12-2016,89,42,131
01-01-2017,85,56,141
02-01-2017,71,45,116
03-01-2017,60,46,106
04-01-2017,63,40,103
05-01-2017,59,52,111
06-01-2017,67,47,114
07-01-2017,59,37,96
08-01-2017,50,42,92
09-01-2017,70,48,118
10-01-2017,67,49,116
11-01-2017,59,42,101
12-01-2017,72,37,109
13-01-2017,79,56,135
14-01-2017,68,34,102
15-01-2017,84,49,133
16-01-2017,62,53,115
17-01-2017,78,47,125
18-01-2017,76,33,109
19-01-2017,74,40,114
20-01-2017,68,47,115
21-01-2017,59,54,113
22-01-2017,76,47,123
23-01-2017,93,54,147
24-01-2017,52,48,100
25-01-2017,77,56,133
26-01-2017,53,33,86
27-01-2017,56,47,103
28-01-2017,60,29,89
29-01-2017,65,44,109
30-01-2017,66,54,120
31-01-2017,69,43,112
01-02-2017,70,45,115
02-02-2017,62,48,110
03-02-2017,64,47,111
04-02-2017,59,43,102
05-02-2017,62,45,107
06-02-2017,74,52,126
07-02-2017,51,46,97
08-02-2017,61,43,104
09-02-2017,60,34,94
10-02-2017,72,45,117
11-02-2017,65,32,97
12-02-2017,60,45,105
13-02-2017,67,49,116
14-02-2017,67,43,110
15-02-2017,50,37,87
16-02-2017,65,44,109
17-02-2017,64,39,103
18-02-2017,65,43,108
19-02-2017,60,48,108
20-02-2017,60,45,105
21-02-2017,50,33,83
22-02-2017,67,41,108
23-02-2017,49,45,94
24-02-2017,51,32,83
25-02-2017,59,37,96
26-02-2017,70,53,123
27-02-2017,55,40,95
28-02-2017,71,35,106
01-03-2017,63,35,98
02-03-2017,55,40,95
03-03-2017,48,29,77
04-03-2017,53,48,101
05-03-2017,63,35,98
06-03-2017,50,46,96
07-03-2017,55,30,85
08-03-2017,46,47,93
09-03-2017,64,35,99
10-03-2017,73,44,117
11-03-2017,52,41,93
12-03-2017,50,31,81
13-03-2017,62,33,95
14-03-2017,66,40,106
15-03-2017,66,31,97
16-03-2017,66,36,102
17-03-2017,61,39,100
18-03-2017,57,35,92
19-03-2017,47,36,83
20-03-2017,48,30,78
21-03-2017,47,39,86
22-03-2017,64,48,112
23-03-2017,57,45,102
24-03-2017,51,38,89
25-03-2017,60,42,102
26-03-2017,61,33,94
27-03-2017,50,41,91
28-03-2017,52,32,84
29-03-2017,53,41,94
30-03-2017,42,34,76
31-03-2017,59,54,113
01-04-2017,63,48,111
02-04-2017,45,33,78
03-04-2017,55,41,96
04-04-2017,41,33,74
05-04-2017,68,38,106
06-04-2017,55,33,88
07-04-2017,58,40,98
08-04-2017,48,35,83
09-04-2017,57,37,94
10-04-2017,54,40,94
11-04-2017,68,39,107
12-04-2017,65,35,100
13-04-2017,58,31,89
14-04-2017,60,49,109
15-04-2017,54,46,100
16-04-2017,65,47,112
17-04-2017,69,27,96
18-04-2017,65,41,106
19-04-2017,52,37,89
20-04-2017,64,28,92
21-04-2017,66,56,122
22-04-2017,62,40,102
23-04-2017,60,37,97
24-04-2017,50,42,92
25-04-2017,53,34,87
26-04-2017,54,27,81
27-04-2017,54,32,86
28-04-2017,52,38,90
29-04-2017,50,37,87
30-04-2017,53,35,88
01-05-2017,57,25,82
02-05-2017,47,37,84
03-05-2017,58,28,86
04-05-2017,67,38,105
05-05-2017,56,38,94
06-05-2017,57,30,87
07-05-2017,61,40,101
08-05-2017,70,25,95
09-05-2017,65,45,110
10-05-2017,55,35,90
11-05-2017,48,25,73
12-05-2017,47,41,88
13-05-2017,62,32,94
14-05-2017,56,35,91
15-05-2017,64,41,105
16-05-2017,56,42,98
17-05-2017,47,33,80
18-05-2017,60,36,96
19-05-2017,63,33,96
20-05-2017,53,30,83
21-05-2017,49,37,86
22-05-2017,70,38,108
23-05-2017,67,29,96
24-05-2017,57,29,86
25-05-2017,45,32,77
26-05-2017,44,35,79
27-05-2017,58,38,96
28-05-2017,54,28,82
29-05-2017,38,37,75
30-05-2017,67,37,104
31-05-2017,45,29,74
01-06-2017,47,22,69
02-06-2017,51,17,68
03-06-2017,64,43,107
04-06-2017,58,28,86
05-06-2017,77,51,128
06-06-2017,80,42,122
07-06-2017,56,41,97
08-06-2017,33,25,58
09-06-2017,51,42,93
10-06-2017,45,32,77
11-06-2017,57,24,81
12-06-2017,60,36,96
13-06-2017,50,32,82
14-06-2017,65,27,92
15-06-2017,69,31,100
16-06-2017,54,32,86
17-06-2017,58,27,85
18-06-2017,53,35,88
19-06-2017,51,22,73
20-06-2017,54,32,86
21-06-2017,45,29,74
22-06-2017,47,27,74
23-06-2017,50,33,83
24-06-2017,43,21,64
25-06-2017,56,25,81
26-06-2017,63,31,94
27-06-2017,57,31,88
28-06-2017,73,38,111
29-06-2017,55,36,91
30-06-2017,46,19,65
01-07-2017,36,23,59
02-07-2017,42,22,64
03-07-2017,49,23,72
04-07-2017,51,35,86
05-07-2017,58,25,83
06-07-2017,52,24,76
07-07-2017,47,43,90
08-07-2017,59,38,97
09-07-2017,70,35,105
10-07-2017,62,44,106
11-07-2017,48,36,84
12-07-2017,56,40,96
13-07-2017,41,30,71
14-07-2017,60,35,95
15-07-2017,65,32,97
16-07-2017,42,47,89
17-07-2017,64,39,103
18-07-2017,56,32,88
19-07-2017,59,26,85
20-07-2017,62,38,100
21-07-2017,53,31,84
22-07-2017,50,37,87
23-07-2017,56,31,87
24-07-2017,50,41,91
25-07-2017,52,42,94
26-07-2017,58,41,99
27-07-2017,62,34,96
28-07-2017,42,38,80
29-07-2017,54,40,94
30-07-2017,50,32,82
31-07-2017,60,31,91
01-08-2017,51,38,89
02-08-2017,57,51,108
03-08-2017,56,50,106
04-08-2017,58,33,91
05-08-2017,61,38,99
06-08-2017,62,37,99
07-08-2017,61,35,96
08-08-2017,69,50,119
09-08-2017,61,27,88
10-08-2017,54,37,91
11-08-2017,69,47,116
12-08-2017,51,39,90
13-08-2017,72,42,114
14-08-2017,64,28,92
15-08-2017,62,29,91
16-08-2017,48,43,91
17-08-2017,72,43,115
18-08-2017,75,48,123
19-08-2017,69,49,118
20-08-2017,62,32,94
21-08-2017,56,36,92
22-08-2017,54,36,90
23-08-2017,67,26,93
24-08-2017,67,42,109
25-08-2017,72,40,112
26-08-2017,63,31,94
27-08-2017,54,46,100
28-08-2017,51,30,81
29-08-2017,56,41,97
30-08-2017,66,43,109
31-08-2017,56,41,97
01-09-2017,60,52,112
02-09-2017,56,43,99
03-09-2017,43,30,73
04-09-2017,58,49,107
05-09-2017,68,37,105
06-09-2017,61,46,107
07-09-2017,49,43,92
08-09-2017,65,37,102
09-09-2017,59,45,104
10-09-2017,72,43,115
11-09-2017,61,44,105
12-09-2017,49,31,80
13-09-2017,61,40,101
14-09-2017,54,43,97
15-09-2017,75,36,111
16-09-2017,60,34,94
17-09-2017,56,27,83
18-09-2017,65,40,105
19-09-2017,79,32,111
20-09-2017,63,44,107
21-09-2017,56,47,103
22-09-2017,59,51,110
23-09-2017,58,42,100
24-09-2017,56,30,86
25-09-2017,55,31,86
26-09-2017,51,35,86
27-09-2017,49,39,88
28-09-2017,55,37,92
29-09-2017,48,33,81
30-09-2017,61,38,99
01-10-2017,62,39,101
02-10-2017,64,35,99
03-10-2017,70,41,111
04-10-2017,65,32,97
05-10-2017,64,34,98
06-10-2017,52,43,95
07-10-2017,57,48,105
08-10-2017,52,44,96
09-10-2017,59,39,98
10-10-2017,80,57,137
11-10-2017,64,44,108
12-10-2017,60,33,93
13-10-2017,82,40,122
14-10-2017,65,42,107
15-10-2017,52,38,90
16-10-2017,53,51,104
17-10-2017,76,41,117
18-10-2017,54,29,83
19-10-2017,66,41,107
20-10-2017,89,43,132
21-10-2017,76,54,130
22-10-2017,58,38,96
23-10-2017,76,41,117
24-10-2017,68,36,104
25-10-2017,55,57,112
26-10-2017,62,41,103
27-10-2017,59,43,102
28-10-2017,63,39,102
29-10-2017,53,32,85
30-10-2017,69,47,116
31-10-2017,72,35,107
01-11-2017,66,41,107
02-11-2017,63,38,101
03-11-2017,66,52,118
04-11-2017,80,35,115
05-11-2017,72,52,124
06-11-2017,73,42,115
07-11-2017,83,41,124
08-11-2017,72,39,111
09-11-2017,82,41,123
10-11-2017,68,36,104
11-11-2017,71,49,120
12-11-2017,84,37,121
13-11-2017,62,44,106
14-11-2017,75,28,103
15-11-2017,60,45,105
16-11-2017,64,38,102
17-11-2017,60,40,100
18-11-2017,81,58,139
19-11-2017,71,36,107
20-11-2017,75,42,117
21-11-2017,76,47,123
22-11-2017,78,34,112
23-11-2017,58,52,110
24-11-2017,73,57,130
25-11-2017,68,39,107
26-11-2017,95,52,147
27-11-2017,99,54,153
28-11-2017,84,40,124
29-11-2017,79,55,134
30-11-2017,109,52,161
01-12-2017,82,56,138
02-12-2017,65,55,120
03-12-2017,77,51,128
04-12-2017,71,43,114
05-12-2017,92,62,154
06-12-2017,74,36,110
07-12-2017,94,46,140
08-12-2017,71,61,132
09-12-2017,83,37,120
10-12-2017,81,58,139
11-12-2017,80,48,128
12-12-2017,78,44,122
13-12-2017,85,41,126
14-12-2017,86,56,142
15-12-2017,79,44,123
16-12-2017,67,53,120
17-12-2017,75,51,126
18-12-2017,69,69,138
19-12-2017,83,50,133
20-12-2017,96,48,144
21-12-2017,72,52,124
22-12-2017,93,51,144
23-12-2017,76,58,134
24-12-2017,85,65,150
25-12-2017,74,52,126
26-12-2017,90,52,142
27-12-2017,80,61,141
28-12-2017,70,50,120
29-12-2017,85,51,136
30-12-2017,79,47,126
31-12-2017,91,58,149
01-01-2018,96,65,161
02-01-2018,81,61,142
03-01-2018,69,60,129
04-01-2018,95,61,156
05-01-2018,68,49,117
06-01-2018,88,52,140
07-01-2018,102,64,166
08-01-2018,106,69,175
09-01-2018,88,66,154
10-01-2018,105,63,168
11-01-2018,88,65,153
12-01-2018,82,53,135
13-01-2018,99,55,154
14-01-2018,75,65,140
15-01-2018,97,62,159
16-01-2018,104,58,162
17-01-2018,108,62,170
18-01-2018,99,70,169
19-01-2018,73,67,140
20-01-2018,101,52,153
21-01-2018,75,54,129
22-01-2018,95,62,157
23-01-2018,99,47,146
24-01-2018,83,49,132
25-01-2018,72,47,119
26-01-2018,85,55,140
27-01-2018,72,41,113
28-01-2018,74,50,124
29-01-2018,95,54,149
30-01-2018,97,53,150
31-01-2018,75,53,128
01-02-2018,82,70,152
02-02-2018,93,50,143
03-02-2018,68,56,124
04-02-2018,100,47,147
05-02-2018,79,45,124
06-02-2018,94,63,157
07-02-2018,76,62,138
08-02-2018,79,57,136
09-02-2018,80,48,128
10-02-2018,72,52,124
11-02-2018,84,56,140
12-02-2018,69,58,127
13-02-2018,77,51,128
14-02-2018,82,44,126
15-02-2018,80,44,124
16-02-2018,75,52,127
17-02-2018,51,60,111
18-02-2018,71,49,120
19-02-2018,77,38,115
20-02-2018,78,56,134
21-02-2018,76,49,125
22-02-2018,86,39,125
23-02-2018,74,50,124
24-02-2018,86,52,138
25-02-2018,65,57,122
26-02-2018,61,39,100
27-02-2018,78,48,126
28-02-2018,79,47,126
01-03-2018,56,42,98
02-03-2018,80,43,123
03-03-2018,80,41,121
04-03-2018,73,52,125
05-03-2018,51,47,98
06-03-2018,59,32,91
07-03-2018,73,28,101
08-03-2018,65,35,100
09-03-2018,64,34,98
10-03-2018,58,44,102
11-03-2018,65,46,111
12-03-2018,87,36,123
13-03-2018,83,47,130
14-03-2018,63,41,104
15-03-2018,66,42,108
16-03-2018,70,37,107
17-03-2018,62,45,107
18-03-2018,58,28,86
19-03-2018,68,36,104
20-03-2018,73,52,125
21-03-2018,60,37,97
22-03-2018,54,39,93
23-03-2018,58,36,94
24-03-2018,66,32,98
25-03-2018,46,49,95
26-03-2018,72,23,95
27-03-2018,63,43,106
28-03-2018,63,40,103
29-03-2018,53,48,101
30-03-2018,60,30,90
31-03-2018,59,42,101
01-04-2018,55,45,100
02-04-2018,63,36,99
03-04-2018,60,61,121
04-04-2018,49,39,88
05-04-2018,59,52,111
06-04-2018,45,40,85
07-04-2018,68,39,107
08-04-2018,49,42,91
09-04-2018,46,47,93
10-04-2018,46,40,86
11-04-2018,63,42,105
12-04-2018,53,38,91
13-04-2018,66,38,104
14-04-2018,44,46,90
15-04-2018,50,41,91
16-04-2018,58,36,94
17-04-2018,58,30,88
18-04-2018,45,29,74
19-04-2018,69,31,100
20-04-2018,62,45,107
21-04-2018,50,30,80
22-04-2018,50,42,92
23-04-2018,58,35,93
24-04-2018,60,45,105
25-04-2018,59,43,102
26-04-2018,62,41,103
27-04-2018,56,36,92
28-04-2018,54,41,95
29-04-2018,63,36,99
30-04-2018,77,39,116
01-05-2018,60,45,105
02-05-2018,65,51,116
03-05-2018,51,36,87
04-05-2018,65,33,98
05-05-2018,63,32,95
06-05-2018,53,26,79
07-05-2018,61,29,90
08-05-2018,53,35,88
09-05-2018,56,37,93
10-05-2018,51,43,94
11-05-2018,66,36,102
12-05-2018,52,33,85
13-05-2018,52,40,92
14-05-2018,60,33,93
15-05-2018,66,33,99
16-05-2018,54,27,81
17-05-2018,57,33,90
18-05-2018,60,31,91
19-05-2018,55,30,85
20-05-2018,64,29,93
21-05-2018,65,35,100
22-05-2018,50,27,77
23-05-2018,62,39,101
24-05-2018,69,41,110
25-05-2018,51,32,83
26-05-2018,54,39,93
27-05-2018,60,47,107
28-05-2018,60,36,96
29-05-2018,61,39,100
30-05-2018,52,44,96
31-05-2018,56,40,96
01-06-2018,52,40,92
02-06-2018,52,39,91
03-06-2018,56,41,97
04-06-2018,54,23,77
05-06-2018,52,44,96
06-06-2018,69,33,102
07-06-2018,62,40,102
08-06-2018,66,54,120
09-06-2018,65,46,111
10-06-2018,49,29,78
11-06-2018,56,37,93
12-06-2018,58,28,86
13-06-2018,72,36,108
14-06-2018,60,44,104
15-06-2018,65,50,115
16-06-2018,73,26,99
17-06-2018,48,41,89
18-06-2018,44,34,78
19-06-2018,59,41,100
20-06-2018,45,37,82
21-06-2018,50,38,88
22-06-2018,56,35,91
23-06-2018,69,36,105
24-06-2018,57,55,112
25-06-2018,74,39,113
26-06-2018,73,48,121
27-06-2018,54,37,91
28-06-2018,54,30,84
29-06-2018,65,32,97
30-06-2018,45,40,85
01-07-2018,50,28,78
02-07-2018,56,36,92
03-07-2018,49,32,81
04-07-2018,48,37,85
05-07-2018,45,38,83
06-07-2018,54,35,89
07-07-2018,51,29,80
08-07-2018,44,31,75
09-07-2018,63,36,99
10-07-2018,59,27,86
11-07-2018,47,26,73
12-07-2018,63,36,99
13-07-2018,43,36,79
14-07-2018,49,29,78
15-07-2018,66,26,92
16-07-2018,56,36,92
17-07-2018,55,42,97
18-07-2018,49,25,74
19-07-2018,40,38,78
20-07-2018,47,24,71
21-07-2018,55,39,94
22-07-2018,45,21,66
23-07-2018,56,22,78
24-07-2018,58,33,91
25-07-2018,59,33,92
26-07-2018,45,34,79
27-07-2018,36,32,68
28-07-2018,51,40,91
29-07-2018,61,36,97
30-07-2018,42,41,83
31-07-2018,56,35,91
01-08-2018,63,41,104
02-08-2018,76,37,113
03-08-2018,59,34,93
04-08-2018,59,31,90
05-08-2018,56,29,85
06-08-2018,52,44,96
07-08-2018,75,38,113
08-08-2018,61,41,102
09-08-2018,63,47,110
10-08-2018,61,46,107
11-08-2018,57,30,87
12-08-2018,46,33,79
13-08-2018,49,37,86
14-08-2018,69,34,103
15-08-2018,56,33,89
16-08-2018,60,32,92
17-08-2018,53,39,92
18-08-2018,71,33,104
19-08-2018,56,31,87
20-08-2018,60,32,92
21-08-2018,62,39,101
22-08-2018,66,35,101
23-08-2018,61,39,100
24-08-2018,54,33,87
25-08-2018,46,34,80
26-08-2018,58,40,98
27-08-2018,71,29,100
28-08-2018,76,40,116
29-08-2018,55,32,87
30-08-2018,70,37,107
31-08-2018,67,41,108
01-09-2018,77,33,110
02-09-2018,66,37,103
03-09-2018,67,39,106
04-09-2018,60,25,85
05-09-2018,60,36,96
06-09-2018,77,53,130
07-09-2018,57,33,90
08-09-2018,73,41,114
09-09-2018,75,44,119
10-09-2018,81,49,130
11-09-2018,85,35,120
12-09-2018,80,39,119
13-09-2018,60,52,112
14-09-2018,74,53,127
15-09-2018,70,51,121
16-09-2018,60,37,97
17-09-2018,81,43,124
18-09-2018,70,47,117
19-09-2018,77,48,125
20-09-2018,90,56,146
21-09-2018,77,43,120
22-09-2018,47,32,79
23-09-2018,59,50,109
24-09-2018,76,42,118
25-09-2018,61,48,109
26-09-2018,65,40,105
27-09-2018,79,37,116
28-09-2018,68,44,112
29-09-2018,75,47,122
30-09-2018,72,45,117
01-10-2018,58,61,119
02-10-2018,66,50,116
03-10-2018,64,46,110
04-10-2018,76,53,129
05-10-2018,68,36,104
06-10-2018,73,31,104
07-10-2018,65,44,109
08-10-2018,85,42,127
09-10-2018,78,44,122
10-10-2018,72,33,105
11-10-2018,59,36,95
12-10-2018,71,31,102
13-10-2018,63,30,93
14-10-2018,61,36,97
15-10-2018,62,51,113
16-10-2018,62,31,93
17-10-2018,45,46,91
18-10-2018,70,41,111
19-10-2018,63,29,92
20-10-2018,65,32,97
21-10-2018,52,34,86
22-10-2018,74,45,119
23-10-2018,64,45,109
24-10-2018,79,46,125
25-10-2018,77,29,106
26-10-2018,68,41,109
27-10-2018,48,36,84
28-10-2018,70,42,112
29-10-2018,60,38,98
30-10-2018,81,46,127
31-10-2018,67,47,114
01-11-2018,65,49,114
02-11-2018,74,43,117
03-11-2018,55,37,92
04-11-2018,71,43,114
05-11-2018,80,51,131
06-11-2018,61,48,109
07-11-2018,67,50,117
08-11-2018,90,46,136
09-11-2018,97,49,146
10-11-2018,97,56,153
11-11-2018,83,40,123
12-11-2018,90,59,149
13-11-2018,73,50,123
14-11-2018,64,32,96
15-11-2018,87,43,130
16-11-2018,70,50,120
17-11-2018,61,35,96
18-11-2018,68,40,108
19-11-2018,62,55,117
20-11-2018,75,45,120
21-11-2018,66,37,103
22-11-2018,80,38,118
23-11-2018,77,48,125
24-11-2018,82,49,131
25-11-2018,54,31,85
26-11-2018,67,33,100
27-11-2018,58,52,110
28-11-2018,88,40,128
29-11-2018,57,42,99
30-11-2018,80,45,125
01-12-2018,55,42,97
02-12-2018,63,51,114
03-12-2018,67,39,106
04-12-2018,72,45,117
05-12-2018,78,38,116
06-12-2018,63,35,98
07-12-2018,65,48,113
08-12-2018,78,31,109
09-12-2018,65,30,95
10-12-2018,80,50,130
11-12-2018,84,53,137
12-12-2018,69,35,104
13-12-2018,59,40,99
14-12-2018,78,54,132
15-12-2018,71,37,108
16-12-2018,63,38,101
17-12-2018,68,49,117
18-12-2018,87,52,139
19-12-2018,75,44,119
20-12-2018,82,42,124
21-12-2018,80,59,139
22-12-2018,64,57,121
23-12-2018,68,54,122
24-12-2018,92,58,150
25-12-2018,67,63,130
26-12-2018,88,50,138
27-12-2018,76,73,149
28-12-2018,96,53,149
29-12-2018,70,54,124
30-12-2018,122,47,169
31-12-2018,91,46,137
01-01-2019,117,59,176
02-01-2019,88,67,155
03-01-2019,93,56,149
04-01-2019,78,45,123
05-01-2019,86,47,133
06-01-2019,75,60,135
07-01-2019,93,53,146
08-01-2019,89,56,145
09-01-2019,81,48,129
10-01-2019,93,62,155
11-01-2019,72,55,127
12-01-2019,100,59,159
13-01-2019,81,58,139
14-01-2019,90,55,145
15-01-2019,86,69,155
16-01-2019,83,51,134
17-01-2019,97,67,164
18-01-2019,86,68,154
19-01-2019,96,59,155
20-01-2019,105,65,170
21-01-2019,97,59,156
22-01-2019,86,53,139
23-01-2019,87,57,144
24-01-2019,92,56,148
25-01-2019,71,67,138
26-01-2019,71,49,120
27-01-2019,77,48,125
28-01-2019,87,62,149
29-01-2019,79,59,138
30-01-2019,76,59,135
31-01-2019,85,56,141
01-02-2019,70,67,137
02-02-2019,85,72,157
03-02-2019,63,55,118
04-02-2019,79,54,133
05-02-2019,102,79,181
06-02-2019,79,48,127
07-02-2019,76,55,131
08-02-2019,82,58,140
09-02-2019,62,52,114
10-02-2019,84,53,137
11-02-2019,91,64,155
12-02-2019,78,61,139
13-02-2019,83,47,130
14-02-2019,85,58,143
15-02-2019,84,37,121
16-02-2019,78,50,128
17-02-2019,78,56,134
18-02-2019,77,33,110
19-02-2019,68,64,132
20-02-2019,68,63,131
21-02-2019,79,56,135
22-02-2019,84,68,152
23-02-2019,67,46,113
24-02-2019,71,49,120
25-02-2019,62,51,113
26-02-2019,75,29,104
27-02-2019,66,36,102
28-02-2019,63,41,104
01-03-2019,83,51,134
02-03-2019,72,42,114
03-03-2019,72,48,120
04-03-2019,72,46,118
05-03-2019,73,44,117
06-03-2019,76,42,118
07-03-2019,82,34,116
08-03-2019,77,51,128
09-03-2019,78,44,122
10-03-2019,64,43,107
11-03-2019,68,48,116
12-03-2019,60,51,111
13-03-2019,56,34,90
14-03-2019,59,48,107
15-03-2019,64,42,106
16-03-2019,64,32,96
17-03-2019,69,42,111
18-03-2019,68,42,110
19-03-2019,68,40,108
20-03-2019,70,42,112
21-03-2019,69,30,99
22-03-2019,62,46,108
23-03-2019,83,44,127
24-03-2019,52,48,100
25-03-2019,59,29,88
26-03-2019,76,39,115
27-03-2019,60,35,95
28-03-2019,56,34,90
29-03-2019,61,38,99
30-03-2019,65,45,110
31-03-2019,57,47,104
01-04-2019,67,35,102
02-04-2019,62,34,96
03-04-2019,49,37,86
04-04-2019,69,46,115
05-04-2019,69,33,102
06-04-2019,86,34,120
07-04-2019,60,40,100
08-04-2019,62,31,93
09-04-2019,55,39,94
10-04-2019,80,43,123
11-04-2019,54,38,92
12-04-2019,44,34,78
13-04-2019,45,32,77
14-04-2019,45,34,79
15-04-2019,52,33,85
16-04-2019,55,33,88
17-04-2019,69,30,99
18-04-2019,52,37,89
19-04-2019,54,36,90
20-04-2019,61,33,94
21-04-2019,45,33,78
22-04-2019,63,35,98
23-04-2019,80,41,121
24-04-2019,49,36,85
25-04-2019,64,37,101
26-04-2019,55,32,87
27-04-2019,61,34,95
28-04-2019,48,31,79
29-04-2019,67,38,105
30-04-2019,62,37,99
01-05-2019,73,43,116
02-05-2019,51,57,108
03-05-2019,54,30,84
04-05-2019,50,33,83
05-05-2019,58,29,87
06-05-2019,69,41,110
07-05-2019,53,31,84
08-05-2019,44,48,92
09-05-2019,49,32,81
10-05-2019,69,44,113
11-05-2019,47,41,88
12-05-2019,64,35,99
13-05-2019,57,36,93
14-05-2019,50,45,95
15-05-2019,46,42,88
16-05-2019,53,29,82
17-05-2019,49,32,81
18-05-2019,41,28,69
19-05-2019,47,33,80
20-05-2019,65,34,99
21-05-2019,75,45,120
22-05-2019,45,38,83
23-05-2019,58,40,98
24-05-2019,45,38,83
25-05-2019,57,33,90
26-05-2019,44,32,76
27-05-2019,57,44,101
28-05-2019,58,32,90
29-05-2019,64,30,94
30-05-2019,54,34,88
31-05-2019,60,49,109
01-06-2019,67,44,111
02-06-2019,62,45,107
03-06-2019,67,51,118
04-06-2019,62,39,101
05-06-2019,63,43,106
06-06-2019,68,55,123
07-06-2019,60,37,97
08-06-2019,66,43,109
09-06-2019,63,33,96
10-06-2019,72,48,120
11-06-2019,77,62,139
12-06-2019,92,51,143
13-06-2019,67,40,107
14-06-2019,49,36,85
15-06-2019,65,35,100
16-06-2019,74,47,121
17-06-2019,60,30,90
18-06-2019,68,36,104
19-06-2019,52,34,86
20-06-2019,47,35,82
21-06-2019,60,37,97
22-06-2019,55,38,93
23-06-2019,45,34,79
24-06-2019,61,42,103
25-06-2019,60,30,90
26-06-2019,70,35,105
27-06-2019,61,21,82
28-06-2019,66,39,105
29-06-2019,61,41,102
30-06-2019,58,49,107
01-07-2019,69,49,118
02-07-2019,62,42,104
03-07-2019,69,44,113
04-07-2019,72,45,117
05-07-2019,63,35,98
06-07-2019,62,27,89
07-07-2019,47,32,79
08-07-2019,50,41,91
09-07-2019,50,27,77
10-07-2019,64,39,103
11-07-2019,58,33,91
12-07-2019,55,49,104
13-07-2019,57,35,92
14-07-2019,51,45,96
15-07-2019,53,37,90
16-07-2019,59,33,92
17-07-2019,57,28,85
18-07-2019,53,32,85
19-07-2019,64,27,91
20-07-2019,57,28,85
21-07-2019,59,39,98
22-07-2019,62,28,90
23-07-2019,58,28,86
24-07-2019,61,30,91
25-07-2019,53,37,90
26-07-2019,44,30,74
27-07-2019,71,28,99
28-07-2019,57,36,93
29-07-2019,58,37,95
30-07-2019,62,36,98
31-07-2019,63,46,109
01-08-2019,62,31,93
02-08-2019,64,39,103
03-08-2019,62,38,100
04-08-2019,63,34,97
05-08-2019,53,36,89
06-08-2019,54,29,83
07-08-2019,53,35,88
08-08-2019,57,31,88
09-08-2019,52,27,79
10-08-2019,53,39,92
11-08-2019,55,23,78
12-08-2019,66,33,99
13-08-2019,54,49,103
14-08-2019,72,44,116
15-08-2019,60,36,96
16-08-2019,78,37,115
17-08-2019,60,34,94
18-08-2019,63,39,102
19-08-2019,71,45,116
20-08-2019,68,40,108
21-08-2019,71,49,120
22-08-2019,86,39,125
23-08-2019,79,45,124
24-08-2019,67,41,108
25-08-2019,53,43,96
26-08-2019,58,37,95
27-08-2019,70,40,110
28-08-2019,78,42,120
29-08-2019,65,46,111
30-08-2019,63,33,96
31-08-2019,87,44,131
01-09-2019,55,46,101
02-09-2019,66,37,103
03-09-2019,79,30,109
04-09-2019,74,47,121
05-09-2019,69,47,116
06-09-2019,63,38,101
07-09-2019,66,37,103
08-09-2019,73,33,106
09-09-2019,58,35,93
10-09-2019,68,39,107
11-09-2019,58,39,97
12-09-2019,70,35,105
13-09-2019,68,44,112
14-09-2019,62,39,101
15-09-2019,51,34,85
16-09-2019,60,50,110
17-09-2019,59,39,98
18-09-2019,44,51,95
19-09-2019,54,43,97
20-09-2019,56,43,99
21-09-2019,72,42,114
22-09-2019,68,37,105
23-09-2019,61,39,100
24-09-2019,74,42,116
25-09-2019,58,30,88
26-09-2019,59,34,93
27-09-2019,63,30,93
28-09-2019,56,37,93
29-09-2019,63,35,98
30-09-2019,55,34,89
01-10-2019,67,43,110
02-10-2019,56,39,95
03-10-2019,67,30,97
04-10-2019,54,46,100
05-10-2019,53,24,77
06-10-2019,53,34,87
07-10-2019,65,28,93
08-10-2019,76,25,101
09-10-2019,60,37,97
10-10-2019,62,29,91
11-10-2019,57,36,93
12-10-2019,73,39,112
13-10-2019,63,35,98
14-10-2019,63,26,89
15-10-2019,67,36,103
16-10-2019,57,43,100
17-10-2019,79,35,114
18-10-2019,74,38,112
19-10-2019,51,34,85
20-10-2019,70,44,114
21-10-2019,54,37,91
22-10-2019,75,50,125
23-10-2019,67,41,108
24-10-2019,57,43,100
25-10-2019,62,31,93
26-10-2019,67,40,107
27-10-2019,65,42,107
28-10-2019,58,52,110
29-10-2019,79,43,122
30-10-2019,56,44,100
31-10-2019,59,39,98
01-11-2019,82,58,140
02-11-2019,63,35,98
03-11-2019,56,48,104
04-11-2019,77,41,118
05-11-2019,63,49,112
06-11-2019,71,41,112
07-11-2019,58,48,106
08-11-2019,74,44,118
09-11-2019,66,46,112
10-11-2019,65,40,105
11-11-2019,67,46,113
12-11-2019,74,41,115
13-11-2019,74,49,123
14-11-2019,71,50,121
15-11-2019,59,42,101
16-11-2019,80,46,126
17-11-2019,60,41,101
18-11-2019,84,48,132
19-11-2019,59,43,102
20-11-2019,75,39,114
21-11-2019,63,52,115
22-11-2019,65,34,99
23-11-2019,65,39,104
24-11-2019,54,41,95
25-11-2019,63,48,111
26-11-2019,66,39,105
27-11-2019,80,42,122
28-11-2019,49,47,96
29-11-2019,72,36,108
30-11-2019,71,42,113
01-12-2019,85,43,128
02-12-2019,79,43,122
03-12-2019,69,49,118
04-12-2019,73,54,127
05-12-2019,82,49,131
06-12-2019,81,38,119
07-12-2019,77,46,123
08-12-2019,85,41,126
09-12-2019,80,45,125
10-12-2019,79,45,124
11-12-2019,92,37,129
12-12-2019,64,42,106
13-12-2019,74,57,131
14-12-2019,72,49,121
15-12-2019,89,34,123
16-12-2019,89,51,140
17-12-2019,63,45,108
18-12-2019,73,58,131
19-12-2019,73,57,130
20-12-2019,89,45,134
21-12-2019,80,61,141
22-12-2019,81,47,128
23-12-2019,86,54,140
24-12-2019,75,48,123
25-12-2019,68,63,131
26-12-2019,83,64,147
27-12-2019,82,57,139
28-12-2019,99,63,162
29-12-2019,87,54,141
30-12-2019,90,69,159
31-12-2019,89,47,136
01-01-2020,101,60,161
02-01-2020,105,65,170
03-01-2020,106,63,169
04-01-2020,101,51,152
05-01-2020,72,54,126
06-01-2020,74,53,127
07-01-2020,70,62,132
08-01-2020,81,43,124
09-01-2020,71,44,115
10-01-2020,98,52,150
11-01-2020,87,66,153
12-01-2020,62,53,115
13-01-2020,78,65,143
14-01-2020,111,54,165
15-01-2020,91,62,153
16-01-2020,64,57,121
17-01-2020,89,53,142
18-01-2020,70,55,125
19-01-2020,68,54,122
20-01-2020,87,60,147
21-01-2020,74,58,132
22-01-2020,74,52,126
23-01-2020,70,57,127
24-01-2020,68,64,132
25-01-2020,87,50,137
26-01-2020,69,56,125
27-01-2020,98,48,146
28-01-2020,81,54,135
29-01-2020,77,59,136
30-01-2020,94,56,150
31-01-2020,83,49,132
01-02-2020,85,55,140
02-02-2020,77,42,119
03-02-2020,71,61,132
04-02-2020,75,61,136
05-02-2020,87,51,138
06-02-2020,83,54,137
07-02-2020,83,60,143
08-02-2020,89,45,134
09-02-2020,76,51,127
10-02-2020,89,52,141
11-02-2020,105,47,152
12-02-2020,88,42,130
13-02-2020,81,42,123
14-02-2020,75,50,125
15-02-2020,88,64,152
16-02-2020,77,46,123
17-02-2020,82,53,135
18-02-2020,82,49,131
19-02-2020,74,56,130
20-02-2020,75,49,124
21-02-2020,77,56,133
22-02-2020,71,58,129
23-02-2020,78,45,123
24-02-2020,71,42,113
25-02-2020,81,42,123
26-02-2020,59,39,98
27-02-2020,62,48,110
28-02-2020,73,58,131
29-02-2020,70,60,130
01-03-2020,72,40,112
02-03-2020,65,51,116
03-03-2020,66,40,106
04-03-2020,60,36,96
05-03-2020,57,42,99
06-03-2020,67,37,104
07-03-2020,67,40,107
08-03-2020,71,42,113
09-03-2020,63,39,102
10-03-2020,64,46,110
11-03-2020,58,44,102
12-03-2020,73,37,110
13-03-2020,64,41,105
14-03-2020,74,39,113
15-03-2020,57,33,90
16-03-2020,66,37,103
17-03-2020,57,34,91
18-03-2020,70,44,114
19-03-2020,68,25,93
20-03-2020,55,51,106
21-03-2020,60,34,94
22-03-2020,63,41,104
23-03-2020,68,53,121
24-03-2020,59,34,93
25-03-2020,57,33,90
26-03-2020,50,27,77
27-03-2020,46,36,82
28-03-2020,42,31,73
29-03-2020,49,25,74
30-03-2020,43,24,67
31-03-2020,46,36,82
01-04-2020,50,36,86
02-04-2020,42,31,73
03-04-2020,50,24,74
04-04-2020,38,24,62
05-04-2020,61,36,97
06-04-2020,55,32,87
07-04-2020,60,35,95
08-04-2020,44,33,77
09-04-2020,38,43,81
10-04-2020,51,36,87
11-04-2020,49,34,83
12-04-2020,50,36,86
13-04-2020,45,41,86
14-04-2020,61,38,99
15-04-2020,64,38,102
16-04-2020,53,31,84
17-04-2020,47,31,78
18-04-2020,63,31,94
19-04-2020,58,29,87
20-04-2020,63,33,96
21-04-2020,52,30,82
22-04-2020,49,42,91
23-04-2020,63,33,96
24-04-2020,51,47,98
25-04-2020,33,37,70
26-04-2020,41,31,72
27-04-2020,48,31,79
28-04-2020,38,37,75
29-04-2020,50,32,82
30-04-2020,53,31,84
01-05-2020,40,34,74
02-05-2020,38,44,82
03-05-2020,57,46,103
04-05-2020,55,40,95
05-05-2020,62,45,107
06-05-2020,55,38,93
07-05-2020,56,33,89
08-05-2020,53,33,86
09-05-2020,46,35,81
10-05-2020,67,26,93
11-05-2020,57,44,101
12-05-2020,58,42,100
13-05-2020,50,38,88
14-05-2020,52,47,99
15-05-2020,53,42,95
16-05-2020,47,31,78
17-05-2020,48,28,76
18-05-2020,64,40,104
19-05-2020,65,35,100
20-05-2020,66,37,103
21-05-2020,92,36,128
22-05-2020,66,49,115
23-05-2020,68,48,116
24-05-2020,77,55,132
25-05-2020,93,54,147
26-05-2020,79,64,143
27-05-2020,87,64,151
28-05-2020,68,56,124
29-05-2020,60,44,104
30-05-2020,77,43,120
31-05-2020,68,43,111
01-06-2020,75,47,122
02-06-2020,90,76,166
03-06-2020,79,51,130
04-06-2020,84,48,132
05-06-2020,83,53,136
06-06-2020,114,54,168
07-06-2020,100,64,164
08-06-2020,121,71,192
09-06-2020,120,64,184
10-06-2020,104,70,174
11-06-2020,106,64,170
12-06-2020,91,57,148
13-06-2020,96,54,150
14-06-2020,109,58,167
15-06-2020,115,71,186
16-06-2020,91,76,167
17-06-2020,105,74,179
18-06-2020,109,47,156
19-06-2020,103,66,169
20-06-2020,98,54,152
21-06-2020,83,54,137
22-06-2020,90,54,144
23-06-2020,79,40,119
24-06-2020,72,38,110
25-06-2020,73,49,122
26-06-2020,73,44,117
27-06-2020,73,45,118
28-06-2020,82,47,129
29-06-2020,71,59,130
30-06-2020,75,53,128
01-07-2020,80,43,123
02-07-2020,80,47,127
03-07-2020,68,42,110
04-07-2020,76,50,126
05-07-2020,75,44,119
06-07-2020,75,31,106
07-07-2020,51,36,87
08-07-2020,65,37,102
09-07-2020,52,45,97
10-07-2020,68,44,112
11-07-2020,58,44,102
12-07-2020,52,37,89
13-07-2020,65,37,102
14-07-2020,62,48,110
15-07-2020,52,32,84
16-07-2020,56,41,97
17-07-2020,52,30,82
18-07-2020,48,33,81
19-07-2020,50,34,84
20-07-2020,54,35,89
21-07-2020,56,36,92
22-07-2020,43,30,73
23-07-2020,64,30,94
24-07-2020,65,39,104
25-07-2020,56,39,95
26-07-2020,62,36,98
27-07-2020,60,48,108
28-07-2020,58,39,97
29-07-2020,50,28,78
30-07-2020,47,38,85
31-07-2020,49,31,80
01-08-2020,53,36,89
02-08-2020,48,40,88
03-08-2020,53,34,87
04-08-2020,56,31,87
05-08-2020,62,23,85
06-08-2020,54,37,91
07-08-2020,52,26,78
08-08-2020,57,30,87
09-08-2020,62,38,100
10-08-2020,40,33,73
11-08-2020,48,32,80
12-08-2020,48,39,87
13-08-2020,62,36,98
14-08-2020,46,25,71
15-08-2020,48,33,81
16-08-2020,64,39,103
17-08-2020,61,45,106
18-08-2020,47,37,84
19-08-2020,52,26,78
20-08-2020,60,31,91
21-08-2020,70,34,104
22-08-2020,61,36,97
23-08-2020,58,31,89
24-08-2020,59,29,88
25-08-2020,59,32,91
26-08-2020,59,65,124
27-08-2020,48,33,81
28-08-2020,57,37,94
29-08-2020,53,44,97
30-08-2020,55,47,102
31-08-2020,51,46,97
01-09-2020,62,32,94
02-09-2020,53,24,77
03-09-2020,54,32,86
04-09-2020,62,27,89
05-09-2020,64,36,100
06-09-2020,69,47,116
07-09-2020,73,36,109
08-09-2020,58,39,97
09-09-2020,59,49,108
10-09-2020,51,46,97
11-09-2020,64,29,93
12-09-2020,62,48,110
13-09-2020,73,43,116
14-09-2020,69,48,117
15-09-2020,58,44,102
16-09-2020,59,36,95
17-09-2020,65,35,100
18-09-2020,80,44,124
19-09-2020,67,39,106
20-09-2020,81,37,118
21-09-2020,67,51,118
22-09-2020,68,37,105
23-09-2020,68,29,97
24-09-2020,71,36,107
25-09-2020,58,40,98
26-09-2020,63,31,94
27-09-2020,48,40,88
28-09-2020,53,39,92
29-09-2020,51,37,88
30-09-2020,56,34,90
01-10-2020,56,27,83
02-10-2020,62,18,80
03-10-2020,48,29,77
04-10-2020,46,30,76
05-10-2020,56,29,85
06-10-2020,44,26,70
07-10-2020,60,27,87
08-10-2020,37,29,66
09-10-2020,46,24,70
10-10-2020,48,23,71
11-10-2020,34,25,59
12-10-2020,33,17,50
13-10-2020,37,21,58
14-10-2020,24,24,48
15-10-2020,21,13,34
16-10-2020,15,10,25
17-10-2020,8,6,14
18-10-2020,6,5,11
19-10-2020,2,1,3
20-10-2020,2,0,2
21-10-2020,0,1,1
22-10-2020,0,0,0
23-10-2020,1,0,1
24-10-2020,1,1,2
25-10-2020,0,1,1
26-10-2020,1,0,1
27-10-2020,2,0,2
28-10-2020,0,0,0
29-10-2020,1,0,1
30-10-2020,0,0,0
31-10-2020,2,0,2
01-11-2020,1,1,2
02-11-2020,0,0,0
03-11-2020,1,0,1
04-11-2020,1,0,1
05-11-2020,0,1,1
06-11-2020,0,0,0
07-11-2020,0,0,0
08-11-2020,0,0,0
09-11-2020,0,0,0
10-11-2020,0,0,0
11-11-2020,1,0,1
12-11-2020,0,0,0
13-11-2020,0,0,0
14-11-2020,0,0,0
15-11-2020,0,0,0
16-11-2020,0,0,0
17-11-2020,0,0,0
18-11-2020,0,0,0
19-11-2020,0,0,0
20-11-2020,0,0,0
21-11-2020,0,0,0
22-11-2020,0,0,0
23-11-2020,0,0,0
24-11-2020,0,0,0
25-11-2020,0,0,0
26-11-2020,0,0,0
27-11-2020,0,0,0
28-11-2020,0,0,0
29-11-2020,0,0,0
30-11-2020,0,0,0
01-12-2020,0,0,0
02-12-2020,0,0,0
03-12-2020,0,0,0
04-12-2020,0,0,0
05-12-2020,0,0,0
06-12-2020,0,0,0
07-12-2020,0,0,0
08-12-2020,0,0,0
09-12-2020,0,0,0
10-12-2020,0,0,0
11-12-2020,0,0,0
12-12-2020,0,0,0
13-12-2020,0,0,0
14-12-2020,0,0,0
15-12-2020,0,0,0
16-12-2020,0,0,0
17-12-2020,0,0,0
18-12-2020,0,0,0
19-12-2020,0,0,0
20-12-2020,0,0,0
21-12-2020,0,0,0
22-12-2020,0,0,0
23-12-2020,0,0,0
24-12-2020,0,0,0
25-12-2020,0,0,0
26-12-2020,0,0,0
27-12-2020,0,0,0
28-12-2020,0,0,0
29-12-2020,0,0,0
30-12-2020,0,0,0
31-12-2020,0,0,0
